207.00,220.00,207.00,117.00,236.00,117.00,236.00,220.00
205.00,218.00,205.00,115.00,234.00,115.00,234.00,218.00
204.00,217.00,204.00,114.00,233.00,114.00,233.00,217.00
203.00,216.00,203.00,113.00,232.00,113.00,232.00,216.00
202.00,215.00,202.00,112.00,231.00,112.00,231.00,215.00
201.00,214.00,201.00,111.00,230.00,111.00,230.00,214.00
200.00,213.00,200.00,110.00,229.00,110.00,229.00,213.00
201.00,212.00,201.00,109.00,230.00,109.00,230.00,212.00
203.00,212.00,203.00,109.00,232.00,109.00,232.00,212.00
204.00,211.00,204.00,108.00,233.00,108.00,233.00,211.00
206.00,211.00,206.00,108.00,235.00,108.00,235.00,211.00
208.00,211.00,208.00,108.00,237.00,108.00,237.00,211.00
209.00,210.00,209.00,107.00,238.00,107.00,238.00,210.00
211.00,210.00,211.00,107.00,240.00,107.00,240.00,210.00
213.00,210.00,213.00,107.00,242.00,107.00,242.00,210.00
212.00,210.00,212.00,107.00,241.00,107.00,241.00,210.00
211.00,210.00,211.00,107.00,240.00,107.00,240.00,210.00
210.00,210.00,210.00,107.00,239.00,107.00,239.00,210.00
210.00,209.00,210.00,106.00,239.00,106.00,239.00,209.00
210.00,208.00,210.00,105.00,239.00,105.00,239.00,208.00
210.00,207.00,210.00,104.00,239.00,104.00,239.00,207.00
210.00,206.00,210.00,103.00,239.00,103.00,239.00,206.00
210.00,206.00,210.00,103.00,239.00,103.00,239.00,206.00
210.00,205.00,210.00,102.00,239.00,102.00,239.00,205.00
210.00,204.00,210.00,101.00,239.00,101.00,239.00,204.00
210.00,203.00,210.00,100.00,239.00,100.00,239.00,203.00
211.00,203.00,211.00,100.00,240.00,100.00,240.00,203.00
211.00,202.00,211.00,99.00,240.00,99.00,240.00,202.00
212.00,202.00,212.00,99.00,241.00,99.00,241.00,202.00
212.00,201.00,212.00,98.00,241.00,98.00,241.00,201.00
213.00,201.00,213.00,98.00,242.00,98.00,242.00,201.00
214.00,200.00,214.00,97.00,243.00,97.00,243.00,200.00
214.00,200.00,214.00,97.00,243.00,97.00,243.00,200.00
215.00,199.00,215.00,96.00,244.00,96.00,244.00,199.00
215.00,199.00,215.00,96.00,244.00,96.00,244.00,199.00
216.00,198.00,216.00,95.00,245.00,95.00,245.00,198.00
217.00,198.00,217.00,95.00,246.00,95.00,246.00,198.00
217.00,197.00,217.00,94.00,246.00,94.00,246.00,197.00
218.00,197.00,218.00,94.00,247.00,94.00,247.00,197.00
219.00,197.00,219.00,94.00,248.00,94.00,248.00,197.00
218.00,199.00,218.00,96.00,247.00,96.00,247.00,199.00
218.00,201.00,218.00,98.00,247.00,98.00,247.00,201.00
218.00,203.00,218.00,100.00,247.00,100.00,247.00,203.00
218.00,205.00,218.00,102.00,247.00,102.00,247.00,205.00
218.00,207.00,218.00,104.00,247.00,104.00,247.00,207.00
218.00,208.00,218.00,105.00,247.00,105.00,247.00,208.00
218.00,210.00,218.00,107.00,247.00,107.00,247.00,210.00
218.00,212.00,218.00,109.00,247.00,109.00,247.00,212.00
215.00,211.00,215.00,108.00,244.00,108.00,244.00,211.00
213.00,210.00,213.00,107.00,242.00,107.00,242.00,210.00
211.00,210.00,211.00,107.00,240.00,107.00,240.00,210.00
207.00,208.00,207.00,105.00,236.00,105.00,236.00,208.00
204.00,207.00,204.00,104.00,233.00,104.00,233.00,207.00
201.00,205.00,201.00,102.00,230.00,102.00,230.00,205.00
198.00,204.00,198.00,101.00,227.00,101.00,227.00,204.00
195.00,203.00,195.00,100.00,224.00,100.00,224.00,203.00
195.00,204.00,195.00,101.00,224.00,101.00,224.00,204.00
195.00,206.00,195.00,103.00,224.00,103.00,224.00,206.00
196.00,207.00,196.00,104.00,225.00,104.00,225.00,207.00
196.00,209.00,196.00,106.00,225.00,106.00,225.00,209.00
196.00,210.00,196.00,107.00,225.00,107.00,225.00,210.00
197.00,212.00,197.00,109.00,226.00,109.00,226.00,212.00
197.00,211.00,197.00,108.00,226.00,108.00,226.00,211.00
197.00,210.00,197.00,107.00,226.00,107.00,226.00,210.00
197.00,209.00,197.00,107.00,226.00,107.00,226.00,209.00
197.00,208.00,197.00,106.00,226.00,106.00,226.00,208.00
197.00,208.00,197.00,106.00,226.00,106.00,226.00,208.00
199.00,206.00,199.00,105.00,228.00,105.00,228.00,206.00
202.00,205.00,202.00,104.00,231.00,104.00,231.00,205.00
204.00,203.00,204.00,103.00,233.00,103.00,233.00,203.00
210.00,202.33,210.00,102.67,239.00,102.67,239.00,202.33
216.00,201.67,216.00,102.33,245.00,102.33,245.00,201.67
222.00,201.00,222.00,102.00,251.00,102.00,251.00,201.00
220.00,198.50,220.00,100.50,249.00,100.50,249.00,198.50
218.00,196.00,218.00,99.00,247.00,99.00,247.00,196.00
212.00,195.00,212.00,98.00,241.00,98.00,241.00,195.00
207.00,195.00,207.00,98.00,236.00,98.00,236.00,195.00
201.00,194.00,201.00,97.00,230.00,97.00,230.00,194.00
196.00,194.00,196.00,97.00,225.00,97.00,225.00,194.00
196.00,190.00,196.00,93.00,225.00,93.00,225.00,190.00
197.00,187.00,197.00,89.00,226.00,89.00,226.00,187.00
197.00,184.00,197.00,86.00,226.00,86.00,226.00,184.00
198.00,180.00,198.00,82.00,227.00,82.00,227.00,180.00
198.00,177.00,198.00,78.00,227.00,78.00,227.00,177.00
199.00,174.00,199.00,75.00,228.00,75.00,228.00,174.00
200.00,173.00,200.00,75.00,229.00,75.00,229.00,173.00
201.00,172.00,201.00,75.00,230.00,75.00,230.00,172.00
203.00,172.00,203.00,75.00,232.00,75.00,232.00,172.00
202.00,176.00,202.00,79.00,231.00,79.00,231.00,176.00
202.00,180.00,202.00,84.00,231.00,84.00,231.00,180.00
201.00,184.00,201.00,88.00,230.00,88.00,230.00,184.00
201.00,188.00,201.00,93.00,230.00,93.00,230.00,188.00
202.00,190.00,202.00,96.00,231.00,96.00,231.00,190.00
203.00,193.00,203.00,99.00,232.00,99.00,232.00,193.00
204.00,196.00,204.00,102.00,233.00,102.00,233.00,196.00
205.00,199.00,205.00,105.00,234.00,105.00,234.00,199.00
207.00,202.00,207.00,109.00,236.00,109.00,236.00,202.00
206.00,206.00,206.00,113.00,235.00,113.00,235.00,206.00
205.00,210.00,205.00,117.00,234.00,117.00,234.00,210.00
204.00,214.00,204.00,121.00,233.00,121.00,233.00,214.00
203.00,218.00,203.00,125.00,232.00,125.00,232.00,218.00
202.00,218.00,202.00,125.00,231.00,125.00,231.00,218.00
202.00,218.00,202.00,125.00,231.00,125.00,231.00,218.00
202.00,219.00,202.00,126.00,231.00,126.00,231.00,219.00
202.00,219.00,202.00,126.00,231.00,126.00,231.00,219.00
201.00,219.00,201.00,126.00,230.00,126.00,230.00,219.00
201.00,220.00,201.00,127.00,230.00,127.00,230.00,220.00
201.00,220.00,201.00,127.00,230.00,127.00,230.00,220.00
201.00,221.00,201.00,128.00,230.00,128.00,230.00,221.00
201.00,219.00,201.00,126.00,230.00,126.00,230.00,219.00
201.00,218.00,201.00,125.00,230.00,125.00,230.00,218.00
201.00,217.00,201.00,124.00,230.00,124.00,230.00,217.00
202.00,216.00,202.00,123.00,231.00,123.00,231.00,216.00
202.00,215.00,202.00,122.00,231.00,122.00,231.00,215.00
202.00,214.00,202.00,121.00,231.00,121.00,231.00,214.00
202.00,212.00,202.00,119.00,231.00,119.00,231.00,212.00
203.00,211.00,203.00,118.00,232.00,118.00,232.00,211.00
203.00,210.00,203.00,117.00,232.00,117.00,232.00,210.00
203.00,209.00,203.00,116.00,232.00,116.00,232.00,209.00
203.00,208.00,203.00,115.00,232.00,115.00,232.00,208.00
204.00,207.00,204.00,114.00,233.00,114.00,233.00,207.00
205.00,208.00,205.00,115.00,234.00,115.00,234.00,208.00
207.00,209.00,207.00,116.00,236.00,116.00,236.00,209.00
208.00,210.00,208.00,117.00,237.00,117.00,237.00,210.00
210.00,211.00,210.00,118.00,239.00,118.00,239.00,211.00
211.00,212.00,211.00,119.00,240.00,119.00,240.00,212.00
213.00,213.00,213.00,120.00,242.00,120.00,242.00,213.00
215.00,214.00,215.00,121.00,244.00,121.00,244.00,214.00
216.00,215.00,216.00,122.00,245.00,122.00,245.00,215.00
218.00,216.00,218.00,123.00,247.00,123.00,247.00,216.00
219.00,217.00,219.00,124.00,248.00,124.00,248.00,217.00
221.00,218.00,221.00,125.00,250.00,125.00,250.00,218.00
223.00,219.00,223.00,126.00,252.00,126.00,252.00,219.00
223.00,218.00,223.00,125.00,252.00,125.00,252.00,218.00
224.00,218.00,224.00,125.00,253.00,125.00,253.00,218.00
225.00,218.00,225.00,125.00,254.00,125.00,254.00,218.00
226.00,218.00,226.00,125.00,255.00,125.00,255.00,218.00
227.00,218.00,227.00,125.00,256.00,125.00,256.00,218.00
228.00,218.00,228.00,125.00,257.00,125.00,257.00,218.00
229.00,218.00,229.00,125.00,258.00,125.00,258.00,218.00
230.00,218.00,230.00,125.00,259.00,125.00,259.00,218.00
229.00,216.00,229.00,123.00,258.00,123.00,258.00,216.00
229.00,215.00,229.00,122.00,258.00,122.00,258.00,215.00
229.00,214.00,229.00,121.00,258.00,121.00,258.00,214.00
229.00,213.00,229.00,120.00,258.00,120.00,258.00,213.00
229.00,212.00,229.00,119.00,258.00,119.00,258.00,212.00
229.00,211.00,229.00,118.00,258.00,118.00,258.00,211.00
229.00,210.00,229.00,117.00,258.00,117.00,258.00,210.00
229.00,209.00,229.00,116.00,258.00,116.00,258.00,209.00
229.00,208.00,229.00,115.00,258.00,115.00,258.00,208.00
229.00,207.00,229.00,114.00,258.00,114.00,258.00,207.00
229.00,206.00,229.00,113.00,258.00,113.00,258.00,206.00
229.00,205.00,229.00,112.00,258.00,112.00,258.00,205.00
229.00,204.00,229.00,111.00,258.00,111.00,258.00,204.00
229.00,203.00,229.00,110.00,258.00,110.00,258.00,203.00
229.00,202.00,229.00,109.00,258.00,109.00,258.00,202.00
229.00,202.00,229.00,109.00,258.00,109.00,258.00,202.00
229.00,202.00,229.00,109.00,258.00,109.00,258.00,202.00
229.00,201.00,229.00,108.00,258.00,108.00,258.00,201.00
229.00,201.00,229.00,108.00,258.00,108.00,258.00,201.00
229.00,201.00,229.00,108.00,258.00,108.00,258.00,201.00
229.00,200.00,229.00,107.00,258.00,107.00,258.00,200.00
229.00,200.00,229.00,107.00,258.00,107.00,258.00,200.00
230.00,200.00,230.00,107.00,259.00,107.00,259.00,200.00
230.00,200.00,230.00,107.00,259.00,107.00,259.00,200.00
230.00,199.00,230.00,106.00,259.00,106.00,259.00,199.00
230.00,199.00,230.00,106.00,259.00,106.00,259.00,199.00
230.00,199.00,230.00,106.00,259.00,106.00,259.00,199.00
230.00,198.00,230.00,105.00,259.00,105.00,259.00,198.00
230.00,198.00,230.00,105.00,259.00,105.00,259.00,198.00
230.00,198.00,230.00,105.00,259.00,105.00,259.00,198.00
231.00,198.00,231.00,105.00,260.00,105.00,260.00,198.00
229.00,197.00,229.00,104.00,258.00,104.00,258.00,197.00
228.00,197.00,228.00,104.00,257.00,104.00,257.00,197.00
226.00,197.00,226.00,104.00,255.00,104.00,255.00,197.00
225.00,197.00,225.00,104.00,254.00,104.00,254.00,197.00
223.00,196.00,223.00,103.00,252.00,103.00,252.00,196.00
222.00,196.00,222.00,103.00,251.00,103.00,251.00,196.00
221.00,196.00,221.00,103.00,250.00,103.00,250.00,196.00
219.00,196.00,219.00,103.00,248.00,103.00,248.00,196.00
218.00,195.00,218.00,102.00,247.00,102.00,247.00,195.00
216.00,195.00,216.00,102.00,245.00,102.00,245.00,195.00
215.00,195.00,215.00,102.00,244.00,102.00,244.00,195.00
214.00,195.00,214.00,102.00,243.00,102.00,243.00,195.00
213.00,195.00,213.00,102.00,242.00,102.00,242.00,195.00
213.00,195.00,213.00,102.00,242.00,102.00,242.00,195.00
213.00,195.00,213.00,102.00,242.00,102.00,242.00,195.00
213.00,195.00,213.00,102.00,242.00,102.00,242.00,195.00
212.00,196.00,212.00,103.00,241.00,103.00,241.00,196.00
212.00,196.00,212.00,103.00,241.00,103.00,241.00,196.00
212.00,196.00,212.00,103.00,241.00,103.00,241.00,196.00
212.00,196.00,212.00,103.00,241.00,103.00,241.00,196.00
212.00,196.00,212.00,103.00,241.00,103.00,241.00,196.00
211.00,197.00,211.00,104.00,240.00,104.00,240.00,197.00
211.00,197.00,211.00,104.00,240.00,104.00,240.00,197.00
211.00,197.00,211.00,104.00,240.00,104.00,240.00,197.00
211.00,197.00,211.00,104.00,240.00,104.00,240.00,197.00
211.00,197.00,211.00,104.00,240.00,104.00,240.00,197.00
210.00,198.00,210.00,105.00,239.00,105.00,239.00,198.00
210.00,198.00,210.00,105.00,239.00,105.00,239.00,198.00
210.00,198.00,210.00,105.00,239.00,105.00,239.00,198.00
210.00,198.00,210.00,105.00,239.00,105.00,239.00,198.00
210.00,199.00,210.00,106.00,239.00,106.00,239.00,199.00
209.00,198.00,209.00,106.00,238.00,106.00,238.00,198.00
208.00,198.00,208.00,106.00,237.00,106.00,237.00,198.00
207.00,198.00,207.00,107.00,236.00,107.00,236.00,198.00
207.00,198.00,207.00,107.00,236.00,107.00,236.00,198.00
206.00,197.00,206.00,107.00,235.00,107.00,235.00,197.00
205.00,197.00,205.00,108.00,234.00,108.00,234.00,197.00
204.00,197.00,204.00,108.00,233.00,108.00,233.00,197.00
204.00,197.00,204.00,109.00,233.00,109.00,233.00,197.00
203.00,202.00,203.00,112.00,232.00,112.00,232.00,202.00
202.00,207.00,202.00,115.00,231.00,115.00,231.00,207.00
202.00,212.00,202.00,119.00,231.00,119.00,231.00,212.00
202.00,215.00,202.00,122.00,231.00,122.00,231.00,215.00
202.00,218.00,202.00,125.00,231.00,125.00,231.00,218.00
202.00,221.00,202.00,128.00,231.00,128.00,231.00,221.00
202.00,225.00,202.00,132.00,231.00,132.00,231.00,225.00
202.00,225.00,202.00,132.00,231.00,132.00,231.00,225.00
202.00,225.00,202.00,132.00,231.00,132.00,231.00,225.00
202.00,225.00,202.00,132.00,231.00,132.00,231.00,225.00
203.00,225.00,203.00,132.00,232.00,132.00,232.00,225.00
203.00,225.00,203.00,132.00,232.00,132.00,232.00,225.00
203.00,225.00,203.00,132.00,232.00,132.00,232.00,225.00
204.00,226.00,204.00,133.00,233.00,133.00,233.00,226.00
203.00,226.00,203.00,133.00,232.00,133.00,232.00,226.00
202.00,226.00,202.00,133.00,231.00,133.00,231.00,226.00
201.00,226.00,201.00,133.00,230.00,133.00,230.00,226.00
200.00,226.00,200.00,133.00,229.00,133.00,229.00,226.00
200.00,226.00,200.00,133.00,229.00,133.00,229.00,226.00
199.00,226.00,199.00,133.00,228.00,133.00,228.00,226.00
198.00,226.00,198.00,133.00,227.00,133.00,227.00,226.00
197.00,226.00,197.00,133.00,226.00,133.00,226.00,226.00
197.00,226.00,197.00,133.00,226.00,133.00,226.00,226.00
196.00,226.00,196.00,133.00,225.00,133.00,225.00,226.00
195.00,226.00,195.00,133.00,224.00,133.00,224.00,226.00
194.00,226.00,194.00,133.00,223.00,133.00,223.00,226.00
194.00,226.00,194.00,133.00,223.00,133.00,223.00,226.00
193.00,226.00,193.00,133.00,222.00,133.00,222.00,226.00
192.00,226.00,192.00,133.00,221.00,133.00,221.00,226.00
191.00,226.00,191.00,133.00,220.00,133.00,220.00,226.00
191.00,227.00,191.00,134.00,220.00,134.00,220.00,227.00
192.00,226.00,192.00,133.00,221.00,133.00,221.00,226.00
194.00,226.00,194.00,133.00,223.00,133.00,223.00,226.00
195.00,225.00,195.00,132.00,224.00,132.00,224.00,225.00
197.00,225.00,197.00,132.00,226.00,132.00,226.00,225.00
198.00,224.00,198.00,131.00,227.00,131.00,227.00,224.00
200.00,224.00,200.00,131.00,229.00,131.00,229.00,224.00
202.00,224.00,202.00,131.00,231.00,131.00,231.00,224.00
203.00,223.00,203.00,130.00,232.00,130.00,232.00,223.00
205.00,223.00,205.00,130.00,234.00,130.00,234.00,223.00
206.00,222.00,206.00,129.00,235.00,129.00,235.00,222.00
208.00,222.00,208.00,129.00,237.00,129.00,237.00,222.00
210.00,222.00,210.00,129.00,239.00,129.00,239.00,222.00
210.00,219.00,210.00,127.00,239.00,127.00,239.00,219.00
210.00,217.00,210.00,126.00,239.00,126.00,239.00,217.00
210.00,214.00,210.00,125.00,239.00,125.00,239.00,214.00
210.00,212.00,210.00,124.00,239.00,124.00,239.00,212.00
210.00,209.00,210.00,123.00,239.00,123.00,239.00,209.00
210.00,207.00,210.00,122.00,239.00,122.00,239.00,207.00
209.00,208.00,209.00,122.00,238.00,122.00,238.00,208.00
208.00,209.00,208.00,122.00,237.00,122.00,237.00,209.00
207.00,210.00,207.00,122.00,236.00,122.00,236.00,210.00
207.00,211.00,207.00,122.00,236.00,122.00,236.00,211.00
206.00,212.00,206.00,122.00,235.00,122.00,235.00,212.00
205.00,213.00,205.00,122.00,234.00,122.00,234.00,213.00
204.00,214.00,204.00,122.00,233.00,122.00,233.00,214.00
204.00,215.00,204.00,122.00,233.00,122.00,233.00,215.00
202.00,214.00,202.00,122.00,231.00,122.00,231.00,214.00
200.83,213.60,200.83,121.97,229.80,121.97,229.80,213.60
199.65,213.21,199.65,121.94,228.61,121.94,228.61,213.21
198.48,212.81,198.48,121.91,227.41,121.91,227.41,212.81
197.30,212.42,197.30,121.89,226.22,121.89,226.22,212.42
196.13,212.02,196.13,121.86,225.02,121.86,225.02,212.02
194.95,211.62,194.95,121.83,223.83,121.83,223.83,211.62
193.78,211.23,193.78,121.80,222.63,121.80,222.63,211.23
192.60,210.83,192.60,121.77,221.44,121.77,221.44,210.83
191.43,210.44,191.43,121.74,220.24,121.74,220.24,210.44
190.08,208.68,190.08,120.35,218.88,120.35,218.88,208.68
188.74,206.92,188.74,118.97,217.52,118.97,217.52,206.92
187.39,205.17,187.39,117.58,216.15,117.58,216.15,205.17
186.05,203.41,186.05,116.19,214.79,116.19,214.79,203.41
184.71,201.66,184.71,114.80,213.42,114.80,213.42,201.66
183.36,199.90,183.36,113.41,212.06,113.41,212.06,199.90
182.02,198.15,182.02,112.02,210.69,112.02,210.69,198.15
180.67,196.39,180.67,110.64,209.33,110.64,209.33,196.39
179.33,194.64,179.33,109.25,207.96,109.25,207.96,194.64
177.98,192.88,177.98,107.86,206.60,107.86,206.60,192.88
176.64,191.12,176.64,106.47,205.23,106.47,205.23,191.12
175.29,189.37,175.29,105.08,203.87,105.08,203.87,189.37
173.95,187.61,173.95,103.70,202.50,103.70,202.50,187.61
172.61,185.86,172.61,102.31,201.14,102.31,201.14,185.86
171.26,184.10,171.26,100.92,199.77,100.92,199.77,184.10
169.92,182.35,169.92,99.53,198.41,99.53,198.41,182.35
168.57,180.59,168.57,98.14,197.04,98.14,197.04,180.59
167.38,179.50,167.38,97.42,195.83,97.42,195.83,179.50
166.18,178.41,166.18,96.69,194.61,96.69,194.61,178.41
164.99,177.31,164.99,95.97,193.40,95.97,193.40,177.31
163.79,176.22,163.79,95.24,192.18,95.24,192.18,176.22
162.60,175.13,162.60,94.51,190.96,94.51,190.96,175.13
161.40,174.03,161.40,93.79,189.75,93.79,189.75,174.03
160.21,172.94,160.21,93.06,188.53,93.06,188.53,172.94
159.01,171.85,159.01,92.34,187.32,92.34,187.32,171.85
157.82,170.76,157.82,91.61,186.10,91.61,186.10,170.76
156.62,169.66,156.62,90.89,184.89,90.89,184.89,169.66
155.43,168.57,155.43,90.16,183.67,90.16,183.67,168.57
154.06,168.52,154.06,90.48,182.28,90.48,182.28,168.52
152.69,168.47,152.69,90.80,180.89,90.80,180.89,168.47
151.32,168.43,151.32,91.12,179.51,91.12,179.51,168.43
149.95,168.38,149.95,91.44,178.12,91.44,178.12,168.38
148.58,168.33,148.58,91.76,176.73,91.76,176.73,168.33
147.21,168.28,147.21,92.08,175.34,92.08,175.34,168.28
145.85,168.24,145.85,92.40,173.95,92.40,173.95,168.24
144.48,168.19,144.48,92.72,172.56,92.72,172.56,168.19
143.11,168.14,143.11,93.04,171.17,93.04,171.17,168.14
141.74,168.09,141.74,93.36,169.78,93.36,169.78,168.09
140.37,168.05,140.37,93.68,168.39,93.68,168.39,168.05
139.00,168.00,139.00,94.00,167.00,94.00,167.00,168.00
139.00,169.00,139.00,93.00,167.00,93.00,167.00,169.00
138.00,170.00,138.00,93.00,166.00,93.00,166.00,170.00
137.00,170.00,137.00,93.00,165.00,93.00,165.00,170.00
136.00,171.00,136.00,93.00,164.00,93.00,164.00,171.00
136.00,172.00,136.00,92.00,164.00,92.00,164.00,172.00
135.00,173.00,135.00,92.00,163.00,92.00,163.00,173.00
134.00,174.00,134.00,92.00,162.00,92.00,162.00,174.00
134.00,175.00,134.00,92.00,162.00,92.00,162.00,175.00
134.00,176.00,134.00,93.00,162.00,93.00,162.00,176.00
135.00,177.00,135.00,94.00,163.00,94.00,163.00,177.00
136.00,179.00,136.00,96.00,164.00,96.00,164.00,179.00
137.00,180.00,137.00,97.00,165.00,97.00,165.00,180.00
138.00,182.00,138.00,99.00,166.00,99.00,166.00,182.00
138.00,183.00,138.00,100.00,167.00,100.00,167.00,183.00
139.00,185.00,139.00,102.00,168.00,102.00,168.00,185.00
140.00,186.00,140.00,103.00,169.00,103.00,169.00,186.00
141.00,188.00,141.00,105.00,170.00,105.00,170.00,188.00
142.00,189.00,142.00,106.00,171.00,106.00,171.00,189.00
143.00,191.00,143.00,108.00,172.00,108.00,172.00,191.00
148.00,191.00,148.00,108.00,177.00,108.00,177.00,191.00
153.00,191.00,153.00,108.00,183.00,108.00,183.00,191.00
159.00,191.00,159.00,108.00,188.00,108.00,188.00,191.00
164.00,191.00,164.00,108.00,194.00,108.00,194.00,191.00
170.00,191.00,170.00,108.00,200.00,108.00,200.00,191.00
168.00,191.00,168.00,108.00,199.00,108.00,199.00,191.00
166.00,191.00,166.00,108.00,198.00,108.00,198.00,191.00
165.00,191.00,165.00,108.00,197.00,108.00,197.00,191.00
163.00,191.00,163.00,108.00,196.00,108.00,196.00,191.00
162.00,192.00,162.00,109.00,195.00,109.00,195.00,192.00
159.00,192.00,159.00,107.00,192.00,107.00,192.00,192.00
156.00,193.00,156.00,106.00,189.00,106.00,189.00,193.00
153.00,193.00,153.00,105.00,186.00,105.00,186.00,193.00
151.00,194.00,151.00,104.00,184.00,104.00,184.00,194.00
148.00,194.00,148.00,103.00,181.00,103.00,181.00,194.00
145.00,195.00,145.00,102.00,178.00,102.00,178.00,195.00
142.00,195.00,142.00,101.00,175.00,101.00,175.00,195.00
140.00,196.00,140.00,100.00,173.00,100.00,173.00,196.00
141.00,196.00,141.00,100.00,174.00,100.00,174.00,196.00
142.00,197.00,142.00,101.00,175.00,101.00,175.00,197.00
143.00,198.00,143.00,102.00,176.00,102.00,176.00,198.00
142.00,196.00,142.00,100.00,175.00,100.00,175.00,196.00
141.00,194.00,141.00,98.00,174.00,98.00,174.00,194.00
140.00,192.00,140.00,96.00,173.00,96.00,173.00,192.00
140.00,191.00,140.00,95.00,173.00,95.00,173.00,191.00
139.00,189.00,139.00,93.00,172.00,93.00,172.00,189.00
138.00,187.00,138.00,91.00,171.00,91.00,171.00,187.00
138.00,186.00,138.00,90.00,171.00,90.00,171.00,186.00
141.00,186.00,141.00,90.00,174.00,90.00,174.00,186.00
145.00,186.00,145.00,90.00,178.00,90.00,178.00,186.00
149.00,186.00,149.00,90.00,182.00,90.00,182.00,186.00
151.00,189.00,151.00,93.00,184.00,93.00,184.00,189.00
153.00,193.00,153.00,97.00,186.00,97.00,186.00,193.00
156.00,197.00,156.00,101.00,189.00,101.00,189.00,197.00
158.00,201.00,158.00,105.00,191.00,105.00,191.00,201.00
161.00,205.00,161.00,109.00,194.00,109.00,194.00,205.00
161.00,207.00,161.00,111.00,194.00,111.00,194.00,207.00
161.00,209.00,161.00,113.00,194.00,113.00,194.00,209.00
161.00,211.00,161.00,115.00,194.00,115.00,194.00,211.00
162.00,213.00,162.00,117.00,195.00,117.00,195.00,213.00
160.00,214.00,160.00,118.00,193.00,118.00,193.00,214.00
159.00,215.00,159.00,119.00,192.00,119.00,192.00,215.00
157.00,216.00,157.00,120.00,190.00,120.00,190.00,216.00
156.00,217.00,156.00,121.00,189.00,121.00,189.00,217.00
154.00,218.00,154.00,122.00,187.00,122.00,187.00,218.00
153.00,219.00,153.00,123.00,186.00,123.00,186.00,219.00
152.00,220.00,152.00,124.00,185.00,124.00,185.00,220.00
151.00,217.00,151.00,121.00,184.00,121.00,184.00,217.00
150.00,215.00,150.00,119.00,183.00,119.00,183.00,215.00
149.00,213.00,149.00,117.00,182.00,117.00,182.00,213.00
151.00,207.00,151.00,112.00,184.00,112.00,184.00,207.00
153.00,202.00,153.00,107.00,186.00,107.00,186.00,202.00
156.00,197.00,156.00,102.00,189.00,102.00,189.00,197.00
158.00,191.00,158.00,98.00,191.00,98.00,191.00,191.00
161.00,186.00,161.00,93.00,194.00,93.00,194.00,186.00
163.00,181.00,163.00,88.00,196.00,88.00,196.00,181.00
166.00,176.00,166.00,84.00,199.00,84.00,199.00,176.00
165.00,177.00,165.00,85.00,198.00,85.00,198.00,177.00
164.00,178.00,164.00,87.00,197.00,87.00,197.00,178.00
164.00,179.00,164.00,88.00,197.00,88.00,197.00,179.00
163.00,180.00,163.00,90.00,196.00,90.00,196.00,180.00
162.00,181.00,162.00,91.00,195.00,91.00,195.00,181.00
162.00,183.00,162.00,93.00,195.00,93.00,195.00,183.00
158.00,187.00,158.00,97.00,191.00,97.00,191.00,187.00
155.00,192.00,155.00,102.00,188.00,102.00,188.00,192.00
151.00,196.00,151.00,106.00,184.00,106.00,184.00,196.00
148.00,201.00,148.00,111.00,181.00,111.00,181.00,201.00
146.00,202.00,146.00,112.00,179.00,112.00,179.00,202.00
144.00,203.00,144.00,113.00,177.00,113.00,177.00,203.00
143.00,204.00,143.00,114.00,176.00,114.00,176.00,204.00
141.00,206.00,141.00,116.00,174.00,116.00,174.00,206.00
140.00,207.00,140.00,117.00,173.00,117.00,173.00,207.00
138.00,208.00,138.00,118.00,171.00,118.00,171.00,208.00
137.00,210.00,137.00,120.00,170.00,120.00,170.00,210.00
139.00,208.00,139.00,118.00,172.00,118.00,172.00,208.00
141.00,206.00,141.00,116.00,174.00,116.00,174.00,206.00
144.00,204.00,144.00,114.00,177.00,114.00,177.00,204.00
146.00,202.00,146.00,112.00,179.00,112.00,179.00,202.00
148.00,200.00,148.00,110.00,181.00,110.00,181.00,200.00
151.00,199.00,151.00,109.00,184.00,109.00,184.00,199.00
151.00,197.00,151.00,107.00,184.00,107.00,184.00,197.00
152.00,195.00,152.00,105.00,185.00,105.00,185.00,195.00
153.00,193.00,153.00,103.00,186.00,103.00,186.00,193.00
153.00,192.00,153.00,102.00,186.00,102.00,186.00,192.00
154.00,190.00,154.00,100.00,187.00,100.00,187.00,190.00
155.00,188.00,155.00,98.00,188.00,98.00,188.00,188.00
155.00,187.00,155.00,97.00,188.00,97.00,188.00,187.00
156.00,185.00,156.00,95.00,189.00,95.00,189.00,185.00
157.00,183.00,157.00,93.00,190.00,93.00,190.00,183.00
158.00,182.00,158.00,92.00,191.00,92.00,191.00,182.00
156.00,182.00,156.00,91.00,189.00,91.00,189.00,182.00
154.00,182.00,154.00,91.00,187.00,91.00,187.00,182.00
153.00,182.00,153.00,90.00,186.00,90.00,186.00,182.00
151.00,182.00,151.00,90.00,184.00,90.00,184.00,182.00
149.00,182.00,149.00,90.00,182.00,90.00,182.00,182.00
148.00,182.00,148.00,89.00,181.00,89.00,181.00,182.00
146.00,183.00,146.00,89.00,179.00,89.00,179.00,183.00
145.00,183.00,145.00,88.00,178.00,88.00,178.00,183.00
143.00,183.00,143.00,88.00,176.00,88.00,176.00,183.00
141.00,183.00,141.00,88.00,174.00,88.00,174.00,183.00
140.00,183.00,140.00,87.00,173.00,87.00,173.00,183.00
138.00,183.00,138.00,87.00,171.00,87.00,171.00,183.00
137.00,184.00,137.00,87.00,170.00,87.00,170.00,184.00
139.00,182.00,139.00,86.00,172.00,86.00,172.00,182.00
141.00,180.00,141.00,85.00,174.00,85.00,174.00,180.00
143.00,178.00,143.00,84.00,176.00,84.00,176.00,178.00
145.00,177.00,145.00,83.00,178.00,83.00,178.00,177.00
147.00,175.00,147.00,83.00,180.00,83.00,180.00,175.00
149.00,173.00,149.00,82.00,182.00,82.00,182.00,173.00
151.00,172.00,151.00,81.00,184.00,81.00,184.00,172.00
153.00,170.00,153.00,80.00,186.00,80.00,186.00,170.00
155.00,168.00,155.00,79.00,188.00,79.00,188.00,168.00
157.00,167.00,157.00,79.00,190.00,79.00,190.00,167.00
157.00,170.00,157.00,82.00,190.00,82.00,190.00,170.00
158.00,173.00,158.00,85.00,191.00,85.00,191.00,173.00
159.00,177.00,159.00,89.00,192.00,89.00,192.00,177.00
160.00,180.00,160.00,92.00,193.00,92.00,193.00,180.00
161.00,184.00,161.00,96.00,194.00,96.00,194.00,184.00
162.00,187.00,162.00,99.00,195.00,99.00,195.00,187.00
163.00,191.00,163.00,103.00,196.00,103.00,196.00,191.00
162.00,191.00,162.00,103.00,195.00,103.00,195.00,191.00
162.00,192.00,162.00,104.00,195.00,104.00,195.00,192.00
161.00,193.00,161.00,105.00,194.00,105.00,194.00,193.00
161.00,194.00,161.00,106.00,194.00,106.00,194.00,194.00
161.00,195.00,161.00,107.00,194.00,107.00,194.00,195.00
159.00,197.00,159.00,109.00,192.00,109.00,192.00,197.00
157.00,199.00,157.00,111.00,190.00,111.00,190.00,199.00
155.00,201.00,155.00,113.00,188.00,113.00,188.00,201.00
153.00,203.00,153.00,115.00,186.00,115.00,186.00,203.00
151.00,205.00,151.00,117.00,184.00,117.00,184.00,205.00
150.00,208.00,150.00,120.00,183.00,120.00,183.00,208.00
150.00,208.00,150.00,120.00,183.00,120.00,183.00,208.00
150.00,208.00,150.00,120.00,183.00,120.00,183.00,208.00
150.00,208.00,150.00,120.00,183.00,120.00,183.00,208.00
150.00,208.00,150.00,120.00,183.00,120.00,183.00,208.00
150.00,208.00,150.00,120.00,183.00,120.00,183.00,208.00
150.00,208.00,150.00,120.00,183.00,120.00,183.00,208.00
150.00,208.00,150.00,120.00,183.00,120.00,183.00,208.00
151.00,208.00,151.00,120.00,184.00,120.00,184.00,208.00
150.00,207.00,150.00,119.00,183.00,119.00,183.00,207.00
149.00,206.00,149.00,118.00,182.00,118.00,182.00,206.00
149.00,205.00,149.00,118.00,182.00,118.00,182.00,205.00
149.00,203.00,149.00,116.00,182.00,116.00,182.00,203.00
150.00,201.00,150.00,114.00,183.00,114.00,183.00,201.00
150.00,199.00,150.00,113.00,183.00,113.00,183.00,199.00
151.00,197.00,151.00,111.00,184.00,111.00,184.00,197.00
152.00,195.00,152.00,110.00,185.00,110.00,185.00,195.00
152.00,193.00,152.00,108.00,185.00,108.00,185.00,193.00
153.00,191.00,153.00,106.00,186.00,106.00,186.00,191.00
153.00,189.00,153.00,105.00,186.00,105.00,186.00,189.00
154.00,187.00,154.00,103.00,187.00,103.00,187.00,187.00
155.00,185.00,155.00,102.00,188.00,102.00,188.00,185.00
156.00,183.00,156.00,101.00,189.00,101.00,189.00,183.00
157.00,182.00,157.00,100.00,190.00,100.00,190.00,182.00
158.00,181.00,158.00,99.00,191.00,99.00,191.00,181.00
159.00,180.00,159.00,98.00,192.00,98.00,192.00,180.00
161.00,179.00,161.00,97.00,194.00,97.00,194.00,179.00
161.00,178.00,161.00,96.00,194.00,96.00,194.00,178.00
161.00,177.00,161.00,95.00,194.00,95.00,194.00,177.00
162.00,177.00,162.00,95.00,194.00,95.00,194.00,177.00
162.00,176.00,162.00,94.00,194.00,94.00,194.00,176.00
162.00,175.00,162.00,93.00,194.00,93.00,194.00,175.00
163.00,175.00,163.00,93.00,194.00,93.00,194.00,175.00
163.00,174.00,163.00,92.00,194.00,92.00,194.00,174.00
164.00,174.00,164.00,92.00,194.00,92.00,194.00,174.00
164.00,173.00,164.00,91.00,194.00,91.00,194.00,173.00
164.00,172.00,164.00,90.00,194.00,90.00,194.00,172.00
165.00,172.00,165.00,90.00,194.00,90.00,194.00,172.00
165.00,171.00,165.00,89.00,194.00,89.00,194.00,171.00
166.00,171.00,166.00,89.00,194.00,89.00,194.00,171.00
164.00,171.00,164.00,89.00,192.00,89.00,192.00,171.00
162.00,171.00,162.00,89.00,190.00,89.00,190.00,171.00
160.00,171.00,160.00,89.00,188.00,89.00,188.00,171.00
158.00,171.00,158.00,89.00,186.00,89.00,186.00,171.00
156.00,171.00,156.00,89.00,184.00,89.00,184.00,171.00
154.00,171.00,154.00,89.00,182.00,89.00,182.00,171.00
152.00,171.00,152.00,89.00,180.00,89.00,180.00,171.00
150.00,171.00,150.00,89.00,178.00,89.00,178.00,171.00
148.00,171.00,148.00,89.00,176.00,89.00,176.00,171.00
147.00,172.00,147.00,90.00,175.00,90.00,175.00,172.00
145.00,171.00,145.00,89.00,173.00,89.00,173.00,171.00
143.00,171.00,143.00,89.00,171.00,89.00,171.00,171.00
142.00,171.00,142.00,89.00,170.00,89.00,170.00,171.00
140.00,170.00,140.00,88.00,168.00,88.00,168.00,170.00
139.00,170.00,139.00,88.00,167.00,88.00,167.00,170.00
137.00,170.00,137.00,88.00,165.00,88.00,165.00,170.00
136.00,170.00,136.00,88.00,164.00,88.00,164.00,170.00
134.00,169.00,134.00,87.00,162.00,87.00,162.00,169.00
133.00,169.00,133.00,87.00,161.00,87.00,161.00,169.00
131.00,169.00,131.00,87.00,159.00,87.00,159.00,169.00
130.00,169.00,130.00,87.00,158.00,87.00,158.00,169.00
129.00,168.00,129.00,86.00,157.00,86.00,157.00,168.00
129.00,167.00,129.00,85.00,157.00,85.00,157.00,167.00
129.00,167.00,129.00,85.00,157.00,85.00,157.00,167.00
130.00,170.00,130.00,88.00,158.00,88.00,158.00,170.00
132.00,174.00,132.00,92.00,160.00,92.00,160.00,174.00
133.00,177.00,133.00,95.00,161.00,95.00,161.00,177.00
135.00,181.00,135.00,99.00,163.00,99.00,163.00,181.00
137.00,185.00,137.00,103.00,165.00,103.00,165.00,185.00
141.00,189.00,141.00,107.00,169.00,107.00,169.00,189.00
146.00,193.00,146.00,111.00,174.00,111.00,174.00,193.00
151.00,198.00,151.00,116.00,179.00,116.00,179.00,198.00
153.00,197.00,153.00,112.00,182.00,112.00,182.00,197.00
153.00,197.00,153.00,121.00,180.00,121.00,180.00,197.00
158.00,198.00,158.00,123.00,180.00,123.00,180.00,198.00
155.00,191.00,155.00,120.00,177.00,120.00,177.00,191.00
154.00,181.00,154.00,116.00,177.00,116.00,177.00,181.00
152.00,188.00,152.00,112.00,176.00,112.00,176.00,188.00
152.00,186.00,152.00,109.00,177.00,109.00,177.00,186.00
153.00,180.00,153.00,105.00,178.00,105.00,178.00,180.00
154.00,175.00,154.00,101.00,179.00,101.00,179.00,175.00
153.00,171.00,153.00,99.00,176.00,99.00,176.00,171.00
153.00,168.00,153.00,98.00,176.00,98.00,176.00,168.00
150.00,164.00,150.00,98.00,171.00,98.00,171.00,164.00
149.00,164.00,149.00,96.00,172.00,96.00,172.00,164.00
148.00,163.00,148.00,94.00,173.00,94.00,173.00,163.00
145.00,163.00,145.00,92.00,169.00,92.00,169.00,163.00
137.00,165.00,137.00,88.00,162.00,88.00,162.00,165.00
129.00,166.00,129.00,84.00,157.00,84.00,157.00,166.00
123.00,169.00,123.00,80.00,155.00,80.00,155.00,169.00
116.00,172.00,116.00,73.00,150.00,73.00,150.00,172.00
109.00,178.00,109.00,64.00,147.00,64.00,147.00,178.00
105.00,180.00,105.00,50.00,152.00,50.00,152.00,180.00
125.00,178.00,125.00,33.00,173.00,33.00,173.00,178.00
151.00,179.00,151.00,33.00,192.00,33.00,192.00,179.00
174.00,166.00,174.00,28.00,218.00,28.00,218.00,166.00
211.00,167.00,211.00,33.00,254.00,33.00,254.00,167.00
234.00,166.00,234.00,26.00,275.00,26.00,275.00,166.00
214.00,171.00,214.00,28.00,261.00,28.00,261.00,171.00
217.00,169.00,217.00,24.00,265.00,24.00,265.00,169.00
236.00,168.00,236.00,25.00,277.00,25.00,277.00,168.00
249.00,171.00,249.00,23.00,290.00,23.00,290.00,171.00
241.00,171.00,241.00,23.00,292.00,23.00,292.00,171.00
238.00,178.00,238.00,29.00,290.00,29.00,290.00,178.00
236.00,185.00,236.00,35.00,288.00,35.00,288.00,185.00
233.00,192.00,233.00,41.00,286.00,41.00,286.00,192.00
231.00,199.00,231.00,47.00,284.00,47.00,284.00,199.00
228.00,206.00,228.00,53.00,282.00,53.00,282.00,206.00
226.00,213.00,226.00,59.00,281.00,59.00,281.00,213.00
216.00,224.00,216.00,69.00,271.00,69.00,271.00,224.00
206.00,235.00,206.00,80.00,262.00,80.00,262.00,235.00
196.00,246.00,196.00,90.00,252.00,90.00,252.00,246.00
186.00,257.00,186.00,101.00,243.00,101.00,243.00,257.00
179.00,257.00,179.00,101.00,236.00,101.00,236.00,257.00
172.00,257.00,172.00,101.00,229.00,101.00,229.00,257.00
166.00,258.00,166.00,102.00,223.00,102.00,223.00,258.00
168.00,254.00,168.00,98.00,225.00,98.00,225.00,254.00
171.00,250.00,171.00,94.00,228.00,94.00,228.00,250.00
173.00,246.00,173.00,90.00,230.00,90.00,230.00,246.00
176.00,242.00,176.00,86.00,233.00,86.00,233.00,242.00
178.00,238.00,178.00,82.00,235.00,82.00,235.00,238.00
181.00,234.00,181.00,78.00,238.00,78.00,238.00,234.00
179.00,235.00,179.00,79.00,236.00,79.00,236.00,235.00
178.00,237.00,178.00,81.00,235.00,81.00,235.00,237.00
176.00,239.00,176.00,83.00,233.00,83.00,233.00,239.00
175.00,241.00,175.00,85.00,232.00,85.00,232.00,241.00
174.00,243.00,174.00,87.00,231.00,87.00,231.00,243.00
171.00,244.00,171.00,88.00,228.00,88.00,228.00,244.00
168.00,245.00,168.00,89.00,225.00,89.00,225.00,245.00
166.00,247.00,166.00,91.00,223.00,91.00,223.00,247.00
