100.28,97.02,175.79,30.06,245.72,108.93,170.21,175.89
99.32,83.32,180.45,22.82,244.26,108.39,163.13,168.89
89.20,101.26,148.43,16.99,232.02,75.74,172.79,160.01
136.15,15.96,225.15,61.66,180.78,148.06,91.78,102.36
118.23,20.68,218.80,44.77,192.01,156.66,91.44,132.57
96.38,76.75,171.46,2.18,251.66,82.91,176.58,157.49
100.34,63.38,201.38,18.81,244.28,116.07,143.24,160.64
104.31,64.95,199.04,12.80,250.61,106.49,155.88,158.64
108.83,69.22,198.70,7.77,258.92,95.83,169.05,157.29
116.08,74.42,197.31,4.09,265.91,83.31,184.68,153.65
199.24,4.49,266.55,73.47,191.26,146.94,123.95,77.96
198.07,4.71,272.58,68.97,204.05,148.42,129.54,84.16
195.52,5.87,278.48,57.57,223.26,146.18,140.30,94.48
197.65,11.36,282.53,55.95,234.76,146.87,149.88,102.27
196.17,19.48,284.21,56.19,245.78,148.37,157.74,111.67
154.07,40.75,254.71,17.95,275.74,110.80,175.11,133.60
195.90,32.78,290.33,54.78,267.13,154.38,172.70,132.39
197.34,43.82,289.51,59.27,273.21,156.50,181.04,141.05
157.93,80.60,249.03,31.55,292.18,111.70,201.08,160.75
197.98,61.66,286.86,61.17,287.41,159.63,198.53,160.13
199.16,72.53,288.32,67.02,294.08,160.37,204.93,165.87
241.42,46.86,299.86,109.33,225.07,179.29,166.63,116.82
247.40,52.61,302.66,110.80,228.64,181.10,173.37,122.91
199.15,99.77,287.86,70.06,317.05,157.22,228.33,186.92
239.47,63.13,302.70,111.72,241.73,191.05,178.50,142.46
196.87,109.48,299.25,94.67,311.89,182.01,209.51,196.82
187.79,132.47,264.50,68.77,318.83,134.21,242.12,197.90
226.81,68.42,301.12,104.02,252.85,204.81,178.53,169.22
214.47,89.12,289.16,117.93,254.77,207.05,180.09,178.23
188.88,115.28,262.87,115.07,263.13,205.46,189.14,205.67
222.83,102.90,290.74,152.96,248.08,210.82,180.17,160.76
226.64,91.81,295.40,131.67,250.40,209.31,181.63,169.45
210.72,99.29,284.91,126.66,254.71,208.51,180.52,181.14
182.80,118.82,258.32,116.35,261.34,208.50,185.83,210.98
188.62,115.17,262.24,118.24,258.27,213.56,184.65,210.49
203.73,111.64,274.50,128.79,253.97,213.53,183.20,196.39
200.15,115.12,269.18,127.88,253.29,213.87,184.26,201.12
177.59,135.43,244.84,124.55,258.22,207.21,190.97,218.09
189.26,138.87,263.08,139.53,262.42,213.15,188.61,212.49
178.05,155.84,231.36,137.80,255.02,207.71,201.70,225.75
184.86,181.12,222.05,137.19,273.04,180.36,235.84,224.28
186.52,173.04,224.45,141.70,267.07,193.28,229.15,224.62
186.54,166.14,227.23,138.32,264.57,192.94,223.88,220.75
189.35,160.94,226.22,139.88,259.23,197.67,222.35,218.73
188.68,169.82,221.21,132.92,269.81,175.77,237.28,212.67
188.16,161.63,234.19,144.72,256.58,205.65,210.55,222.57
188.30,165.73,238.81,150.55,257.87,213.94,207.36,229.12
189.21,172.29,243.27,158.66,260.23,225.94,206.17,239.56
216.08,154.62,277.07,185.34,249.41,240.25,188.42,209.52
216.45,163.88,281.07,191.95,255.99,249.68,191.38,221.61
195.57,193.04,259.04,185.38,266.78,249.47,203.31,257.13
200.13,201.55,261.28,193.60,269.50,256.89,208.36,264.84
202.13,210.88,260.11,198.83,273.31,262.31,215.33,274.37
204.46,217.55,261.69,203.05,278.52,269.42,221.29,283.92
211.23,228.19,267.69,214.57,282.49,275.92,226.02,289.54
215.06,237.60,271.39,220.65,288.83,278.58,232.49,295.54
220.27,247.07,274.85,226.00,297.75,285.32,243.17,306.38
224.99,251.41,280.32,229.44,304.40,290.08,249.07,312.05
231.09,261.04,286.44,235.99,313.21,295.13,257.86,320.18
254.41,239.71,323.44,247.63,316.60,307.28,247.57,299.35
259.75,240.70,332.06,245.82,327.61,308.69,255.30,303.57
264.56,243.50,336.71,243.00,337.15,307.63,265.00,308.13
254.89,277.54,309.95,232.28,356.88,289.38,301.82,334.64
298.47,234.13,364.23,248.21,348.72,320.68,282.96,306.61
300.65,228.02,371.01,232.78,365.88,308.61,295.52,303.85
306.88,216.86,374.12,215.15,376.21,297.33,308.97,299.04
394.59,250.91,327.50,293.41,288.56,231.95,355.65,189.45
318.35,192.89,403.64,209.68,390.36,277.15,305.07,260.36
376.11,153.49,418.34,206.06,349.93,261.01,307.70,208.44
391.02,135.24,431.21,183.30,355.31,246.78,315.11,198.73
390.52,112.50,437.74,160.66,364.11,232.85,316.89,184.70
410.36,111.49,446.28,156.60,351.38,232.19,315.45,187.08
330.39,136.51,430.21,84.62,468.32,157.93,368.50,209.83
428.63,65.45,480.37,129.20,384.75,206.81,333.01,143.07
349.18,50.75,443.72,51.90,442.22,176.21,347.68,175.07
402.04,26.85,484.86,56.03,447.63,161.67,364.82,132.49
344.84,60.61,443.74,19.76,485.57,121.02,386.66,161.87
422.89,10.23,514.17,56.89,461.16,160.61,369.87,113.95
416.46,3.26,514.57,38.10,475.70,147.56,377.58,112.71
418.94,-0.50,525.99,35.64,488.64,146.27,381.59,110.13
412.11,-3.19,517.00,17.47,493.52,136.67,388.62,116.00
396.03,1.17,486.68,0.36,487.73,118.42,397.09,119.23
399.28,-0.96,519.93,15.04,504.13,134.20,383.48,118.20
473.40,-52.98,531.97,58.37,426.57,113.81,368.00,2.46
374.00,1.00,509.00,1.00,509.00,120.00,374.00,120.00
361.17,26.69,436.31,-46.59,500.58,19.31,425.44,92.59
416.22,-48.82,491.71,9.56,422.38,99.19,346.90,40.82
397.81,-43.00,475.83,8.57,415.06,100.51,337.04,48.94
334.25,32.07,438.87,1.99,464.53,91.21,359.90,121.29
323.52,23.21,429.64,8.81,445.21,123.51,339.08,137.91
333.35,-7.01,426.14,19.25,393.21,135.63,300.42,109.37
292.45,47.17,398.16,15.91,425.85,109.56,320.13,140.81
309.56,7.38,394.02,33.46,367.98,117.75,283.52,91.67
277.39,24.00,373.01,32.46,364.66,126.81,269.04,118.35
251.74,89.86,340.98,29.91,382.55,91.80,293.32,151.75
245.31,96.73,324.09,34.51,373.88,97.56,295.10,159.78
239.59,101.01,310.58,37.79,363.21,96.90,292.22,160.12
230.80,104.52,296.42,37.48,354.55,94.37,288.93,161.41
285.47,35.21,348.18,87.87,286.49,161.35,223.77,108.70
277.15,35.91,337.33,82.88,277.70,159.28,217.51,112.31
264.54,36.50,334.96,77.33,286.82,160.37,216.40,119.54
252.12,38.27,333.90,76.77,293.98,161.55,212.21,123.05
241.96,38.27,315.11,68.35,278.29,157.88,205.14,127.80
232.45,38.37,309.96,63.85,279.62,156.12,202.11,130.64
221.22,42.43,303.30,63.03,280.35,154.46,198.27,133.85
209.66,39.94,307.33,55.01,291.55,157.26,193.88,142.18
195.99,42.25,299.43,45.22,296.40,150.51,192.96,147.54
190.17,42.06,296.62,58.17,280.57,164.15,174.12,148.03
174.00,52.92,260.91,45.42,269.72,147.68,182.81,155.17
160.02,59.98,249.30,39.02,272.65,138.49,183.38,159.46
150.60,65.05,238.52,41.40,264.99,139.85,177.08,163.49
141.00,73.56,222.81,43.89,258.24,141.55,176.42,171.23
102.59,132.31,161.06,39.23,248.07,93.89,189.60,186.97
96.14,148.27,185.83,194.13,235.89,96.23,146.21,50.36
104.22,105.63,175.76,61.05,235.55,157.00,164.01,201.58
91.08,126.24,166.46,54.07,242.28,133.26,166.90,205.43
93.19,112.98,191.03,108.78,195.19,205.80,97.35,210.00
84.37,101.79,192.76,109.86,184.78,217.00,76.39,208.93
121.01,75.30,215.74,131.50,161.10,223.60,66.37,167.40
79.58,99.15,180.94,118.31,160.05,228.85,58.69,209.69
69.10,103.96,173.36,117.84,158.05,232.79,53.79,218.91
74.58,117.14,174.29,141.36,150.76,238.22,51.05,214.00
49.11,149.13,154.15,141.04,161.89,241.52,56.85,249.61
49.49,161.34,149.51,148.78,162.03,248.50,62.01,261.06
81.30,146.30,176.50,165.60,158.86,252.61,63.66,233.31
82.16,145.61,170.17,161.75,155.56,241.43,67.55,225.29
76.14,148.09,165.51,152.52,161.68,229.84,72.30,225.41
76.70,178.05,138.20,142.84,177.72,211.85,116.23,247.07
116.28,121.68,196.60,160.94,168.40,218.64,88.08,179.39
92.74,161.78,149.32,124.71,193.25,191.75,136.68,228.83
128.69,112.42,206.11,143.62,182.98,201.01,105.56,169.81
125.80,142.93,169.33,111.47,215.34,175.12,171.80,206.58
158.54,101.23,226.65,128.48,204.49,183.87,136.38,156.61
149.42,119.89,196.06,96.96,230.51,167.05,183.87,189.97
164.99,112.32,205.46,92.78,238.67,161.58,198.20,181.12
169.89,108.07,221.30,91.93,243.72,163.33,192.31,179.47
181.58,105.51,231.66,91.84,250.98,162.55,200.90,176.23
193.12,111.34,234.27,96.69,257.97,163.22,216.82,177.88
196.80,116.22,237.63,100.17,263.21,165.24,222.38,181.29
223.93,105.33,271.99,132.38,248.13,174.78,200.07,147.74
207.82,124.77,240.53,113.46,262.32,176.49,229.61,187.80
204.58,152.83,236.92,119.80,276.41,158.47,244.07,191.49
206.59,159.88,242.14,129.80,278.52,172.79,242.97,202.87
212.35,169.43,238.79,138.91,278.99,173.73,252.55,204.25
212.95,174.39,243.60,141.69,280.39,176.18,249.74,208.88
228.97,143.06,274.16,165.51,255.58,202.91,210.40,180.46
224.90,144.95,270.19,164.51,253.32,203.58,208.03,184.01
225.01,147.54,269.83,167.06,251.73,208.63,206.90,189.11
226.39,151.20,270.62,170.20,251.62,214.44,207.39,195.43
229.91,158.99,272.84,179.90,252.83,220.99,209.90,200.09
232.25,162.74,278.36,185.06,257.42,228.32,211.31,206.00
209.07,183.89,251.72,169.96,270.13,226.37,227.48,240.29
211.79,186.98,254.05,176.37,267.46,229.76,225.19,240.37
208.72,190.71,249.10,177.26,267.79,233.39,227.42,246.84
228.59,174.77,278.68,195.42,260.25,240.11,210.16,219.46
208.67,194.50,250.98,180.98,268.72,236.51,226.42,250.03
233.66,180.32,281.29,199.12,263.09,245.23,215.46,226.43
233.30,183.20,284.83,200.01,269.44,247.22,217.90,230.41
236.62,186.70,286.71,202.14,272.09,249.57,221.99,234.13
236.98,185.69,288.43,200.42,274.62,248.64,223.18,233.90
236.82,184.07,288.07,198.87,274.11,247.20,222.86,232.39
234.02,183.20,285.77,195.20,274.31,244.63,222.55,232.62
234.56,184.48,286.32,193.36,277.91,242.40,226.15,233.52
238.26,186.03,290.17,193.80,283.10,241.03,231.20,233.26
