135.50,152.00,135.50,28.00,176.50,28.00,176.50,152.00
135.41,152.10,176.36,152.11,176.40,28.14,135.45,28.13
135.33,152.20,176.23,152.22,176.31,28.28,135.41,28.26
135.25,152.29,176.09,152.33,176.21,28.42,135.36,28.39
135.16,152.39,175.96,152.44,176.11,28.57,135.32,28.52
135.08,152.49,175.82,152.55,176.02,28.71,135.27,28.65
134.99,152.59,175.68,152.66,175.92,28.85,135.23,28.78
134.91,152.69,175.55,152.77,175.82,28.99,135.18,28.91
134.82,152.79,175.41,152.88,175.73,29.13,135.13,29.03
134.74,152.89,175.28,152.99,175.63,29.27,135.09,29.17
134.65,152.98,175.14,153.11,175.53,29.42,135.04,29.29
134.57,153.08,175.01,153.22,175.43,29.56,135.00,29.42
134.49,153.18,174.87,153.33,175.34,29.70,134.95,29.55
134.40,153.28,174.74,153.44,175.24,29.84,134.90,29.68
134.32,153.38,174.60,153.55,175.15,29.98,134.86,29.81
134.23,153.48,174.46,153.66,175.05,30.12,134.81,29.94
134.15,153.57,174.33,153.77,174.95,30.27,134.77,30.07
134.06,153.67,174.19,153.88,174.85,30.41,134.72,30.20
133.98,153.77,174.06,153.99,174.76,30.55,134.68,30.33
133.89,153.87,173.92,154.10,174.66,30.69,134.63,30.46
133.81,153.97,173.78,154.21,174.56,30.83,134.58,30.59
133.72,154.07,173.65,154.32,174.47,30.97,134.54,30.72
133.64,154.16,173.51,154.43,174.37,31.11,134.49,30.85
133.55,154.26,173.38,154.54,174.27,31.26,134.45,30.98
133.47,154.36,173.24,154.65,174.18,31.40,134.40,31.11
133.38,154.46,173.10,154.76,174.08,31.54,134.35,31.24
133.30,154.56,172.97,154.88,173.98,31.68,134.31,31.36
133.22,154.66,172.83,154.99,173.89,31.82,134.26,31.49
133.13,154.76,172.70,155.10,173.79,31.97,134.22,31.62
133.05,154.85,172.56,155.21,173.69,32.11,134.17,31.75
132.96,154.95,172.43,155.32,173.60,32.25,134.13,31.88
132.88,155.05,172.29,155.43,173.50,32.39,134.08,32.01
132.79,155.15,172.15,155.54,173.40,32.53,134.03,32.14
132.71,155.25,172.02,155.65,173.31,32.67,133.99,32.27
132.62,155.35,171.88,155.76,173.21,32.81,133.94,32.40
132.54,155.44,171.75,155.87,173.11,32.96,133.90,32.53
132.45,155.54,171.61,155.98,173.01,33.10,133.85,32.66
132.37,155.64,171.48,156.09,172.92,33.24,133.80,32.79
132.29,155.74,171.34,156.20,172.82,33.38,133.76,32.92
132.20,155.84,171.20,156.31,172.73,33.52,133.71,33.05
132.12,155.94,171.07,156.42,172.63,33.66,133.67,33.18
132.03,156.03,170.93,156.54,172.53,33.81,133.62,33.31
131.95,156.13,170.80,156.65,172.43,33.95,133.58,33.44
131.86,156.23,170.66,156.76,172.34,34.09,133.53,33.56
131.78,156.33,170.52,156.87,172.24,34.23,133.49,33.69
131.69,156.43,170.39,156.98,172.14,34.37,133.44,33.82
131.61,156.53,170.25,157.09,172.05,34.51,133.39,33.95
131.52,156.62,170.12,157.20,171.95,34.65,133.35,34.08
131.44,156.72,169.98,157.31,171.85,34.80,133.30,34.21
131.35,156.82,169.85,157.42,171.76,34.94,133.26,34.34
131.27,156.92,133.21,34.47,171.66,35.08,169.71,157.53
130.93,156.79,169.26,157.69,172.16,35.52,133.82,34.62
130.58,156.65,168.82,157.85,172.67,35.96,134.43,34.76
130.24,156.52,168.37,158.01,173.17,36.40,135.03,34.91
129.90,156.39,167.92,158.17,173.67,36.84,135.64,35.05
129.55,156.26,167.48,158.34,174.18,37.28,136.25,35.20
129.21,156.12,167.03,158.50,174.68,37.72,136.85,35.34
128.87,155.99,166.59,158.66,175.18,38.16,137.46,35.49
128.52,155.85,166.14,158.82,175.69,38.60,138.07,35.63
128.18,155.72,165.69,158.98,176.19,39.04,138.68,35.78
127.84,155.59,165.25,159.14,176.69,39.48,139.28,35.92
127.50,155.46,164.80,159.30,177.20,39.92,139.89,36.07
127.15,155.32,164.35,159.46,177.70,40.36,140.50,36.22
126.81,155.19,163.91,159.62,178.21,40.80,141.11,36.36
126.47,155.06,163.46,159.79,178.71,41.24,141.71,36.51
126.12,154.92,163.01,159.95,179.21,41.67,142.32,36.65
125.78,154.79,162.57,160.11,179.71,42.12,142.93,36.80
125.44,154.66,162.12,160.27,180.22,42.56,143.54,36.94
125.09,154.52,161.68,160.43,180.72,42.99,144.14,37.09
124.75,154.39,161.23,160.59,181.23,43.43,144.75,37.24
123.63,154.26,160.00,160.75,180.95,43.87,144.57,37.38
122.50,154.12,158.77,160.91,180.67,44.31,144.40,37.53
121.38,153.99,157.54,161.07,180.39,44.75,144.23,37.67
120.25,153.86,156.31,161.23,180.11,45.19,144.05,37.82
119.13,153.73,155.08,161.40,179.83,45.63,143.88,37.96
118.00,153.59,153.86,161.56,179.55,46.07,143.70,38.11
116.88,153.46,152.63,161.72,179.28,46.51,143.52,38.25
111.86,152.58,147.51,161.13,175.11,46.21,139.46,37.66
106.85,151.71,142.39,160.55,170.94,45.90,135.40,37.06
101.83,150.83,131.33,36.46,166.77,45.60,137.27,159.97
98.37,149.13,134.23,158.50,163.70,45.54,127.85,36.17
94.91,147.44,131.18,157.03,160.64,45.48,124.36,35.88
91.44,145.74,128.14,155.56,157.57,45.41,120.88,35.60
87.98,144.05,125.09,154.09,154.51,45.35,117.39,35.31
84.52,142.35,113.91,35.02,151.44,45.29,122.05,152.62
84.26,142.38,122.04,153.28,152.88,46.23,115.11,35.32
84.00,142.40,122.02,153.95,154.32,47.17,116.30,35.63
83.73,142.43,122.01,154.61,155.77,48.11,117.50,35.93
83.47,142.46,122.00,155.27,157.21,49.05,118.69,36.24
83.21,142.49,121.98,155.93,158.65,49.99,119.89,36.54
82.95,142.52,121.08,36.85,160.09,50.92,121.97,156.59
87.23,142.07,126.71,155.88,164.14,48.87,124.66,35.06
91.50,141.62,131.46,155.16,168.18,46.82,128.24,33.27
95.78,141.17,136.20,154.45,172.23,44.76,131.82,31.48
100.06,140.72,140.94,153.73,176.28,42.71,135.41,29.69
104.34,140.26,145.68,153.01,180.32,40.66,138.99,27.91
108.62,139.82,150.42,152.30,184.37,38.60,142.56,26.12
108.10,138.49,148.32,151.56,183.88,42.10,143.67,29.03
108.16,138.70,148.54,151.62,183.74,41.62,143.35,28.69
108.22,138.91,148.78,151.69,183.60,41.14,143.04,28.36
108.27,139.12,149.01,151.75,183.46,40.67,142.74,28.03
108.33,139.33,142.43,27.70,183.33,40.19,149.24,151.82
109.40,139.97,150.34,151.44,181.63,39.63,140.70,28.17
110.47,140.62,151.43,151.05,179.94,39.07,138.98,28.63
111.54,141.27,137.25,29.10,178.25,38.50,152.53,150.67
111.95,146.14,154.36,155.22,179.22,39.04,136.79,29.97
112.36,151.01,156.20,159.77,180.19,39.59,136.34,30.83
112.76,155.88,135.88,31.70,181.16,40.13,158.03,164.32
105.81,155.15,149.42,167.31,182.82,47.61,139.20,35.44
101.86,149.92,143.81,165.81,187.47,50.58,145.53,34.69
97.91,144.70,151.85,33.94,192.13,53.56,138.19,164.31
108.33,148.76,150.67,163.44,191.08,46.92,148.74,32.22
118.75,152.81,163.15,162.57,190.04,40.28,145.63,30.50
129.17,156.87,142.52,28.78,188.99,33.63,175.63,161.71
125.08,151.48,140.81,27.40,185.78,33.10,170.05,157.18
121.00,150.81,165.79,158.88,188.00,35.44,143.22,27.37
116.93,150.15,161.52,160.58,190.22,37.77,145.63,27.34
112.85,149.48,148.04,27.32,192.44,40.11,157.26,162.27
119.84,153.09,164.98,162.01,189.47,38.35,144.33,29.43
126.83,156.69,140.61,31.55,186.50,36.60,172.71,161.74
122.07,161.10,169.12,167.49,186.40,39.77,139.35,33.38
117.31,165.51,165.53,173.24,186.31,42.94,138.09,35.22
116.72,164.92,166.11,173.98,190.38,41.12,141.00,32.05
116.13,164.33,166.68,174.73,194.45,39.29,143.90,28.89
115.54,163.74,167.26,175.48,198.52,37.46,146.81,25.72
116.88,157.95,151.65,17.36,204.52,30.43,169.78,171.02
117.57,145.40,163.00,18.67,210.87,35.84,165.44,162.56
118.22,145.39,168.14,163.26,211.41,42.44,161.49,24.56
118.87,145.38,170.84,163.96,211.94,49.04,159.98,30.45
119.52,145.36,173.53,164.66,212.48,55.64,158.47,36.34
120.15,149.12,175.07,167.39,211.85,56.88,156.93,38.61
120.77,152.88,176.62,170.13,211.23,58.12,155.38,40.87
121.40,156.64,178.15,172.87,210.60,59.36,153.85,43.13
123.37,164.71,178.32,179.12,207.63,67.29,152.68,52.88
123.60,164.98,173.59,178.70,203.96,69.06,153.97,55.33
123.83,165.25,168.87,178.29,200.29,70.83,155.26,57.78
124.06,165.51,156.55,60.23,196.62,72.60,164.14,177.88
103.50,153.70,173.46,61.20,207.15,86.69,137.19,179.19
95.86,134.65,123.02,166.08,213.76,89.03,186.59,57.60
88.21,115.59,199.73,53.99,220.37,91.36,108.86,152.97
93.72,69.39,242.94,69.78,242.82,117.85,93.60,117.46
90.65,66.40,231.19,67.05,230.98,112.32,90.44,111.67
100.71,37.23,220.61,76.33,208.01,114.97,88.11,75.88
121.73,12.31,219.70,91.80,194.08,123.38,96.10,43.89
135.56,1.97,218.45,98.48,187.33,125.20,104.44,28.70
158.69,-3.20,219.73,122.17,179.29,141.86,118.25,16.50
186.19,2.80,204.17,132.05,161.12,138.03,143.13,8.79
149.84,137.57,193.27,141.53,203.79,15.43,160.36,11.48
221.40,28.07,182.37,151.02,138.56,137.12,177.59,14.17
241.06,58.96,163.64,154.96,128.23,126.40,205.65,30.41
124.64,126.78,204.84,40.10,237.98,70.76,157.78,157.44
247.81,100.47,147.78,144.94,130.13,105.25,230.16,60.78
251.73,155.62,134.89,131.77,144.40,85.26,261.23,109.12
230.84,174.43,136.97,123.14,157.46,85.62,251.34,136.91
211.55,180.95,131.44,112.41,158.94,80.27,239.06,148.82
195.55,179.97,141.05,100.39,173.12,78.42,227.63,158.00
150.18,90.14,176.89,179.37,213.22,168.61,186.51,79.38
158.23,178.78,159.31,79.90,199.89,80.35,198.81,179.22
147.68,172.77,189.96,178.43,203.31,76.70,161.03,71.04
137.14,166.77,181.11,177.65,206.72,73.06,162.76,62.17
126.59,160.76,164.48,53.31,210.14,69.41,172.26,176.86
102.58,151.49,162.17,44.83,208.25,70.58,148.66,177.24
95.62,138.14,139.31,169.64,208.38,73.86,164.69,42.36
81.01,104.86,179.40,40.97,208.01,85.02,109.61,148.91
83.29,51.14,196.24,54.38,194.84,103.24,81.89,100.00
79.98,50.03,196.24,52.37,195.26,100.85,79.01,98.51
91.51,37.95,196.96,63.16,186.85,105.43,81.40,80.22
113.76,20.00,204.79,74.91,183.71,109.88,92.68,54.97
120.88,13.30,206.10,79.82,181.70,111.08,96.48,44.56
150.76,18.52,197.36,97.30,169.56,113.75,122.96,34.98
163.35,14.09,196.70,102.82,166.71,114.09,133.36,25.36
171.83,16.42,196.70,105.67,167.97,113.67,143.10,24.41
186.88,21.48,187.12,108.42,160.66,108.50,160.43,21.56
202.41,30.02,177.76,112.77,150.17,104.56,174.82,21.81
205.66,38.53,174.77,111.93,147.97,100.65,178.86,27.25
217.82,47.56,172.44,106.41,148.85,88.22,194.23,29.37
226.38,70.96,165.19,102.39,151.34,75.42,212.53,43.99
225.90,82.20,162.30,101.65,152.86,70.78,216.46,51.33
224.38,101.18,155.35,92.01,159.62,59.93,228.63,69.11
215.65,115.22,152.62,86.10,165.59,58.03,228.62,87.16
208.23,120.64,152.05,82.75,168.24,58.75,224.42,96.64
204.00,137.65,150.76,81.72,173.71,59.87,226.95,115.81
187.67,151.14,150.88,69.03,183.28,54.52,220.05,136.64
181.10,153.73,156.76,63.30,191.08,54.07,215.42,144.50
172.54,153.49,166.52,70.63,198.87,68.28,204.89,151.14
174.67,147.80,203.08,146.07,198.33,68.20,169.92,69.93
168.80,144.61,171.99,69.76,203.09,71.10,199.88,145.95
164.99,141.80,196.19,144.74,203.18,70.37,171.97,67.42
161.17,138.98,171.95,65.08,203.27,69.65,192.49,143.54
162.22,137.54,192.57,141.85,202.87,69.37,172.52,65.05
163.26,136.09,192.64,140.16,202.48,69.09,173.10,65.03
164.30,134.64,173.67,65.00,202.09,68.82,192.72,138.47
164.65,134.06,193.23,138.02,203.06,67.02,174.48,63.06
164.99,133.48,193.74,137.56,204.04,65.22,175.29,61.13
165.34,132.89,176.09,59.19,205.01,63.42,194.26,137.11
165.96,131.65,195.25,136.21,206.34,64.04,177.05,59.48
166.58,130.41,196.24,135.30,207.67,64.67,178.01,59.77
167.20,129.17,197.23,134.40,209.00,65.29,178.98,60.06
167.82,127.93,198.21,133.50,210.33,65.91,179.94,60.35
168.44,126.69,199.20,132.59,211.66,66.54,180.90,60.63
169.06,125.45,200.19,131.69,212.99,67.16,181.86,60.92
169.68,124.21,201.18,130.79,214.32,67.79,182.82,61.21
167.69,121.38,196.94,129.66,213.88,70.20,184.63,61.91
166.33,121.35,195.31,129.75,212.81,69.79,183.83,61.39
164.97,121.33,193.69,129.85,211.74,69.38,183.03,60.87
163.61,121.31,192.06,129.94,210.68,68.97,182.23,60.34
162.25,121.29,190.43,130.04,209.61,68.57,181.42,59.82
160.89,121.27,188.81,130.13,208.54,68.16,180.62,59.30
161.97,118.59,186.12,126.96,205.03,72.41,180.88,64.04
159.53,122.24,186.98,130.61,206.47,66.43,179.02,58.05
159.53,123.23,186.78,131.00,205.47,65.10,178.22,57.33
159.53,124.23,186.58,131.39,204.47,63.77,177.42,56.61
157.49,121.84,187.59,130.67,206.51,66.16,176.41,57.33
159.87,121.89,189.43,130.17,207.79,64.45,178.23,56.16
162.26,121.93,191.28,129.68,209.07,62.73,180.05,54.99
164.65,121.98,193.13,129.18,210.35,61.02,181.87,53.82
166.93,123.40,195.12,130.00,210.90,60.85,182.72,54.25
169.21,124.82,197.11,130.82,211.46,60.68,183.56,54.69
171.49,126.24,199.10,131.63,212.01,60.51,184.40,55.12
173.77,127.66,201.09,132.45,212.57,60.34,185.25,55.55
176.05,129.07,203.07,133.27,213.12,60.18,186.09,55.98
178.32,130.49,205.06,134.09,213.68,60.01,186.94,56.41
180.60,131.91,207.05,134.91,214.23,59.84,187.78,56.84
182.88,133.33,209.04,135.73,214.78,59.67,188.62,57.27
185.16,134.75,211.03,136.54,215.34,59.50,189.47,57.71
187.44,136.16,213.02,137.36,215.89,59.34,190.31,58.14
189.72,137.58,215.01,138.18,216.45,59.17,191.16,58.57
192.00,139.00,217.00,139.00,217.00,59.00,192.00,59.00
192.53,139.47,217.46,139.47,217.46,59.47,192.53,59.47
193.05,139.95,217.91,139.95,217.91,59.95,193.05,59.95
193.58,140.42,218.37,140.42,218.37,60.42,193.58,60.42
194.10,139.73,218.83,139.73,218.83,59.73,194.10,59.73
194.63,139.04,219.28,139.04,219.28,59.03,194.63,59.03
195.15,138.34,219.74,138.34,219.74,58.34,195.15,58.34
195.68,137.65,220.20,137.65,220.20,57.65,195.68,57.65
196.21,138.49,220.65,138.49,220.65,58.49,196.21,58.49
196.73,139.32,221.11,139.32,221.11,59.32,196.73,59.32
197.26,140.16,221.57,140.16,221.57,60.16,197.26,60.16
197.78,140.99,222.03,140.99,222.03,60.99,197.78,60.99
198.31,141.83,222.48,141.83,222.48,61.83,198.31,61.83
198.41,141.78,222.51,141.78,222.51,61.78,198.41,61.78
198.51,141.73,222.54,141.73,222.54,61.73,198.51,61.73
198.61,141.68,222.57,141.68,222.57,61.68,198.61,61.68
198.71,141.63,222.60,141.63,222.60,61.63,198.71,61.63
198.81,141.58,222.63,141.58,222.63,61.58,198.81,61.58
198.91,141.54,222.66,141.54,222.66,61.53,198.91,61.53
199.01,141.49,222.70,141.49,222.70,61.49,199.01,61.49
199.10,141.44,222.73,141.44,222.73,61.44,199.10,61.44
199.21,141.39,222.76,141.39,222.76,61.39,199.21,61.39
199.30,141.34,222.79,141.34,222.79,61.34,199.30,61.34
199.40,141.29,222.82,141.29,222.82,61.29,199.40,61.29
199.50,141.24,222.85,141.24,222.85,61.24,199.50,61.24
199.60,141.20,222.88,141.20,222.88,61.19,199.60,61.19
199.70,141.15,222.91,141.15,222.91,61.15,199.70,61.15
199.80,141.10,222.94,141.10,222.94,61.10,199.80,61.10
199.90,141.05,222.97,141.05,222.97,61.05,199.90,61.05
200.00,141.00,223.00,141.00,223.00,61.00,200.00,61.00
199.34,141.02,222.30,141.02,222.30,61.05,199.34,61.05
198.68,141.04,221.61,141.04,221.61,61.11,198.68,61.11
198.02,141.05,220.91,141.05,220.91,61.16,198.02,61.16
197.36,141.07,220.21,141.07,220.21,61.21,197.36,61.21
196.70,141.09,219.52,141.09,219.52,61.27,196.70,61.27
196.04,141.11,218.82,141.11,218.82,61.32,196.04,61.32
195.38,141.12,218.12,141.12,218.12,61.38,195.38,61.38
194.71,141.14,217.43,141.14,217.43,61.43,194.71,61.43
194.15,141.05,216.83,141.05,216.83,61.37,194.15,61.37
193.59,140.96,216.23,140.96,216.23,61.31,193.59,61.31
193.02,140.86,215.63,140.86,215.63,61.26,193.02,61.26
192.46,140.77,215.03,140.77,215.03,61.20,192.46,61.20
191.89,140.68,214.43,140.68,214.43,61.14,191.89,61.14
191.33,140.59,213.83,140.59,213.83,61.09,191.33,61.09
190.76,140.49,213.23,140.49,213.23,61.03,190.76,61.03
190.86,140.84,213.29,140.84,213.29,61.41,190.86,61.41
190.95,141.19,213.35,141.19,213.35,61.79,190.95,61.79
191.05,141.53,213.41,141.53,213.41,62.18,191.05,62.18
191.15,141.88,213.47,141.88,213.47,62.56,191.15,62.56
191.24,142.23,213.52,142.23,213.52,62.94,191.24,62.94
191.34,142.57,213.59,142.57,213.59,63.32,191.34,63.32
191.43,142.92,213.64,142.92,213.64,63.71,191.43,63.71
191.52,143.27,213.70,143.27,213.70,64.09,191.52,64.09
191.62,143.61,213.76,143.61,213.76,64.47,191.62,64.47
191.71,143.96,213.82,143.96,213.82,64.85,191.71,64.85
191.81,144.31,213.88,144.31,213.88,65.24,191.81,65.24
191.90,144.65,213.94,144.65,213.94,65.62,191.90,65.62
192.00,145.00,214.00,145.00,214.00,66.00,192.00,66.00
192.31,144.92,214.31,144.92,214.31,65.77,192.31,65.77
192.62,144.85,214.62,144.85,214.62,65.54,192.62,65.54
192.92,144.77,214.92,144.77,214.92,65.31,192.92,65.31
193.23,144.69,215.23,144.69,215.23,65.08,193.23,65.08
193.54,144.62,215.54,144.62,215.54,64.85,193.54,64.85
193.85,144.54,215.85,144.54,215.85,64.61,193.85,64.61
194.15,144.46,216.15,144.46,216.15,64.39,194.15,64.39
194.46,144.38,216.46,144.38,216.46,64.15,194.46,64.15
194.77,144.31,216.77,144.31,216.77,63.92,194.77,63.92
195.08,144.23,217.08,144.23,217.08,63.69,195.08,63.69
195.38,144.15,217.38,144.15,217.38,63.46,195.38,63.46
195.69,144.08,217.69,144.08,217.69,63.23,195.69,63.23
196.00,144.00,218.00,144.00,218.00,63.00,196.00,63.00
195.99,63.04,196.34,143.55,218.34,143.46,218.00,62.95
195.99,63.09,196.67,143.10,218.68,142.91,217.99,62.90
195.98,63.13,197.01,142.66,219.02,142.37,217.99,62.84
195.98,63.17,197.35,142.21,219.35,141.82,217.99,62.79
195.97,63.22,197.68,141.76,219.69,141.28,217.99,62.74
198.02,141.32,220.03,140.74,217.98,62.68,195.97,63.26
193.67,63.88,197.06,142.06,219.71,140.96,216.33,62.78
191.38,64.51,196.09,142.81,219.39,141.19,214.68,62.88
190.26,64.54,196.31,142.97,220.26,140.82,214.20,62.39
189.15,64.57,196.53,143.13,221.12,140.45,213.73,61.90
188.04,64.60,196.75,143.28,221.98,140.09,213.26,61.40
186.92,64.63,196.97,143.44,222.84,139.72,212.79,60.91
185.81,64.66,197.19,143.60,223.70,139.35,212.32,60.42
184.70,64.69,197.41,143.75,224.56,138.99,211.85,59.92
183.58,64.72,197.63,143.91,225.43,138.62,211.37,59.43
182.47,64.75,197.85,144.07,226.29,138.25,210.90,58.94
181.35,64.78,198.07,144.23,227.15,137.89,210.43,58.45
180.24,64.82,198.29,144.38,228.01,137.52,209.96,57.95
198.51,144.54,228.87,137.15,209.49,57.46,179.13,64.85
176.76,67.33,196.82,145.54,228.24,137.41,208.18,59.21
174.40,69.82,195.12,146.54,227.60,137.68,206.88,60.96
172.04,72.31,193.43,147.54,226.96,137.94,205.57,62.71
191.73,148.55,226.33,138.20,204.27,64.45,169.67,74.80
166.77,77.40,189.23,149.72,224.90,138.60,202.44,66.28
163.87,79.99,186.73,150.89,223.46,139.01,200.61,68.11
184.23,152.06,222.03,139.41,198.77,69.94,160.97,82.59
160.40,82.97,188.50,151.50,222.60,138.28,194.50,69.75
159.84,83.35,192.78,150.93,223.16,137.15,190.22,69.57
159.27,83.72,197.06,150.36,223.73,136.03,185.94,69.39
201.34,149.80,224.30,134.90,181.66,69.20,158.70,84.10
156.15,83.76,198.92,149.15,222.01,134.07,179.25,68.69
153.60,83.42,196.50,148.49,219.73,133.25,176.84,68.17
151.06,83.07,194.07,147.84,217.44,132.43,174.43,67.66
148.87,81.95,188.04,146.46,212.38,131.80,173.21,67.29
182.01,145.09,207.32,131.17,171.99,66.92,146.68,80.83
177.63,145.17,203.04,135.26,176.37,66.83,150.96,76.74
146.42,77.42,181.81,146.79,206.08,134.58,170.69,65.21
185.99,148.40,209.12,133.89,165.01,63.60,141.88,78.11
141.38,77.19,182.91,145.40,206.12,131.31,164.59,63.10
140.87,76.27,179.83,142.39,203.13,128.73,164.17,62.61
140.36,75.35,176.76,139.39,200.14,126.15,163.74,62.11
173.68,136.38,197.14,123.57,163.32,61.62,139.86,74.43
138.57,74.10,169.28,137.23,195.03,125.10,164.32,61.97
137.28,73.77,164.88,138.08,192.92,126.63,165.32,62.32
135.99,73.44,160.49,138.93,190.81,128.16,166.32,62.67
134.70,73.11,156.09,139.78,188.70,129.70,167.31,63.02
151.69,140.62,186.59,131.23,168.31,63.38,133.41,72.78
135.90,70.85,154.20,139.57,188.21,130.49,169.91,61.76
138.39,68.92,156.71,138.52,189.83,129.75,171.51,60.15
140.88,66.99,159.22,137.47,191.46,129.01,173.11,58.53
143.37,65.06,161.73,136.42,193.08,128.28,174.71,56.92
145.85,63.13,164.24,135.37,194.70,127.54,176.31,55.30
148.34,61.20,166.75,134.31,196.33,126.80,177.91,53.69
150.83,59.27,169.26,133.26,197.95,126.07,179.51,52.07
153.32,57.34,171.77,132.21,199.57,125.33,181.11,50.46
174.29,131.16,201.20,124.59,182.71,48.84,155.80,55.41
157.05,55.17,175.25,129.55,201.70,123.08,183.50,48.70
158.30,54.92,176.22,127.95,202.20,121.58,184.28,48.55
159.55,54.68,177.19,126.35,202.70,120.07,185.06,48.40
178.16,124.74,203.20,118.56,185.84,48.26,160.80,54.44
160.35,55.10,176.29,124.97,204.99,118.57,189.04,48.70
159.89,55.76,174.43,125.20,206.78,118.57,192.23,49.13
172.57,125.43,208.57,118.57,195.43,49.57,159.43,56.43
161.14,60.53,175.02,127.42,210.06,120.14,196.18,53.25
162.86,64.63,177.47,129.41,211.54,121.71,196.93,56.92
164.57,68.73,179.92,131.40,213.03,123.27,197.68,60.60
166.29,74.49,182.37,135.05,214.51,126.51,198.43,65.95
184.82,138.71,216.00,129.74,199.18,71.29,168.00,80.26
170.60,84.19,192.99,140.03,221.40,128.81,199.01,72.97
201.17,141.35,226.80,127.88,198.83,74.65,173.20,88.12
197.43,144.97,229.51,125.80,198.57,74.03,166.49,93.20
171.60,92.79,196.04,136.83,231.65,119.71,207.21,75.67
176.70,92.39,194.65,128.69,233.80,113.61,215.85,77.31
181.81,91.98,193.26,120.55,235.94,107.52,224.49,78.95
191.87,112.41,238.08,101.43,233.13,80.59,186.92,91.57
181.36,112.44,200.00,128.99,245.64,77.56,227.00,61.01
182.51,117.51,208.25,130.58,241.99,67.49,216.25,54.42
183.67,122.59,216.49,132.18,238.33,57.41,205.51,47.83
185.57,125.19,219.22,131.77,234.43,52.81,200.78,46.23
187.46,127.80,221.95,131.36,230.54,48.20,196.05,44.64
193.29,46.52,190.47,125.65,222.21,126.98,225.03,47.85
197.38,127.07,226.68,119.70,207.62,43.93,178.32,51.30
177.90,64.66,207.16,115.40,227.10,103.84,197.84,53.10
177.33,77.59,217.28,104.08,227.67,88.41,187.72,61.92
184.06,99.18,228.39,96.46,226.94,72.82,182.61,75.54
190.44,109.26,226.73,91.75,217.56,72.74,181.27,90.25
179.02,103.11,196.79,117.75,227.98,79.89,210.21,65.25
183.95,112.51,203.41,121.38,227.05,69.49,207.59,60.62
186.25,114.55,206.80,120.50,223.75,57.95,203.20,52.00
188.54,116.59,210.20,119.62,220.46,46.41,198.80,43.38
192.93,42.27,194.51,115.30,216.40,114.73,214.82,41.70
188.08,44.50,198.43,110.58,219.67,106.25,209.32,40.17
183.23,46.73,202.35,105.87,222.93,97.77,203.81,38.63
178.38,48.95,206.27,101.15,226.20,89.30,198.31,37.10
210.19,96.43,229.47,80.82,192.81,35.57,173.53,51.18
174.20,54.27,221.01,87.39,232.80,70.73,185.99,37.61
172.60,58.14,223.51,74.69,229.40,58.86,178.49,42.31
171.00,62.00,226.00,62.00,226.00,47.00,171.00,47.00
169.42,49.24,171.86,63.80,224.08,55.26,221.64,40.70
172.72,65.60,222.16,48.53,217.28,34.40,167.84,51.47
165.14,59.27,174.93,73.11,223.61,38.23,213.82,24.40
162.43,67.07,177.13,80.61,225.07,27.93,210.37,14.39
164.73,73.60,181.34,83.62,218.27,22.40,201.66,12.38
167.48,74.73,186.23,81.42,210.85,19.60,192.10,12.92
170.24,75.87,191.12,79.21,203.43,16.80,182.55,13.46
173.00,77.00,196.00,77.00,196.00,14.00,173.00,14.00
167.74,20.53,176.14,78.38,197.60,75.14,189.19,17.29
163.83,30.02,169.43,75.59,194.73,73.43,189.13,27.86
159.91,39.51,162.72,72.79,191.87,71.71,189.07,38.43
156.00,70.00,189.00,70.00,189.00,49.00,156.00,49.00
157.75,76.88,189.00,76.88,189.00,51.62,157.75,51.62
159.50,83.75,189.00,83.75,189.00,54.25,159.50,54.25
161.25,90.62,189.00,90.62,189.00,56.88,161.25,56.88
163.00,97.50,189.00,97.50,189.00,59.50,163.00,59.50
164.75,104.38,189.00,104.38,189.00,62.12,164.75,62.12
166.50,111.25,189.00,111.25,189.00,64.75,166.50,64.75
168.25,118.12,189.00,118.12,189.00,67.38,168.25,67.38
170.00,125.00,189.00,125.00,189.00,70.00,170.00,70.00
168.22,71.16,173.08,123.26,190.98,121.64,186.12,69.54
166.44,72.32,176.16,121.52,192.96,118.28,183.24,69.08
164.66,73.49,179.25,119.78,194.94,114.92,180.35,68.62
162.87,74.65,182.33,118.04,196.93,111.55,177.47,68.16
185.41,116.30,198.91,108.19,174.59,67.70,161.09,75.81
160.83,81.07,187.93,103.23,197.17,91.93,170.07,69.77
160.09,83.54,195.08,95.62,200.04,82.81,165.05,70.73
159.34,86.02,202.23,88.01,202.92,73.68,160.03,71.69
161.71,95.11,197.46,73.87,189.89,61.00,154.13,82.24
155.64,85.71,166.14,95.78,194.09,66.36,183.59,56.30
179.15,49.74,152.45,86.47,168.72,98.29,195.41,61.56
173.96,97.89,187.77,50.71,172.04,46.11,158.23,93.29
159.62,95.30,174.88,97.24,180.70,51.51,165.44,49.58
158.84,53.05,161.01,97.31,175.79,96.58,173.62,52.31
162.40,99.33,176.71,95.93,166.55,53.11,152.24,56.52
146.86,63.03,165.05,99.17,177.14,93.08,158.95,56.94
141.48,69.54,167.70,99.01,177.57,90.23,151.35,60.76
140.00,92.00,174.00,92.00,174.00,77.00,140.00,77.00
136.32,83.83,140.01,99.75,173.14,92.44,169.46,76.52
140.01,107.50,172.29,92.88,164.91,76.04,132.63,90.66
141.62,110.08,169.31,98.54,162.38,81.92,134.69,93.46
141.52,113.28,158.38,116.61,164.48,85.72,147.62,82.39
136.60,110.73,157.15,115.64,164.40,85.27,143.85,80.36
137.72,109.72,158.24,114.53,165.41,83.35,144.90,78.54
138.85,108.71,159.32,113.42,166.43,81.43,145.95,76.72
139.97,107.70,160.41,112.31,167.44,79.51,147.00,74.90
141.09,106.69,161.50,111.19,168.46,77.59,148.05,73.08
142.22,105.68,162.59,110.08,169.47,75.67,149.10,71.26
143.76,106.27,163.43,110.23,169.82,75.52,150.14,71.56
145.30,106.86,164.27,110.37,170.16,75.37,151.19,71.86
146.84,107.45,165.12,110.52,170.51,75.22,152.23,72.15
148.38,108.04,165.96,110.67,170.85,75.08,153.27,72.45
149.92,108.63,166.80,110.81,171.19,74.93,154.31,72.75
151.46,109.22,167.65,110.96,171.54,74.78,155.35,73.04
151.87,109.56,168.13,111.14,171.67,74.71,155.41,73.13
152.29,109.90,168.62,111.33,171.80,74.64,155.47,73.22
152.70,110.25,169.10,111.51,171.94,74.57,155.53,73.30
153.11,110.59,169.59,111.70,172.07,74.50,155.59,73.39
153.52,110.94,170.08,111.89,172.20,74.43,155.65,73.48
153.94,111.28,170.57,112.07,172.34,74.36,155.71,73.56
154.35,111.62,171.05,112.26,172.47,74.29,155.77,73.65
154.76,111.97,171.54,112.44,172.60,74.21,155.82,73.74
155.18,112.31,172.03,112.63,172.73,74.14,155.88,73.83
155.59,112.66,172.51,112.81,172.87,74.07,155.94,73.91
156.00,113.00,173.00,113.00,173.00,74.00,156.00,74.00
155.73,113.38,172.98,113.55,173.47,72.82,156.22,72.65
155.47,113.76,172.95,114.09,173.93,71.64,156.45,71.31
155.20,114.13,172.93,114.64,174.40,70.47,156.67,69.96
154.94,114.51,172.90,115.19,174.86,69.29,156.90,68.61
154.67,114.89,172.88,115.74,175.33,68.11,157.12,67.26
154.40,115.27,172.86,116.28,175.80,66.93,157.34,65.92
154.14,115.65,172.83,116.83,176.26,65.75,157.57,64.57
153.87,116.02,172.81,117.38,176.73,64.58,157.79,63.22
153.61,116.40,172.78,117.92,177.19,63.40,158.02,61.88
153.34,116.78,172.76,118.47,177.66,62.22,158.24,60.53
152.60,117.26,172.84,119.36,178.62,62.19,158.39,60.09
151.86,117.74,172.91,120.24,179.58,62.15,158.54,59.64
151.12,118.23,172.98,121.13,180.54,62.11,158.69,59.20
150.39,118.71,173.05,122.02,181.50,62.07,158.84,58.76
149.65,119.19,173.12,122.91,182.46,62.03,158.99,58.31
148.91,119.68,173.19,123.80,183.42,61.99,159.15,57.87
148.17,120.16,173.26,124.69,184.38,61.95,159.30,57.42
147.44,120.65,173.33,125.58,185.34,61.91,159.45,56.98
146.70,121.13,173.40,126.46,186.30,61.87,159.60,56.53
149.08,122.44,174.50,126.89,185.25,61.56,159.84,57.11
151.46,123.75,175.60,127.31,184.20,61.24,160.07,57.69
153.85,125.07,176.70,127.73,183.15,60.93,160.30,58.27
155.23,124.38,177.13,126.15,181.43,62.95,159.53,61.18
156.62,123.69,177.57,124.58,179.72,64.98,158.77,64.09
158.00,123.00,178.00,123.00,178.00,67.00,158.00,67.00
155.00,123.00,175.00,123.00,175.00,69.00,155.00,69.00
154.67,123.56,175.06,123.56,175.06,69.17,154.67,69.17
154.33,124.11,175.11,124.11,175.11,69.33,154.33,69.33
154.00,124.67,175.17,124.67,175.17,69.50,154.00,69.50
153.67,125.22,175.22,125.22,175.22,69.67,153.67,69.67
153.33,125.78,175.28,125.78,175.28,69.83,153.33,69.83
153.00,126.33,175.33,126.33,175.33,70.00,153.00,70.00
152.67,126.89,175.39,126.89,175.39,70.17,152.67,70.17
152.33,127.44,175.44,127.44,175.44,70.33,152.33,70.33
152.00,128.00,175.50,128.00,175.50,70.50,152.00,70.50
151.67,128.56,175.56,128.56,175.56,70.67,151.67,70.67
151.33,129.11,175.61,129.11,175.61,70.83,151.33,70.83
151.00,129.67,175.67,129.67,175.67,71.00,151.00,71.00
150.67,130.22,175.72,130.22,175.72,71.17,150.67,71.17
150.33,130.78,175.78,130.78,175.78,71.33,150.33,71.33
150.00,131.33,175.83,131.33,175.83,71.50,150.00,71.50
149.67,131.89,175.89,131.89,175.89,71.67,149.67,71.67
149.33,132.44,175.94,132.44,175.94,71.83,149.33,71.83
149.00,133.00,176.00,133.00,176.00,72.00,149.00,72.00
148.00,137.00,175.00,137.00,175.00,71.00,148.00,71.00
146.02,72.01,147.60,136.75,174.81,135.99,173.23,71.25
144.05,73.02,147.21,136.51,174.62,134.98,171.46,71.49
142.07,74.03,146.82,136.26,174.43,133.97,169.68,71.74
140.10,75.04,146.42,136.01,174.24,132.96,167.91,71.99
138.12,76.05,146.02,135.77,174.05,131.95,166.14,72.23
145.63,135.52,173.85,130.94,164.37,72.48,136.15,77.06
141.00,133.00,163.00,133.00,163.00,73.00,141.00,73.00
141.84,140.02,168.21,136.95,160.16,67.98,133.79,71.06
134.44,70.24,142.38,139.68,168.90,136.65,160.96,67.20
135.08,69.42,142.91,139.35,169.59,136.36,161.75,66.43
135.72,68.60,143.45,139.01,170.28,136.07,162.55,65.65
136.37,67.78,143.99,138.68,170.97,135.77,163.34,64.88
137.01,66.96,144.53,138.34,171.66,135.48,164.14,64.10
137.65,66.14,145.07,138.01,172.35,135.19,164.93,63.33
138.29,65.33,145.60,137.67,173.04,134.90,165.73,62.55
138.94,64.51,146.14,137.34,173.73,134.60,166.52,61.78
146.68,137.00,174.42,134.31,167.32,61.00,139.58,63.69
139.96,63.50,146.27,137.33,173.48,134.95,167.18,61.11
140.34,63.31,145.86,137.67,172.55,135.58,167.03,61.22
140.72,63.12,145.45,138.00,171.61,136.21,166.88,61.33
141.10,62.94,145.04,138.33,170.68,136.84,166.74,61.44
141.48,62.75,144.63,138.67,169.74,137.47,166.59,61.56
141.86,62.56,144.23,139.00,168.81,138.10,166.44,61.67
142.24,62.38,143.82,139.33,167.87,138.74,166.29,61.78
142.62,62.19,143.41,139.67,166.93,139.37,166.15,61.89
143.00,140.00,166.00,140.00,166.00,62.00,143.00,62.00
141.75,140.11,164.73,140.56,166.25,62.62,143.27,62.17
140.50,140.22,163.47,141.12,166.50,63.23,143.53,62.34
139.25,140.33,162.20,141.68,166.75,63.85,143.80,62.51
138.00,140.45,160.93,142.23,167.00,64.47,144.07,62.68
138.65,140.51,161.56,142.01,166.65,64.32,143.74,62.82
139.29,140.57,162.18,141.79,166.30,64.17,143.41,62.96
139.94,140.64,162.80,141.56,165.95,64.02,143.08,63.09
140.59,140.70,163.43,141.34,165.60,63.87,142.75,63.23
141.23,140.76,164.05,141.12,165.25,63.72,142.43,63.37
141.88,140.83,164.68,140.89,164.90,63.57,142.10,63.51
142.44,63.64,143.19,140.89,165.97,140.67,165.21,63.42
144.50,140.96,167.26,140.45,165.53,63.27,142.77,63.78
143.12,63.54,144.77,140.76,167.54,140.27,165.88,63.06
143.46,63.31,145.04,140.55,167.82,140.09,166.24,62.84
143.80,63.07,145.30,140.35,168.09,139.91,166.59,62.63
144.15,62.83,145.57,140.15,168.37,139.73,166.95,62.41
144.49,62.60,145.84,139.95,168.65,139.55,167.30,62.20
144.83,62.36,146.11,139.75,168.93,139.37,167.65,61.98
144.73,61.57,145.93,139.00,168.76,138.65,167.56,61.22
144.62,60.79,145.74,138.25,168.59,137.92,167.46,60.46
144.58,61.07,145.63,138.57,168.48,138.26,167.43,60.76
144.54,61.35,145.51,138.88,168.37,138.60,167.40,61.06
144.49,61.63,145.40,139.20,168.27,138.93,167.37,61.36
144.45,61.91,145.28,139.52,168.16,139.27,167.34,61.67
144.41,62.19,145.16,139.83,168.06,139.61,167.31,61.97
144.37,62.47,145.05,140.15,167.95,139.95,167.28,62.27
144.33,62.75,144.93,140.47,167.85,140.29,167.24,62.58
144.29,63.03,144.81,140.78,167.74,140.63,167.21,62.88
144.25,63.31,144.70,141.10,167.63,140.97,167.18,63.18
144.21,63.60,144.58,141.42,167.53,141.31,167.15,63.49
144.16,63.88,144.46,141.73,167.42,141.65,167.12,63.79
144.12,64.16,144.35,142.05,167.32,141.98,167.09,64.09
144.08,64.44,144.23,142.37,167.21,142.32,167.06,64.39
144.04,64.72,144.12,142.68,167.11,142.66,167.03,64.70
144.00,143.00,167.00,143.00,167.00,65.00,144.00,65.00
