729.00,341.00,922.00,341.00,922.00,228.00,729.00,228.00
731.33,343.06,922.11,343.06,922.11,232.11,731.33,232.11
733.67,350.80,922.22,350.80,922.22,241.91,733.67,241.91
736.00,348.83,922.33,348.83,922.33,241.99,736.00,241.99
738.33,346.86,922.44,346.86,922.44,242.08,738.33,242.08
740.67,344.89,922.56,344.89,922.56,242.16,740.67,242.16
743.00,342.91,922.67,342.91,922.67,242.25,743.00,242.25
745.33,340.94,922.78,340.94,922.78,242.33,745.33,242.33
747.67,338.97,922.89,338.97,922.89,242.42,747.67,242.42
750.00,242.50,923.00,242.50,923.00,337.00,750.00,337.00
751.50,237.75,921.50,237.75,921.50,337.75,751.50,337.75
753.00,233.00,920.00,233.00,920.00,338.50,753.00,338.50
756.50,233.25,921.75,233.25,921.75,334.50,756.50,334.50
760.00,233.50,923.50,233.50,923.50,330.50,760.00,330.50
765.06,331.05,927.56,331.05,927.56,229.24,765.06,229.24
770.12,331.61,931.62,331.61,931.62,224.98,770.12,224.98
775.19,332.16,935.69,332.16,935.69,220.72,775.19,220.72
780.25,332.71,939.75,332.71,939.75,216.46,780.25,216.46
785.31,333.27,943.81,333.27,943.81,212.21,785.31,212.21
790.38,333.82,947.88,333.82,947.88,207.95,790.38,207.95
795.44,334.38,951.94,334.38,951.94,203.69,795.44,203.69
808.50,192.00,964.00,192.00,964.00,327.50,808.50,327.50
806.33,326.33,961.50,326.33,961.50,193.83,806.33,193.83
804.17,325.17,959.00,325.17,959.00,195.67,804.17,195.67
802.00,324.00,956.50,324.00,956.50,197.50,802.00,197.50
804.50,322.25,957.25,322.25,957.25,198.75,804.50,198.75
807.00,320.50,958.00,320.50,958.00,200.00,807.00,200.00
810.71,317.86,959.46,317.86,959.46,198.25,810.71,198.25
812.74,318.10,959.24,318.10,959.24,199.38,812.74,199.38
814.76,318.34,959.01,318.34,959.01,200.52,814.76,200.52
816.78,318.58,958.78,318.58,958.78,201.65,816.78,201.65
818.80,318.82,958.55,318.82,958.55,202.79,818.80,202.79
820.82,319.07,958.32,319.07,958.32,203.92,820.82,203.92
822.85,319.31,958.10,319.31,958.10,205.06,822.85,205.06
824.87,319.55,957.87,319.55,957.87,206.19,824.87,206.19
826.89,319.79,957.64,319.79,957.64,207.33,826.89,207.33
828.91,320.03,957.41,320.03,957.41,208.46,828.91,208.46
830.93,320.27,957.18,320.27,957.18,209.60,830.93,209.60
832.96,320.52,956.96,320.52,956.96,210.73,832.96,210.73
834.98,320.76,956.73,320.76,956.73,211.87,834.98,211.87
837.00,213.00,956.50,213.00,956.50,321.00,837.00,321.00
840.50,211.50,956.00,211.50,956.00,319.00,840.50,319.00
844.50,210.50,956.00,210.50,956.00,317.50,844.50,317.50
848.50,209.50,956.50,209.50,956.50,316.00,848.50,316.00
852.50,208.50,956.50,208.50,956.50,314.50,852.50,314.50
856.50,207.50,957.00,207.50,957.00,313.00,856.50,313.00
860.00,206.50,956.50,206.50,956.50,311.50,860.00,311.50
864.00,205.50,956.50,205.50,956.50,310.00,864.00,310.00
868.00,204.50,957.00,204.50,957.00,308.50,868.00,308.50
872.00,203.50,957.00,203.50,957.00,307.00,872.00,307.00
876.00,202.50,957.50,202.50,957.50,306.00,876.00,306.00
877.45,202.38,957.52,202.38,957.52,306.57,877.45,306.57
878.90,202.26,957.55,202.26,957.55,307.14,878.90,307.14
880.36,202.14,957.57,202.14,957.57,307.71,880.36,307.71
881.81,202.02,957.60,202.02,957.60,308.29,881.81,308.29
883.26,201.90,957.62,201.90,957.62,308.86,883.26,308.86
884.71,201.79,957.64,201.79,957.64,309.43,884.71,309.43
886.17,201.67,957.67,201.67,957.67,310.00,886.17,310.00
887.62,201.55,957.69,201.55,957.69,310.57,887.62,310.57
889.07,201.43,957.71,201.43,957.71,311.14,889.07,311.14
890.52,201.31,957.74,201.31,957.74,311.71,890.52,311.71
891.98,201.19,957.76,201.19,957.76,312.29,891.98,312.29
893.43,201.07,957.79,201.07,957.79,312.86,893.43,312.86
894.88,200.95,957.81,200.95,957.81,313.43,894.88,313.43
896.33,200.83,957.83,200.83,957.83,314.00,896.33,314.00
897.79,200.71,957.86,200.71,957.86,314.57,897.79,314.57
899.24,200.60,957.88,200.60,957.88,315.14,899.24,315.14
900.69,200.48,957.90,200.48,957.90,315.71,900.69,315.71
902.14,200.36,957.93,200.36,957.93,316.29,902.14,316.29
903.60,200.24,957.95,200.24,957.95,316.86,903.60,316.86
905.05,200.12,957.98,200.12,957.98,317.43,905.05,317.43
906.50,200.00,958.00,200.00,958.00,318.00,906.50,318.00
906.02,199.76,958.05,199.76,958.05,317.88,906.02,317.88
905.53,199.52,958.10,199.52,958.10,317.76,905.53,317.76
905.05,199.28,958.16,199.28,958.16,317.64,905.05,317.64
904.57,199.03,958.21,199.03,958.21,317.52,904.57,317.52
904.09,198.79,958.26,198.79,958.26,317.40,904.09,317.40
903.60,198.55,958.31,198.55,958.31,317.28,903.60,317.28
903.12,198.31,958.36,198.31,958.36,317.16,903.12,317.16
902.64,198.07,958.41,198.07,958.41,317.03,902.64,317.03
902.16,197.83,958.47,197.83,958.47,316.91,902.16,316.91
901.67,197.59,958.52,197.59,958.52,316.79,901.67,316.79
901.19,197.34,958.57,197.34,958.57,316.67,901.19,316.67
900.71,197.10,958.62,197.10,958.62,316.55,900.71,316.55
900.22,196.86,958.67,196.86,958.67,316.43,900.22,316.43
899.74,196.62,958.72,196.62,958.72,316.31,899.74,316.31
899.26,196.38,958.78,196.38,958.78,316.19,899.26,316.19
898.78,196.14,958.83,196.14,958.83,316.07,898.78,316.07
898.29,195.90,958.88,195.90,958.88,315.95,898.29,315.95
897.81,195.66,958.93,195.66,958.93,315.83,897.81,315.83
897.33,195.41,958.98,195.41,958.98,315.71,897.33,315.71
896.84,195.17,959.03,195.17,959.03,315.59,896.84,315.59
896.36,194.93,959.09,194.93,959.09,315.47,896.36,315.47
895.88,194.69,959.14,194.69,959.14,315.34,895.88,315.34
895.40,194.45,959.19,194.45,959.19,315.22,895.40,315.22
894.91,194.21,959.24,194.21,959.24,315.10,894.91,315.10
894.43,193.97,959.29,193.97,959.29,314.98,894.43,314.98
893.95,193.72,959.34,193.72,959.34,314.86,893.95,314.86
893.47,193.48,959.40,193.48,959.40,314.74,893.47,314.74
892.98,193.24,959.45,193.24,959.45,314.62,892.98,314.62
892.50,193.00,959.50,193.00,959.50,314.50,892.50,314.50
887.44,195.12,959.31,195.12,959.31,314.44,887.44,314.44
882.38,197.25,959.12,197.25,959.12,314.38,882.38,314.38
877.31,199.38,958.94,199.38,958.94,314.31,877.31,314.31
872.25,201.50,958.75,201.50,958.75,314.25,872.25,314.25
867.19,203.62,958.56,203.62,958.56,314.19,867.19,314.19
862.12,205.75,958.38,205.75,958.38,314.12,862.12,314.12
857.06,207.88,958.19,207.88,958.19,314.06,857.06,314.06
852.00,210.00,958.00,210.00,958.00,314.00,852.00,314.00
854.40,209.80,957.80,209.80,957.80,316.20,854.40,316.20
856.80,209.60,957.60,209.60,957.60,318.40,856.80,318.40
859.20,209.40,957.40,209.40,957.40,320.60,859.20,320.60
861.60,209.20,957.20,209.20,957.20,322.80,861.60,322.80
864.00,209.00,957.00,209.00,957.00,325.00,864.00,325.00
861.88,209.54,957.00,209.54,957.00,323.12,861.88,323.12
859.75,210.08,957.00,210.08,957.00,321.25,859.75,321.25
857.62,210.62,957.00,210.62,957.00,319.38,857.62,319.38
855.50,211.17,957.00,211.17,957.00,317.50,855.50,317.50
853.38,211.71,957.00,211.71,957.00,315.62,853.38,315.62
851.25,212.25,957.00,212.25,957.00,313.75,851.25,313.75
849.12,212.79,957.00,212.79,957.00,311.88,849.12,311.88
847.00,213.33,957.00,213.33,957.00,310.00,847.00,310.00
844.88,213.88,957.00,213.88,957.00,308.12,844.88,308.12
842.75,214.42,957.00,214.42,957.00,306.25,842.75,306.25
840.62,214.96,957.00,214.96,957.00,304.38,840.62,304.38
838.50,215.50,957.00,215.50,957.00,302.50,838.50,302.50
838.15,214.12,957.15,214.12,957.15,302.41,838.15,302.41
837.79,212.74,957.29,212.74,957.29,302.32,837.79,302.32
837.44,211.35,957.44,211.35,957.44,302.24,837.44,302.24
837.09,209.97,957.59,209.97,957.59,302.15,837.09,302.15
836.74,208.59,957.74,208.59,957.74,302.06,836.74,302.06
836.38,207.21,957.88,207.21,957.88,301.97,836.38,301.97
836.03,205.82,958.03,205.82,958.03,301.88,836.03,301.88
835.68,204.44,958.18,204.44,958.18,301.79,835.68,301.79
835.32,203.06,958.32,203.06,958.32,301.71,835.32,301.71
834.97,201.68,958.47,201.68,958.47,301.62,834.97,301.62
834.62,200.29,958.62,200.29,958.62,301.53,834.62,301.53
834.26,198.91,958.76,198.91,958.76,301.44,834.26,301.44
833.91,197.53,958.91,197.53,958.91,301.35,833.91,301.35
833.56,196.15,959.06,196.15,959.06,301.26,833.56,301.26
833.21,194.76,959.21,194.76,959.21,301.18,833.21,301.18
832.85,193.38,959.35,193.38,959.35,301.09,832.85,301.09
832.50,192.00,959.50,192.00,959.50,301.00,832.50,301.00
834.00,193.00,959.00,193.00,959.00,300.00,834.00,300.00
836.00,194.00,959.00,194.00,959.00,299.50,836.00,299.50
837.50,195.00,958.50,195.00,958.50,299.00,837.50,299.00
839.50,196.00,958.50,196.00,958.50,298.00,839.50,298.00
841.00,197.00,958.00,197.00,958.00,297.50,841.00,297.50
843.00,198.00,958.50,198.00,958.50,297.00,843.00,297.00
841.00,196.50,958.00,196.50,958.00,296.50,841.00,296.50
839.00,195.00,957.50,195.00,957.50,296.00,839.00,296.00
837.50,193.50,958.00,193.50,958.00,296.00,837.50,296.00
835.50,192.00,957.50,192.00,957.50,295.50,835.50,295.50
833.50,190.50,957.50,190.50,957.50,295.50,833.50,295.50
832.00,189.00,957.50,189.00,957.50,295.00,832.00,295.00
830.00,187.50,957.50,187.50,957.50,295.00,830.00,295.00
828.00,186.00,957.00,186.00,957.00,294.50,828.00,294.50
826.50,184.50,957.50,184.50,957.50,294.50,826.50,294.50
827.00,184.50,957.00,184.50,957.00,292.50,827.00,292.50
828.00,185.00,957.00,185.00,957.00,291.50,828.00,291.50
828.50,185.50,956.50,185.50,956.50,290.50,828.50,290.50
829.50,186.00,957.00,186.00,957.00,289.50,829.50,289.50
830.00,186.50,956.50,186.50,956.50,288.50,830.00,288.50
831.00,186.50,956.50,186.50,956.50,287.00,831.00,287.00
831.50,187.00,956.00,187.00,956.00,286.00,831.50,286.00
832.50,187.50,956.50,187.50,956.50,285.00,832.50,285.00
833.00,188.00,956.00,188.00,956.00,284.00,833.00,284.00
834.00,188.50,956.00,188.50,956.00,283.00,834.00,283.00
835.00,189.00,956.50,189.00,956.50,282.00,835.00,282.00
834.00,196.50,956.50,196.50,956.50,283.00,834.00,283.00
833.00,204.00,956.50,204.00,956.50,284.50,833.00,284.50
832.50,212.00,957.50,212.00,957.50,286.50,832.50,286.50
831.78,212.17,957.39,212.17,957.39,287.89,831.78,287.89
831.06,212.33,957.28,212.33,957.28,289.28,831.06,289.28
830.33,212.50,957.17,212.50,957.17,290.67,830.33,290.67
829.61,212.67,957.06,212.67,957.06,292.06,829.61,292.06
828.89,212.83,956.94,212.83,956.94,293.44,828.89,293.44
828.17,213.00,956.83,213.00,956.83,294.83,828.17,294.83
827.44,213.17,956.72,213.17,956.72,296.22,827.44,296.22
826.72,213.33,956.61,213.33,956.61,297.61,826.72,297.61
826.00,213.50,956.50,213.50,956.50,299.00,826.00,299.00
821.43,213.80,956.55,213.80,956.55,299.18,821.43,299.18
816.86,214.09,956.59,214.09,956.59,299.36,816.86,299.36
812.30,214.39,956.64,214.39,956.64,299.55,812.30,299.55
807.73,214.68,956.68,214.68,956.68,299.73,807.73,299.73
803.16,214.98,956.73,214.98,956.73,299.91,803.16,299.91
798.59,215.27,956.77,215.27,956.77,300.09,798.59,300.09
794.02,215.57,956.82,215.57,956.82,300.27,794.02,300.27
789.45,215.86,956.86,215.86,956.86,300.45,789.45,300.45
784.89,216.16,956.91,216.16,956.91,300.64,784.89,300.64
780.32,216.45,956.95,216.45,956.95,300.82,780.32,300.82
775.75,216.75,957.00,216.75,957.00,301.00,775.75,301.00
771.18,217.05,957.05,217.05,957.05,301.18,771.18,301.18
766.61,217.34,957.09,217.34,957.09,301.36,766.61,301.36
762.05,217.64,957.14,217.64,957.14,301.55,762.05,301.55
757.48,217.93,957.18,217.93,957.18,301.73,757.48,301.73
752.91,218.23,957.23,218.23,957.23,301.91,752.91,301.91
748.34,218.52,957.27,218.52,957.27,302.09,748.34,302.09
743.77,218.82,957.32,218.82,957.32,302.27,743.77,302.27
739.20,219.11,957.36,219.11,957.36,302.45,739.20,302.45
734.64,219.41,957.41,219.41,957.41,302.64,734.64,302.64
730.07,219.70,957.45,219.70,957.45,302.82,730.07,302.82
725.50,220.00,957.50,220.00,957.50,303.00,725.50,303.00
725.50,220.50,956.50,220.50,956.50,303.00,725.50,303.00
726.00,221.50,956.00,221.50,956.00,303.50,726.00,303.50
726.00,222.00,955.50,222.00,955.50,304.00,726.00,304.00
726.50,223.00,955.00,223.00,955.00,304.50,726.50,304.50
726.50,223.50,954.50,223.50,954.50,304.50,726.50,304.50
727.00,224.50,954.00,224.50,954.00,305.50,727.00,305.50
727.50,225.00,954.00,225.00,954.00,305.50,727.50,305.50
727.50,226.00,953.00,226.00,953.00,306.00,727.50,306.00
728.00,226.50,953.00,226.50,953.00,306.50,728.00,306.50
728.00,227.50,952.00,227.50,952.00,307.00,728.00,307.00
728.50,228.00,952.00,228.00,952.00,307.00,728.50,307.00
728.50,229.00,951.00,229.00,951.00,308.00,728.50,308.00
729.00,230.00,951.00,230.00,951.00,308.50,729.00,308.50
729.50,230.50,950.50,230.50,950.50,308.50,729.50,308.50
729.50,231.50,949.50,231.50,949.50,309.50,729.50,309.50
730.00,232.00,949.50,232.00,949.50,309.50,730.00,309.50
730.00,233.00,948.50,233.00,948.50,310.00,730.00,310.00
730.50,233.50,948.50,233.50,948.50,310.50,730.50,310.50
730.50,234.50,947.50,234.50,947.50,311.00,730.50,311.00
731.00,235.00,947.50,235.00,947.50,311.00,731.00,311.00
731.50,236.00,947.00,236.00,947.00,312.00,731.50,312.00
731.50,236.50,946.50,236.50,946.50,312.00,731.50,312.00
732.00,237.50,946.00,237.50,946.00,312.50,732.00,312.50
732.00,238.00,945.50,238.00,945.50,313.00,732.00,313.00
732.50,239.00,945.00,239.00,945.00,313.50,732.50,313.50
733.00,240.00,945.00,240.00,945.00,314.50,733.00,314.50
732.00,239.50,939.00,239.50,939.00,312.50,732.00,312.50
731.00,239.00,933.00,239.00,933.00,311.00,731.00,311.00
730.50,239.00,928.00,239.00,928.00,310.00,730.50,310.00
729.50,238.50,922.00,238.50,922.00,308.00,729.50,308.00
729.00,238.50,917.00,238.50,917.00,307.00,729.00,307.00
728.00,238.00,911.00,238.00,911.00,305.50,728.00,305.50
727.50,238.00,906.00,238.00,906.00,304.50,727.50,304.50
726.50,237.50,900.00,237.50,900.00,302.50,726.50,302.50
726.00,237.50,895.00,237.50,895.00,301.50,726.00,301.50
725.00,237.00,889.00,237.00,889.00,300.00,725.00,300.00
724.50,237.00,884.00,237.00,884.00,299.00,724.50,299.00
705.00,313.00,870.00,313.00,870.00,230.00,705.00,230.00
687.91,314.86,847.86,314.86,847.86,230.68,687.91,230.68
673.07,322.53,827.98,322.53,827.98,237.16,673.07,237.16
677.17,321.30,827.04,321.30,827.04,234.76,677.17,234.76
665.71,321.58,810.53,321.58,810.53,233.85,665.71,233.85
652.54,325.64,792.31,325.64,792.31,236.73,652.54,236.73
603.69,327.26,765.54,327.26,765.54,227.99,603.69,227.99
554.85,328.88,738.77,328.88,738.77,219.24,554.85,219.24
506.00,330.50,712.00,330.50,712.00,210.50,506.00,210.50
484.00,318.50,676.00,318.50,676.00,204.50,484.00,204.50
450.50,323.50,650.50,323.50,650.50,203.50,450.50,203.50
434.50,314.50,643.50,314.50,643.50,200.00,434.50,200.00
432.65,312.70,639.30,312.70,639.30,199.52,432.65,199.52
430.80,310.90,635.10,310.90,635.10,199.05,430.80,199.05
428.95,309.09,630.91,309.09,630.91,198.57,428.95,198.57
427.10,307.29,626.71,307.29,626.71,198.10,427.10,198.10
425.25,305.49,622.51,305.49,622.51,197.62,425.25,197.62
423.40,303.69,618.31,303.69,618.31,197.15,423.40,197.15
421.55,301.89,614.11,301.89,614.11,196.67,421.55,196.67
419.70,300.08,609.92,300.08,609.92,196.19,419.70,196.19
417.85,298.28,605.72,298.28,605.72,195.72,417.85,195.72
417.00,297.94,602.52,297.94,602.52,196.70,417.00,196.70
416.16,297.60,599.33,297.60,599.33,197.69,416.16,197.69
415.31,297.26,596.14,297.26,596.14,198.67,415.31,198.67
414.46,296.92,592.94,296.92,592.94,199.66,414.46,199.66
413.62,296.57,589.75,296.57,589.75,200.64,413.62,200.64
412.77,296.23,586.55,296.23,586.55,201.62,412.77,201.62
411.92,295.89,583.36,295.89,583.36,202.61,411.92,202.61
411.08,295.55,580.16,295.55,580.16,203.59,411.08,203.59
410.23,295.21,576.97,295.21,576.97,204.58,410.23,204.58
409.39,294.87,573.78,294.87,573.78,205.56,409.39,205.56
408.54,294.52,570.58,294.52,570.58,206.55,408.54,206.55
407.69,294.18,567.39,294.18,567.39,207.53,407.69,207.53
406.85,293.84,564.19,293.84,564.19,208.52,406.85,208.52
406.00,209.50,561.00,209.50,561.00,293.50,406.00,293.50
405.61,293.58,559.58,293.58,559.58,209.58,405.61,209.58
405.22,293.67,558.17,293.67,558.17,209.67,405.22,209.67
404.83,293.75,556.75,293.75,556.75,209.75,404.83,209.75
404.44,293.83,555.33,293.83,555.33,209.83,404.44,209.83
404.06,293.92,553.92,293.92,553.92,209.92,404.06,209.92
403.67,294.00,552.50,294.00,552.50,210.00,403.67,210.00
403.28,294.08,551.08,294.08,551.08,210.08,403.28,210.08
402.89,294.17,549.67,294.17,549.67,210.17,402.89,210.17
402.50,294.25,548.25,294.25,548.25,210.25,402.50,210.25
402.11,294.33,546.83,294.33,546.83,210.33,402.11,210.33
401.72,294.42,545.42,294.42,545.42,210.42,401.72,210.42
401.33,294.50,544.00,294.50,544.00,210.50,401.33,210.50
400.94,294.58,542.58,294.58,542.58,210.58,400.94,210.58
400.56,294.67,541.17,294.67,541.17,210.67,400.56,210.67
400.17,294.75,539.75,294.75,539.75,210.75,400.17,210.75
399.78,294.83,538.33,294.83,538.33,210.83,399.78,210.83
399.39,294.92,536.92,294.92,536.92,210.92,399.39,210.92
399.00,295.00,535.50,295.00,535.50,211.00,399.00,211.00
398.06,300.19,534.00,300.19,534.00,211.94,398.06,211.94
397.12,305.38,532.50,305.38,532.50,212.88,397.12,212.88
396.19,310.56,531.00,310.56,531.00,213.81,396.19,213.81
395.25,315.75,529.50,315.75,529.50,214.75,395.25,214.75
394.31,320.94,528.00,320.94,528.00,215.69,394.31,215.69
393.38,326.12,526.50,326.12,526.50,216.62,393.38,216.62
392.44,331.31,525.00,331.31,525.00,217.56,392.44,217.56
391.50,336.50,523.50,336.50,523.50,218.50,391.50,218.50
390.92,334.38,521.58,334.38,521.58,219.21,390.92,219.21
390.33,332.25,519.67,332.25,519.67,219.92,390.33,219.92
389.75,330.12,517.75,330.12,517.75,220.62,389.75,220.62
389.17,328.00,515.83,328.00,515.83,221.33,389.17,221.33
388.58,325.88,513.92,325.88,513.92,222.04,388.58,222.04
388.00,323.75,512.00,323.75,512.00,222.75,388.00,222.75
387.42,321.62,510.08,321.62,510.08,223.46,387.42,223.46
386.83,319.50,508.17,319.50,508.17,224.17,386.83,224.17
386.25,317.38,506.25,317.38,506.25,224.88,386.25,224.88
385.67,315.25,504.33,315.25,504.33,225.58,385.67,225.58
385.08,313.12,502.42,313.12,502.42,226.29,385.08,226.29
384.50,227.00,500.50,227.00,500.50,311.00,384.50,311.00
383.06,313.44,499.88,313.44,499.88,226.06,383.06,226.06
381.62,315.88,499.25,315.88,499.25,225.12,381.62,225.12
380.19,318.31,498.62,318.31,498.62,224.19,380.19,224.19
378.75,320.75,498.00,320.75,498.00,223.25,378.75,223.25
377.31,323.19,497.38,323.19,497.38,222.31,377.31,222.31
375.88,325.62,496.75,325.62,496.75,221.38,375.88,221.38
374.44,328.06,496.12,328.06,496.12,220.44,374.44,220.44
373.00,330.50,495.50,330.50,495.50,219.50,373.00,219.50
371.86,329.43,495.55,329.43,495.55,219.47,371.86,219.47
370.72,328.36,495.60,328.36,495.60,219.43,370.72,219.43
369.59,327.29,495.65,327.29,495.65,219.40,369.59,219.40
368.45,326.22,495.71,326.22,495.71,219.36,368.45,219.36
367.31,325.15,495.76,325.15,495.76,219.33,367.31,219.33
366.17,324.09,495.81,324.09,495.81,219.29,366.17,219.29
365.03,323.02,495.86,323.02,495.86,219.26,365.03,219.26
363.90,321.95,495.91,321.95,495.91,219.22,363.90,219.22
362.76,320.88,495.97,320.88,495.97,219.19,362.76,219.19
361.62,319.81,496.02,319.81,496.02,219.15,361.62,219.15
360.48,318.74,496.07,318.74,496.07,219.12,360.48,219.12
359.35,317.67,496.12,317.67,496.12,219.09,359.35,219.09
358.21,316.60,496.17,316.60,496.17,219.05,358.21,219.05
357.07,315.53,496.22,315.53,496.22,219.02,357.07,219.02
355.93,314.47,496.28,314.47,496.28,218.98,355.93,218.98
354.79,313.40,496.33,313.40,496.33,218.95,354.79,218.95
353.65,312.33,496.38,312.33,496.38,218.91,353.65,218.91
352.52,311.26,496.43,311.26,496.43,218.88,352.52,218.88
351.38,310.19,496.48,310.19,496.48,218.85,351.38,218.85
350.24,309.12,496.53,309.12,496.53,218.81,350.24,218.81
349.10,308.05,496.59,308.05,496.59,218.78,349.10,218.78
347.97,306.98,496.64,306.98,496.64,218.74,347.97,218.74
346.83,305.91,496.69,305.91,496.69,218.71,346.83,218.71
345.69,304.85,496.74,304.85,496.74,218.67,345.69,218.67
344.55,303.78,496.79,303.78,496.79,218.64,344.55,218.64
343.41,302.71,496.85,302.71,496.85,218.60,343.41,218.60
342.28,301.64,496.90,301.64,496.90,218.57,342.28,218.57
341.14,300.57,496.95,300.57,496.95,218.53,341.14,218.53
340.00,218.50,497.00,218.50,497.00,299.50,340.00,299.50
338.67,218.53,496.17,218.53,496.17,299.73,338.67,299.73
337.33,218.57,495.33,218.57,495.33,299.97,337.33,299.97
336.00,218.60,494.50,218.60,494.50,300.20,336.00,300.20
334.67,218.63,493.67,218.63,493.67,300.43,334.67,300.43
333.33,218.67,492.83,218.67,492.83,300.67,333.33,300.67
332.00,218.70,492.00,218.70,492.00,300.90,332.00,300.90
330.67,218.73,491.17,218.73,491.17,301.13,330.67,301.13
329.33,218.77,490.33,218.77,490.33,301.37,329.33,301.37
328.00,218.80,489.50,218.80,489.50,301.60,328.00,301.60
326.67,218.83,488.67,218.83,488.67,301.83,326.67,301.83
325.33,218.87,487.83,218.87,487.83,302.07,325.33,302.07
324.00,218.90,487.00,218.90,487.00,302.30,324.00,302.30
322.67,218.93,486.17,218.93,486.17,302.53,322.67,302.53
321.33,218.97,485.33,218.97,485.33,302.77,321.33,302.77
320.00,219.00,484.50,219.00,484.50,303.00,320.00,303.00
314.12,303.67,481.08,303.67,481.08,219.04,314.12,219.04
308.25,304.33,477.67,304.33,477.67,219.08,308.25,219.08
302.38,305.00,474.25,305.00,474.25,219.12,302.38,219.12
296.50,305.67,470.83,305.67,470.83,219.17,296.50,219.17
290.62,306.33,467.42,306.33,467.42,219.21,290.62,219.21
284.75,307.00,464.00,307.00,464.00,219.25,284.75,219.25
278.88,307.67,460.58,307.67,460.58,219.29,278.88,219.29
273.00,308.33,457.17,308.33,457.17,219.33,273.00,219.33
267.12,309.00,453.75,309.00,453.75,219.38,267.12,219.38
261.25,309.67,450.33,309.67,450.33,219.42,261.25,219.42
255.38,310.33,446.92,310.33,446.92,219.46,255.38,219.46
249.50,311.00,443.50,311.00,443.50,219.50,249.50,219.50
246.70,311.33,440.39,311.33,440.39,219.78,246.70,219.78
243.91,311.67,437.28,311.67,437.28,220.06,243.91,220.06
241.11,312.00,434.17,312.00,434.17,220.33,241.11,220.33
238.32,312.33,431.06,312.33,431.06,220.61,238.32,220.61
235.52,312.67,427.94,312.67,427.94,220.89,235.52,220.89
232.72,313.00,424.83,313.00,424.83,221.17,232.72,221.17
229.93,313.33,421.72,313.33,421.72,221.44,229.93,221.44
227.13,313.67,418.61,313.67,418.61,221.72,227.13,221.72
224.33,314.00,415.50,314.00,415.50,222.00,224.33,222.00
221.54,314.33,412.39,314.33,412.39,222.28,221.54,222.28
218.74,314.67,409.28,314.67,409.28,222.56,218.74,222.56
215.94,315.00,406.17,315.00,406.17,222.83,215.94,222.83
213.15,315.33,403.06,315.33,403.06,223.11,213.15,223.11
210.35,315.67,399.94,315.67,399.94,223.39,210.35,223.39
207.56,316.00,396.83,316.00,396.83,223.67,207.56,223.67
204.76,316.33,393.72,316.33,393.72,223.94,204.76,223.94
201.96,316.67,390.61,316.67,390.61,224.22,201.96,224.22
199.17,317.00,387.50,317.00,387.50,224.50,199.17,224.50
196.37,317.33,384.39,317.33,384.39,224.78,196.37,224.78
193.57,317.67,381.28,317.67,381.28,225.06,193.57,225.06
190.78,318.00,378.17,318.00,378.17,225.33,190.78,225.33
187.98,318.33,375.06,318.33,375.06,225.61,187.98,225.61
185.18,318.67,371.94,318.67,371.94,225.89,185.18,225.89
182.39,319.00,368.83,319.00,368.83,226.17,182.39,226.17
179.59,319.33,365.72,319.33,365.72,226.44,179.59,226.44
176.80,319.67,362.61,319.67,362.61,226.72,176.80,226.72
174.00,227.00,359.50,227.00,359.50,320.00,174.00,320.00
163.61,319.81,349.09,319.81,349.09,226.97,163.61,226.97
161.74,319.63,347.19,319.63,347.19,226.94,161.74,226.94
159.87,319.44,345.29,319.44,345.29,226.91,159.87,226.91
158.00,319.26,343.39,319.26,343.39,226.89,158.00,226.89
156.13,319.07,341.49,319.07,341.49,226.86,156.13,226.86
154.26,318.89,339.59,318.89,339.59,226.83,154.26,226.83
152.39,318.70,337.69,318.70,337.69,226.80,152.39,226.80
150.52,318.51,335.79,318.51,335.79,226.77,150.52,226.77
148.65,318.33,333.89,318.33,333.89,226.74,148.65,226.74
146.77,318.14,331.99,318.14,331.99,226.71,146.77,226.71
144.90,317.96,330.09,317.96,330.09,226.69,144.90,226.69
143.03,317.77,328.19,317.77,328.19,226.66,143.03,226.66
141.16,317.59,326.29,317.59,326.29,226.63,141.16,226.63
140.45,317.40,325.55,317.40,325.55,226.60,140.45,226.60
139.74,317.21,324.81,317.21,324.81,226.57,139.74,226.57
139.03,317.03,324.07,317.03,324.07,226.54,139.03,226.54
138.31,316.84,323.33,316.84,323.33,226.51,138.31,226.51
137.60,316.66,322.59,316.66,322.59,226.49,137.60,226.49
136.89,316.47,321.85,316.47,321.85,226.46,136.89,226.46
136.18,316.29,321.11,316.29,321.11,226.43,136.18,226.43
135.47,316.10,320.37,316.10,320.37,226.40,135.47,226.40
134.76,315.91,319.63,315.91,319.63,226.37,134.76,226.37
134.04,315.73,318.89,315.73,318.89,226.34,134.04,226.34
133.33,315.54,318.15,315.54,318.15,226.31,133.33,226.31
132.62,315.36,317.40,315.36,317.40,226.29,132.62,226.29
131.91,315.17,316.66,315.17,316.66,226.26,131.91,226.26
131.20,314.99,315.92,314.99,315.92,226.23,131.20,226.23
130.48,314.80,315.18,314.80,315.18,226.20,130.48,226.20
129.77,314.61,314.44,314.61,314.44,226.17,129.77,226.17
129.06,314.43,313.70,314.43,313.70,226.14,129.06,226.14
128.35,314.24,312.96,314.24,312.96,226.11,128.35,226.11
127.64,314.06,312.22,314.06,312.22,226.09,127.64,226.09
126.92,313.87,311.48,313.87,311.48,226.06,126.92,226.06
126.21,313.69,310.74,313.69,310.74,226.03,126.21,226.03
125.50,226.00,310.00,226.00,310.00,313.50,125.50,313.50
122.85,226.79,307.35,226.79,307.35,314.15,122.85,314.15
120.21,227.59,304.71,227.59,304.71,314.79,120.21,314.79
117.56,228.38,302.06,228.38,302.06,315.44,117.56,315.44
114.91,229.18,299.41,229.18,299.41,316.09,114.91,316.09
112.26,229.97,296.76,229.97,296.76,316.74,112.26,316.74
109.62,230.76,294.12,230.76,294.12,317.38,109.62,317.38
106.97,231.56,291.47,231.56,291.47,318.03,106.97,318.03
104.32,232.35,288.82,232.35,288.82,318.68,104.32,318.68
101.68,233.15,286.18,233.15,286.18,319.32,101.68,319.32
99.03,233.94,283.53,233.94,283.53,319.97,99.03,319.97
96.38,234.74,280.88,234.74,280.88,320.62,96.38,320.62
93.74,235.53,278.24,235.53,278.24,321.26,93.74,321.26
91.09,236.32,275.59,236.32,275.59,321.91,91.09,321.91
88.44,237.12,272.94,237.12,272.94,322.56,88.44,322.56
85.79,237.91,270.29,237.91,270.29,323.21,85.79,323.21
83.15,238.71,267.65,238.71,267.65,323.85,83.15,323.85
80.50,239.50,265.00,239.50,265.00,324.50,80.50,324.50
82.71,237.36,259.86,237.36,259.86,324.43,82.71,324.43
84.93,235.21,254.71,235.21,254.71,324.36,84.93,324.36
87.14,233.07,249.57,233.07,249.57,324.29,87.14,324.29
89.36,230.93,244.43,230.93,244.43,324.21,89.36,324.21
91.57,228.79,239.29,228.79,239.29,324.14,91.57,324.14
93.79,226.64,234.14,226.64,234.14,324.07,93.79,324.07
96.00,224.50,229.00,224.50,229.00,324.00,96.00,324.00
85.00,226.50,234.50,226.50,234.50,338.00,85.00,338.00
83.95,226.50,234.09,226.50,234.09,337.16,83.95,337.16
82.91,226.50,233.68,226.50,233.68,336.32,82.91,336.32
81.86,226.50,233.27,226.50,233.27,335.48,81.86,335.48
80.82,226.50,232.86,226.50,232.86,334.64,80.82,334.64
79.77,226.50,232.45,226.50,232.45,333.80,79.77,333.80
78.73,226.50,232.05,226.50,232.05,332.95,78.73,332.95
77.68,226.50,231.64,226.50,231.64,332.11,77.68,332.11
76.64,226.50,231.23,226.50,231.23,331.27,76.64,331.27
75.59,226.50,230.82,226.50,230.82,330.43,75.59,330.43
74.55,226.50,230.41,226.50,230.41,329.59,74.55,329.59
73.50,226.50,230.00,226.50,230.00,328.75,73.50,328.75
72.45,226.50,229.59,226.50,229.59,327.91,72.45,327.91
71.41,226.50,229.18,226.50,229.18,327.07,71.41,327.07
70.36,226.50,228.77,226.50,228.77,326.23,70.36,326.23
69.32,226.50,228.36,226.50,228.36,325.39,69.32,325.39
68.27,226.50,227.95,226.50,227.95,324.55,68.27,324.55
67.23,226.50,227.55,226.50,227.55,323.70,67.23,323.70
66.18,226.50,227.14,226.50,227.14,322.86,66.18,322.86
65.14,226.50,226.73,226.50,226.73,322.02,65.14,322.02
64.09,226.50,226.32,226.50,226.32,321.18,64.09,321.18
63.05,226.50,225.91,226.50,225.91,320.34,63.05,320.34
62.00,226.50,225.50,226.50,225.50,319.50,62.00,319.50
58.04,225.33,223.71,225.33,223.71,319.79,58.04,319.79
54.08,224.17,221.92,224.17,221.92,320.08,54.08,320.08
50.12,223.00,220.12,223.00,220.12,320.38,50.12,320.38
46.17,221.83,218.33,221.83,218.33,320.67,46.17,320.67
42.21,220.67,216.54,220.67,216.54,320.96,42.21,320.96
38.25,219.50,214.75,219.50,214.75,321.25,38.25,321.25
34.29,218.33,212.96,218.33,212.96,321.54,34.29,321.54
30.33,217.17,211.17,217.17,211.17,321.83,30.33,321.83
26.38,216.00,209.38,216.00,209.38,322.12,26.38,322.12
22.42,214.83,207.58,214.83,207.58,322.42,22.42,322.42
18.46,213.67,205.79,213.67,205.79,322.71,18.46,322.71
14.50,212.50,204.00,212.50,204.00,323.00,14.50,323.00
2.50,208.50,211.00,208.50,211.00,320.00,2.50,320.00
2.00,207.50,210.50,207.50,210.50,319.50,2.00,319.50
2.00,207.00,210.50,207.00,210.50,319.50,2.00,319.50
2.00,206.50,211.00,206.50,211.00,319.50,2.00,319.50
2.00,206.00,211.00,206.00,211.00,319.50,2.00,319.50
2.00,205.50,211.00,205.50,211.00,319.50,2.00,319.50
2.00,204.50,211.50,204.50,211.50,319.00,2.00,319.00
2.00,204.00,211.50,204.00,211.50,319.00,2.00,319.00
1.50,203.50,211.00,203.50,211.00,319.00,1.50,319.00
1.50,203.00,211.50,203.00,211.50,319.00,1.50,319.00
1.50,202.50,211.50,202.50,211.50,319.00,1.50,319.00
1.50,201.50,211.50,201.50,211.50,318.50,1.50,318.50
1.50,201.00,212.00,201.00,212.00,318.50,1.50,318.50
1.50,200.50,212.00,200.50,212.00,318.50,1.50,318.50
1.50,200.00,212.50,200.00,212.50,318.50,1.50,318.50
1.00,199.50,212.00,199.50,212.00,318.50,1.00,318.50
1.00,198.50,212.00,198.50,212.00,318.00,1.00,318.00
1.00,198.00,212.50,198.00,212.50,318.00,1.00,318.00
1.00,197.50,212.50,197.50,212.50,318.50,1.00,318.50
1.00,197.00,212.50,197.00,212.50,318.50,1.00,318.50
1.00,196.50,213.00,196.50,213.00,318.50,1.00,318.50
1.00,195.50,213.00,195.50,213.00,318.00,1.00,318.00
0.50,195.00,212.50,195.00,212.50,318.00,0.50,318.00
0.50,194.50,213.00,194.50,213.00,318.00,0.50,318.00
0.50,194.00,213.00,194.00,213.00,318.00,0.50,318.00
0.50,193.50,213.50,193.50,213.50,318.00,0.50,318.00
0.50,192.50,213.50,192.50,213.50,317.50,0.50,317.50
0.50,192.00,213.50,192.00,213.50,317.50,0.50,317.50
0.50,191.50,214.00,191.50,214.00,317.50,0.50,317.50
0.00,191.00,213.50,191.00,213.50,317.50,0.00,317.50
0.00,190.50,213.50,190.50,213.50,317.50,0.00,317.50
0.00,189.50,214.00,189.50,214.00,317.00,0.00,317.00
0.00,189.00,214.00,189.00,214.00,317.00,0.00,317.00
0.00,188.50,214.00,188.50,214.00,317.00,0.00,317.00
0.00,188.00,214.50,188.00,214.50,317.00,0.00,317.00
0.00,187.50,214.50,187.50,214.50,317.00,0.00,317.00
0.00,187.00,215.00,187.00,215.00,317.50,0.00,317.50
0.00,186.50,214.50,186.50,214.50,317.50,0.00,317.50
0.00,186.00,214.00,186.00,214.00,317.50,0.00,317.50
0.50,186.00,214.50,186.00,214.50,318.00,0.50,318.00
0.50,185.50,214.00,185.50,214.00,318.00,0.50,318.00
1.00,185.50,214.50,185.50,214.50,318.50,1.00,318.50
1.00,185.00,214.00,185.00,214.00,318.50,1.00,318.50
1.50,185.00,214.50,185.00,214.50,319.00,1.50,319.00
1.50,184.50,214.00,184.50,214.00,319.50,1.50,319.50
2.00,184.00,214.50,184.00,214.50,319.50,2.00,319.50
2.00,184.00,214.00,184.00,214.00,320.00,2.00,320.00
2.50,183.50,214.50,183.50,214.50,320.00,2.50,320.00
2.50,183.50,214.00,183.50,214.00,320.50,2.50,320.50
3.00,183.00,214.50,183.00,214.50,320.50,3.00,320.50
3.00,183.00,214.00,183.00,214.00,321.00,3.00,321.00
3.50,182.50,214.50,182.50,214.50,321.00,3.50,321.00
3.50,182.00,214.00,182.00,214.00,321.50,3.50,321.50
4.00,182.00,214.50,182.00,214.50,322.00,4.00,322.00
4.00,181.50,214.00,181.50,214.00,322.00,4.00,322.00
4.50,181.50,214.50,181.50,214.50,322.50,4.50,322.50
4.50,181.00,214.00,181.00,214.00,322.50,4.50,322.50
5.00,181.00,214.50,181.00,214.50,323.00,5.00,323.00
5.00,180.50,214.00,180.50,214.00,323.00,5.00,323.00
5.50,180.50,214.50,180.50,214.50,324.00,5.50,324.00
18.50,191.50,213.50,191.50,213.50,324.00,18.50,324.00
31.50,202.50,212.50,202.50,212.50,324.00,31.50,324.00
45.00,213.50,212.50,213.50,212.50,324.50,45.00,324.50
47.50,215.07,210.07,215.07,210.07,324.86,47.50,324.86
50.00,216.64,207.64,216.64,207.64,325.21,50.00,325.21
52.50,218.21,205.21,218.21,205.21,325.57,52.50,325.57
55.00,219.79,202.79,219.79,202.79,325.93,55.00,325.93
57.50,221.36,200.36,221.36,200.36,326.29,57.50,326.29
60.00,222.93,197.93,222.93,197.93,326.64,60.00,326.64
62.50,224.50,195.50,224.50,195.50,327.00,62.50,327.00
62.82,224.57,194.46,224.57,194.46,327.07,62.82,327.07
63.14,224.64,193.43,224.64,193.43,327.14,63.14,327.14
63.46,224.71,192.39,224.71,192.39,327.21,63.46,327.21
63.79,224.79,191.36,224.79,191.36,327.29,63.79,327.29
64.11,224.86,190.32,224.86,190.32,327.36,64.11,327.36
64.43,224.93,189.29,224.93,189.29,327.43,64.43,327.43
64.75,225.00,188.25,225.00,188.25,327.50,64.75,327.50
65.07,225.07,187.21,225.07,187.21,327.57,65.07,327.57
65.39,225.14,186.18,225.14,186.18,327.64,65.39,327.64
65.71,225.21,185.14,225.21,185.14,327.71,65.71,327.71
66.04,225.29,184.11,225.29,184.11,327.79,66.04,327.79
66.36,225.36,183.07,225.36,183.07,327.86,66.36,327.86
66.68,225.43,182.04,225.43,182.04,327.93,66.68,327.93
67.00,225.50,181.00,225.50,181.00,328.00,67.00,328.00
66.25,225.32,183.68,225.32,183.68,328.32,66.25,328.32
65.50,225.14,186.36,225.14,186.36,328.64,65.50,328.64
64.75,224.96,189.04,224.96,189.04,328.96,64.75,328.96
64.00,224.79,191.71,224.79,191.71,329.29,64.00,329.29
63.25,224.61,194.39,224.61,194.39,329.61,63.25,329.61
62.50,224.43,197.07,224.43,197.07,329.93,62.50,329.93
61.75,224.25,199.75,224.25,199.75,330.25,61.75,330.25
61.00,224.07,202.43,224.07,202.43,330.57,61.00,330.57
60.25,223.89,205.11,223.89,205.11,330.89,60.25,330.89
59.50,223.71,207.79,223.71,207.79,331.21,59.50,331.21
58.75,223.54,210.46,223.54,210.46,331.54,58.75,331.54
58.00,223.36,213.14,223.36,213.14,331.86,58.00,331.86
57.25,223.18,215.82,223.18,215.82,332.18,57.25,332.18
56.50,223.00,218.50,223.00,218.50,332.50,56.50,332.50
62.50,222.00,224.50,222.00,224.50,330.00,62.50,330.00
64.08,222.58,226.42,222.58,226.42,329.29,64.08,329.29
65.67,223.17,228.33,223.17,228.33,328.58,65.67,328.58
67.25,223.75,230.25,223.75,230.25,327.88,67.25,327.88
68.83,224.33,232.17,224.33,232.17,327.17,68.83,327.17
70.42,224.92,234.08,224.92,234.08,326.46,70.42,326.46
72.00,225.50,236.00,225.50,236.00,325.75,72.00,325.75
73.58,226.08,237.92,226.08,237.92,325.04,73.58,325.04
75.17,226.67,239.83,226.67,239.83,324.33,75.17,324.33
76.75,227.25,241.75,227.25,241.75,323.62,76.75,323.62
78.33,227.83,243.67,227.83,243.67,322.92,78.33,322.92
79.92,228.42,245.58,228.42,245.58,322.21,79.92,322.21
81.50,229.00,247.50,229.00,247.50,321.50,81.50,321.50
82.00,228.93,247.07,228.93,247.07,321.90,82.00,321.90
82.50,228.85,246.65,228.85,246.65,322.30,82.50,322.30
83.00,228.77,246.23,228.77,246.23,322.70,83.00,322.70
83.50,228.70,245.80,228.70,245.80,323.10,83.50,323.10
84.00,228.62,245.38,228.62,245.38,323.50,84.00,323.50
84.50,228.55,244.95,228.55,244.95,323.90,84.50,323.90
85.00,228.48,244.52,228.48,244.52,324.30,85.00,324.30
85.50,228.40,244.10,228.40,244.10,324.70,85.50,324.70
86.00,228.32,243.68,228.32,243.68,325.10,86.00,325.10
86.50,228.25,243.25,228.25,243.25,325.50,86.50,325.50
87.00,228.18,242.82,228.18,242.82,325.90,87.00,325.90
87.50,228.10,242.40,228.10,242.40,326.30,87.50,326.30
88.00,228.02,241.98,228.02,241.98,326.70,88.00,326.70
88.50,227.95,241.55,227.95,241.55,327.10,88.50,327.10
89.00,227.88,241.12,227.88,241.12,327.50,89.00,327.50
89.50,227.80,240.70,227.80,240.70,327.90,89.50,327.90
90.00,227.73,240.27,227.73,240.27,328.30,90.00,328.30
90.50,227.65,239.85,227.65,239.85,328.70,90.50,328.70
91.00,227.57,239.43,227.57,239.43,329.10,91.00,329.10
91.50,227.50,239.00,227.50,239.00,329.50,91.50,329.50
88.25,227.75,242.88,227.75,242.88,330.62,88.25,330.62
85.00,228.00,246.75,228.00,246.75,331.75,85.00,331.75
81.75,228.25,250.62,228.25,250.62,332.88,81.75,332.88
78.50,228.50,254.50,228.50,254.50,334.00,78.50,334.00
78.00,226.50,254.50,226.50,254.50,332.50,78.00,332.50
77.50,225.00,254.50,225.00,254.50,331.50,77.50,331.50
77.50,223.50,255.00,223.50,255.00,330.50,77.50,330.50
77.00,222.00,255.00,222.00,255.00,329.50,77.00,329.50
77.00,220.50,255.50,220.50,255.50,328.50,77.00,328.50
76.50,219.00,255.50,219.00,255.50,327.50,76.50,327.50
76.50,217.50,256.00,217.50,256.00,327.00,76.50,327.00
74.50,219.00,256.00,219.00,256.00,327.50,74.50,327.50
73.00,220.50,256.50,220.50,256.50,328.00,73.00,328.00
71.50,222.00,257.00,222.00,257.00,328.50,71.50,328.50
70.00,223.50,257.50,223.50,257.50,329.00,70.00,329.00
68.50,225.50,258.00,225.50,258.00,330.00,68.50,330.00
67.00,227.00,258.50,227.00,258.50,330.50,67.00,330.50
65.00,228.50,258.50,228.50,258.50,331.00,65.00,331.00
63.50,230.00,259.00,230.00,259.00,331.50,63.50,331.50
62.00,231.50,259.50,231.50,259.50,332.00,62.00,332.00
60.50,233.50,260.50,233.50,260.50,333.00,60.50,333.00
59.00,235.00,261.00,235.00,261.00,333.50,59.00,333.50
57.50,236.50,261.50,236.50,261.50,334.00,57.50,334.00
55.50,238.00,261.50,238.00,261.50,334.50,55.50,334.50
54.00,239.50,262.00,239.50,262.00,335.00,54.00,335.00
52.50,241.50,262.50,241.50,262.50,336.00,52.50,336.00
51.00,243.00,263.00,243.00,263.00,336.50,51.00,336.50
49.50,244.50,263.50,244.50,263.50,337.00,49.50,337.00
48.00,246.00,264.00,246.00,264.00,337.50,48.00,337.50
46.50,248.00,265.00,248.00,265.00,338.50,46.50,338.50
50.00,246.50,265.00,246.50,265.00,337.50,50.00,337.50
54.00,245.00,265.50,245.00,265.50,336.50,54.00,336.50
58.00,243.50,266.00,243.50,266.00,335.50,58.00,335.50
61.50,242.50,266.50,242.50,266.50,335.00,61.50,335.00
65.50,241.00,267.00,241.00,267.00,334.00,65.50,334.00
69.50,239.50,267.50,239.50,267.50,333.00,69.50,333.00
73.50,238.50,268.50,238.50,268.50,332.50,73.50,332.50
75.00,237.50,275.50,237.50,275.50,330.00,75.00,330.00
77.00,236.50,283.50,236.50,283.50,327.50,77.00,327.50
78.50,236.00,291.00,236.00,291.00,325.50,78.50,325.50
80.50,235.00,299.00,235.00,299.00,323.50,80.50,323.50
82.50,234.00,307.00,234.00,307.00,321.00,82.50,321.00
84.00,233.50,314.50,233.50,314.50,319.00,84.00,319.00
86.00,232.50,322.50,232.50,322.50,316.50,86.00,316.50
88.00,232.00,330.50,232.00,330.50,315.00,88.00,315.00
89.50,231.50,331.50,231.50,331.50,315.00,89.50,315.00
91.50,231.00,333.50,231.00,333.50,315.00,91.50,315.00
93.50,231.00,335.50,231.00,335.50,316.00,93.50,316.00
95.00,230.50,337.00,230.50,337.00,316.00,95.00,316.00
97.00,230.50,339.00,230.50,339.00,317.00,97.00,317.00
99.00,230.00,341.00,230.00,341.00,317.00,99.00,317.00
101.00,229.50,343.00,229.50,343.00,317.00,101.00,317.00
102.50,229.50,344.50,229.50,344.50,318.00,102.50,318.00
104.50,229.00,346.50,229.00,346.50,318.00,104.50,318.00
106.50,229.00,348.00,229.00,348.00,319.00,106.50,319.00
108.50,228.50,350.00,228.50,350.00,319.00,108.50,319.00
110.00,228.50,351.50,228.50,351.50,320.00,110.00,320.00
112.00,228.00,353.50,228.00,353.50,320.00,112.00,320.00
114.00,227.50,355.50,227.50,355.50,320.00,114.00,320.00
116.00,227.50,357.50,227.50,357.50,321.00,116.00,321.00
117.50,227.00,359.00,227.00,359.00,321.00,117.50,321.00
119.50,227.00,361.00,227.00,361.00,322.00,119.50,322.00
121.50,226.50,363.00,226.50,363.00,322.00,121.50,322.00
123.50,226.50,365.00,226.50,365.00,323.00,123.50,323.00
128.00,225.00,372.50,225.00,372.50,325.00,128.00,325.00
132.50,224.00,380.00,224.00,380.00,328.00,132.50,328.00
137.00,222.50,387.50,222.50,387.50,330.00,137.00,330.00
141.50,221.50,395.00,221.50,395.00,333.00,141.50,333.00
146.00,220.50,403.00,220.50,403.00,336.00,146.00,336.00
148.25,333.92,403.83,333.92,403.83,221.33,148.25,221.33
150.50,331.83,404.67,331.83,404.67,222.17,150.50,222.17
152.75,329.75,405.50,329.75,405.50,223.00,152.75,223.00
155.00,327.67,406.33,327.67,406.33,223.83,155.00,223.83
157.25,325.58,407.17,325.58,407.17,224.67,157.25,224.67
159.50,323.50,408.00,323.50,408.00,225.50,159.50,225.50
162.20,319.50,414.20,319.50,414.20,225.20,162.20,225.20
164.90,315.50,420.40,315.50,420.40,224.90,164.90,224.90
167.60,311.50,426.60,311.50,426.60,224.60,167.60,224.60
170.30,307.50,432.80,307.50,432.80,224.30,170.30,224.30
173.00,224.00,439.00,224.00,439.00,303.50,173.00,303.50
174.50,223.00,439.00,223.00,439.00,303.00,174.50,303.00
176.00,222.50,439.50,222.50,439.50,303.00,176.00,303.00
177.50,221.50,440.00,221.50,440.00,303.00,177.50,303.00
179.50,221.00,441.00,221.00,441.00,303.00,179.50,303.00
181.00,220.00,441.50,220.00,441.50,303.00,181.00,303.00
182.50,219.50,442.00,219.50,442.00,303.00,182.50,303.00
184.50,218.50,442.50,218.50,442.50,302.50,184.50,302.50
186.00,218.00,443.00,218.00,443.00,303.00,186.00,303.00
187.50,217.00,443.50,217.00,443.50,302.50,187.50,302.50
189.00,216.50,444.00,216.50,444.00,303.00,189.00,303.00
191.00,215.50,445.00,215.50,445.00,302.50,191.00,302.50
192.50,215.00,445.50,215.00,445.50,303.00,192.50,303.00
194.00,214.50,445.50,214.50,445.50,303.00,194.00,303.00
196.00,213.50,446.50,213.50,446.50,302.50,196.00,302.50
197.50,213.00,447.00,213.00,447.00,303.00,197.50,303.00
199.00,212.00,447.50,212.00,447.50,302.50,199.00,302.50
200.50,211.50,448.00,211.50,448.00,303.00,200.50,303.00
202.50,210.50,449.00,210.50,449.00,302.50,202.50,302.50
204.00,210.00,449.00,210.00,449.00,302.50,204.00,302.50
205.50,209.00,449.50,209.00,449.50,302.50,205.50,302.50
207.50,208.50,450.50,208.50,450.50,302.50,207.50,302.50
209.00,207.50,451.00,207.50,451.00,302.50,209.00,302.50
210.50,207.00,451.50,207.00,451.50,302.50,210.50,302.50
212.50,206.50,452.50,206.50,452.50,303.00,212.50,303.00
219.00,205.50,456.00,205.50,456.00,302.00,219.00,302.00
226.00,205.00,460.00,205.00,460.00,302.00,226.00,302.00
233.00,204.50,464.00,204.50,464.00,301.50,233.00,301.50
240.00,204.00,468.00,204.00,468.00,301.50,240.00,301.50
239.50,203.50,467.50,203.50,467.50,301.00,239.50,301.00
239.50,203.50,467.50,203.50,467.50,301.50,239.50,301.50
239.50,203.00,468.00,203.00,468.00,301.50,239.50,301.50
239.50,203.00,468.00,203.00,468.00,302.00,239.50,302.00
239.50,203.00,468.50,203.00,468.50,302.50,239.50,302.50
239.50,202.50,468.50,202.50,468.50,302.50,239.50,302.50
239.50,202.50,469.00,202.50,469.00,303.00,239.50,303.00
239.00,202.00,468.50,202.00,468.50,303.00,239.00,303.00
239.00,202.00,468.50,202.00,468.50,303.50,239.00,303.50
239.00,202.00,469.00,202.00,469.00,304.00,239.00,304.00
239.00,201.50,469.00,201.50,469.00,303.50,239.00,303.50
239.00,201.50,469.50,201.50,469.50,304.00,239.00,304.00
239.00,201.50,469.50,201.50,469.50,304.50,239.00,304.50
239.00,201.00,470.00,201.00,470.00,304.50,239.00,304.50
238.50,201.00,469.50,201.00,469.50,305.00,238.50,305.00
238.50,200.50,470.00,200.50,470.00,305.00,238.50,305.00
238.50,200.50,470.00,200.50,470.00,305.50,238.50,305.50
238.50,200.50,470.00,200.50,470.00,306.00,238.50,306.00
238.50,200.00,470.50,200.00,470.50,306.00,238.50,306.00
238.50,200.00,470.50,200.00,470.50,306.50,238.50,306.50
238.50,199.50,471.00,199.50,471.00,306.00,238.50,306.00
238.50,199.50,471.00,199.50,471.00,306.50,238.50,306.50
238.00,199.50,471.00,199.50,471.00,307.00,238.00,307.00
238.00,199.00,471.00,199.00,471.00,307.00,238.00,307.00
238.00,199.00,471.50,199.00,471.50,307.50,238.00,307.50
238.00,199.00,471.50,199.00,471.50,308.00,238.00,308.00
238.00,198.50,471.50,198.50,471.50,308.00,238.00,308.00
238.00,198.50,472.00,198.50,472.00,308.50,238.00,308.50
238.00,198.00,472.00,198.00,472.00,308.50,238.00,308.50
237.50,198.00,472.00,198.00,472.00,309.00,237.50,309.00
237.50,198.00,472.00,198.00,472.00,309.50,237.50,309.50
237.50,197.50,472.50,197.50,472.50,309.00,237.50,309.00
237.50,197.50,472.50,197.50,472.50,309.50,237.50,309.50
237.50,197.00,473.00,197.00,473.00,309.50,237.50,309.50
237.50,197.00,473.00,197.00,473.00,310.00,237.50,310.00
237.50,197.00,473.00,197.00,473.00,310.50,237.50,310.50
237.50,196.50,473.50,196.50,473.50,310.50,237.50,310.50
237.00,196.50,473.00,196.50,473.00,311.00,237.00,311.00
237.00,196.50,473.50,196.50,473.50,311.50,237.00,311.50
237.00,196.00,473.50,196.00,473.50,311.50,237.00,311.50
237.00,196.00,474.00,196.00,474.00,312.00,237.00,312.00
237.00,195.50,474.00,195.50,474.00,311.50,237.00,311.50
237.00,195.50,474.50,195.50,474.50,312.00,237.00,312.00
237.00,195.50,474.50,195.50,474.50,312.50,237.00,312.50
236.50,195.00,474.00,195.00,474.00,312.50,236.50,312.50
236.50,195.00,474.50,195.00,474.50,313.00,236.50,313.00
236.50,194.50,474.50,194.50,474.50,313.00,236.50,313.00
236.50,194.50,475.00,194.50,475.00,313.50,236.50,313.50
236.50,194.50,475.00,194.50,475.00,314.00,236.50,314.00
236.50,194.00,475.50,194.00,475.50,314.00,236.50,314.00
236.50,194.00,475.50,194.00,475.50,314.50,236.50,314.50
236.50,194.00,476.00,194.00,476.00,315.00,236.50,315.00
240.30,194.90,474.30,194.90,474.30,314.50,240.30,314.50
244.10,195.80,472.60,195.80,472.60,314.00,244.10,314.00
247.90,196.70,470.90,196.70,470.90,313.50,247.90,313.50
251.70,197.60,469.20,197.60,469.20,313.00,251.70,313.00
255.50,198.50,467.50,198.50,467.50,312.50,255.50,312.50
255.12,198.46,469.77,198.46,469.77,312.19,255.12,312.19
254.73,198.42,472.04,198.42,472.04,311.88,254.73,311.88
254.35,198.38,474.31,198.38,474.31,311.58,254.35,311.58
253.96,198.35,476.58,198.35,476.58,311.27,253.96,311.27
253.58,198.31,478.85,198.31,478.85,310.96,253.58,310.96
253.19,198.27,481.12,198.27,481.12,310.65,253.19,310.65
252.81,198.23,483.38,198.23,483.38,310.35,252.81,310.35
252.42,198.19,485.65,198.19,485.65,310.04,252.42,310.04
252.04,198.15,487.92,198.15,487.92,309.73,252.04,309.73
251.65,198.12,490.19,198.12,490.19,309.42,251.65,309.42
251.27,198.08,492.46,198.08,492.46,309.12,251.27,309.12
250.88,198.04,494.73,198.04,494.73,308.81,250.88,308.81
250.50,198.00,497.00,198.00,497.00,308.50,250.50,308.50
250.50,195.00,494.50,195.00,494.50,308.00,250.50,308.00
250.50,192.00,492.50,192.00,492.50,307.50,250.50,307.50
251.00,189.00,490.50,189.00,490.50,307.50,251.00,307.50
251.00,186.00,488.50,186.00,488.50,307.00,251.00,307.00
251.00,183.00,486.00,183.00,486.00,306.50,251.00,306.50
251.50,180.00,484.50,180.00,484.50,306.50,251.50,306.50
251.50,177.00,482.00,177.00,482.00,306.00,251.50,306.00
251.50,174.00,480.00,174.00,480.00,305.50,251.50,305.50
252.00,171.50,478.50,171.50,478.50,306.00,252.00,306.00
251.52,171.32,478.02,171.32,478.02,306.24,251.52,306.24
251.04,171.14,477.54,171.14,477.54,306.48,251.04,306.48
250.56,170.96,477.06,170.96,477.06,306.72,250.56,306.72
250.08,170.78,476.58,170.78,476.58,306.96,250.08,306.96
249.60,170.60,476.10,170.60,476.10,307.20,249.60,307.20
249.12,170.42,475.62,170.42,475.62,307.44,249.12,307.44
248.64,170.24,475.14,170.24,475.14,307.68,248.64,307.68
248.16,170.06,474.66,170.06,474.66,307.92,248.16,307.92
247.68,169.88,474.18,169.88,474.18,308.16,247.68,308.16
247.20,169.70,473.70,169.70,473.70,308.40,247.20,308.40
246.72,169.52,473.22,169.52,473.22,308.64,246.72,308.64
246.24,169.34,472.74,169.34,472.74,308.88,246.24,308.88
245.76,169.16,472.26,169.16,472.26,309.12,245.76,309.12
245.28,168.98,471.78,168.98,471.78,309.36,245.28,309.36
244.80,168.80,471.30,168.80,471.30,309.60,244.80,309.60
244.32,168.62,470.82,168.62,470.82,309.84,244.32,309.84
243.84,168.44,470.34,168.44,470.34,310.08,243.84,310.08
243.36,168.26,469.86,168.26,469.86,310.32,243.36,310.32
242.88,168.08,469.38,168.08,469.38,310.56,242.88,310.56
242.40,167.90,468.90,167.90,468.90,310.80,242.40,310.80
241.92,167.72,468.42,167.72,468.42,311.04,241.92,311.04
241.44,167.54,467.94,167.54,467.94,311.28,241.44,311.28
240.96,167.36,467.46,167.36,467.46,311.52,240.96,311.52
240.48,167.18,466.98,167.18,466.98,311.76,240.48,311.76
240.00,167.00,466.50,167.00,466.50,312.00,240.00,312.00
251.50,167.00,472.00,167.00,472.00,305.50,251.50,305.50
253.00,166.50,471.00,166.50,471.00,305.00,253.00,305.00
254.50,166.50,470.00,166.50,470.00,305.00,254.50,305.00
256.00,166.00,469.00,166.00,469.00,304.50,256.00,304.50
257.50,166.00,468.00,166.00,468.00,304.50,257.50,304.50
259.00,165.50,467.00,165.50,467.00,304.00,259.00,304.00
260.50,165.50,466.00,165.50,466.00,304.00,260.50,304.00
262.00,165.00,465.00,165.00,465.00,303.50,262.00,303.50
263.50,165.00,464.00,165.00,464.00,303.50,263.50,303.50
263.50,164.50,463.50,164.50,463.50,303.00,263.50,303.00
263.50,164.00,463.00,164.00,463.00,303.00,263.50,303.00
263.50,163.50,463.00,163.50,463.00,303.00,263.50,303.00
263.50,163.50,462.50,163.50,462.50,303.50,263.50,303.50
263.50,163.00,462.50,163.00,462.50,303.50,263.50,303.50
263.50,162.50,462.00,162.50,462.00,303.50,263.50,303.50
263.50,162.00,462.00,162.00,462.00,303.50,263.50,303.50
263.50,162.00,461.50,162.00,461.50,304.00,263.50,304.00
263.50,161.50,461.50,161.50,461.50,304.00,263.50,304.00
263.50,161.00,461.00,161.00,461.00,304.00,263.50,304.00
264.00,161.00,461.50,161.00,461.50,304.50,264.00,304.50
264.00,161.00,461.00,161.00,461.00,304.00,264.00,304.00
264.00,161.00,461.00,161.00,461.00,303.50,264.00,303.50
264.50,161.50,461.50,161.50,461.50,304.00,264.50,304.00
264.50,161.50,461.50,161.50,461.50,303.50,264.50,303.50
265.00,162.00,462.00,162.00,462.00,304.00,265.00,304.00
265.00,162.00,462.00,162.00,462.00,303.50,265.00,303.50
265.00,162.50,462.00,162.50,462.00,303.50,265.00,303.50
265.50,162.50,462.50,162.50,462.50,303.50,265.50,303.50
265.50,163.00,462.00,163.00,462.00,303.50,265.50,303.50
266.00,163.00,462.50,163.00,462.50,303.50,266.00,303.50
266.00,163.50,462.50,163.50,462.50,303.50,266.00,303.50
266.00,163.50,462.50,163.50,462.50,303.00,266.00,303.00
266.50,164.00,463.00,164.00,463.00,303.50,266.50,303.50
266.50,164.00,463.00,164.00,463.00,303.00,266.50,303.00
267.00,164.50,463.50,164.50,463.50,303.50,267.00,303.50
267.00,164.50,463.50,164.50,463.50,303.00,267.00,303.00
267.50,165.00,464.00,165.00,464.00,303.50,267.50,303.50
268.00,164.50,463.00,164.50,463.00,303.50,268.00,303.50
269.00,164.00,462.50,164.00,462.50,303.50,269.00,303.50
269.50,164.00,462.00,164.00,462.00,304.00,269.50,304.00
270.50,163.50,461.50,163.50,461.50,304.00,270.50,304.00
271.50,163.50,461.50,163.50,461.50,304.50,271.50,304.50
272.00,163.00,460.50,163.00,460.50,304.50,272.00,304.50
273.00,162.50,460.00,162.50,460.00,304.50,273.00,304.50
273.50,162.50,459.50,162.50,459.50,305.00,273.50,305.00
274.50,162.00,459.00,162.00,459.00,305.00,274.50,305.00
275.50,162.00,459.00,162.00,459.00,306.00,275.50,306.00
263.00,162.00,461.00,162.00,461.00,304.50,263.00,304.50
250.50,162.50,463.00,162.50,463.00,303.50,250.50,303.50
249.50,167.50,468.50,167.50,468.50,304.00,249.50,304.00
249.00,173.00,475.00,173.00,475.00,305.00,249.00,305.00
248.00,178.00,481.00,178.00,481.00,305.50,248.00,305.50
247.50,183.50,487.50,183.50,487.50,307.00,247.50,307.00
249.50,184.50,487.00,184.50,487.00,306.50,249.50,306.50
252.00,185.50,487.00,185.50,487.00,306.00,252.00,306.00
254.50,186.50,487.00,186.50,487.00,305.50,254.50,305.50
257.00,187.50,487.00,187.50,487.00,305.50,257.00,305.50
259.50,188.50,487.00,188.50,487.00,305.00,259.50,305.00
262.00,189.50,487.50,189.50,487.50,304.50,262.00,304.50
264.50,190.50,487.50,190.50,487.50,304.00,264.50,304.00
267.00,191.50,487.50,191.50,487.50,304.00,267.00,304.00
269.50,192.50,487.50,192.50,487.50,303.50,269.50,303.50
272.00,193.50,487.50,193.50,487.50,303.00,272.00,303.00
274.50,195.00,488.00,195.00,488.00,303.50,274.50,303.50
273.50,198.50,493.50,198.50,493.50,302.00,273.50,302.00
272.50,202.00,499.00,202.00,499.00,301.00,272.50,301.00
272.00,206.00,505.00,206.00,505.00,300.50,272.00,300.50
271.00,209.50,510.50,209.50,510.50,299.50,271.00,299.50
270.50,213.50,516.50,213.50,516.50,299.00,270.50,299.00
278.50,213.00,516.50,213.00,516.50,297.50,278.50,297.50
286.50,212.50,517.00,212.50,517.00,296.00,286.50,296.00
295.00,212.50,518.00,212.50,518.00,295.50,295.00,295.50
298.44,211.89,518.50,211.89,518.50,296.44,298.44,296.44
301.89,211.28,519.00,211.28,519.00,297.39,301.89,297.39
305.33,210.67,519.50,210.67,519.50,298.33,305.33,298.33
308.78,210.06,520.00,210.06,520.00,299.28,308.78,299.28
312.22,209.44,520.50,209.44,520.50,300.22,312.22,300.22
315.67,208.83,521.00,208.83,521.00,301.17,315.67,301.17
319.11,208.22,521.50,208.22,521.50,302.11,319.11,302.11
322.56,207.61,522.00,207.61,522.00,303.06,322.56,303.06
326.00,207.00,522.50,207.00,522.50,304.00,326.00,304.00
327.25,209.00,529.25,209.00,529.25,303.88,327.25,303.88
328.50,211.00,536.00,211.00,536.00,303.75,328.50,303.75
329.75,213.00,542.75,213.00,542.75,303.62,329.75,303.62
331.00,215.00,549.50,215.00,549.50,303.50,331.00,303.50
326.50,209.50,553.50,209.50,553.50,303.00,326.50,303.00
330.00,208.50,553.50,208.50,553.50,302.00,330.00,302.00
334.00,208.00,554.00,208.00,554.00,301.50,334.00,301.50
337.50,207.50,554.00,207.50,554.00,301.50,337.50,301.50
341.50,207.00,554.50,207.00,554.50,301.00,341.50,301.00
345.00,206.50,554.50,206.50,554.50,300.50,345.00,300.50
349.00,206.00,555.00,206.00,555.00,300.50,349.00,300.50
352.50,205.50,555.00,205.50,555.00,300.00,352.50,300.00
356.50,205.00,555.50,205.00,555.50,299.50,356.50,299.50
360.00,204.50,555.50,204.50,555.50,299.50,360.00,299.50
364.00,204.00,556.00,204.00,556.00,299.00,364.00,299.00
368.00,203.50,556.50,203.50,556.50,299.00,368.00,299.00
372.00,205.50,557.00,205.50,557.00,301.00,372.00,301.00
376.00,208.00,557.50,208.00,557.50,303.50,376.00,303.50
380.00,210.50,558.00,210.50,558.00,306.50,380.00,306.50
384.00,213.00,558.50,213.00,558.50,309.00,384.00,309.00
388.00,215.50,559.00,215.50,559.00,311.50,388.00,311.50
392.00,218.00,559.50,218.00,559.50,314.50,392.00,314.50
396.00,220.50,560.00,220.50,560.00,317.00,396.00,317.00
400.50,223.00,561.50,223.00,561.50,320.00,400.50,320.00
417.50,226.00,571.00,226.00,571.00,325.00,417.50,325.00
435.00,229.50,581.00,229.50,581.00,330.50,435.00,330.50
446.00,231.50,585.00,231.50,585.00,330.00,446.00,330.00
457.00,233.50,589.00,233.50,589.00,329.50,457.00,329.50
468.00,235.50,593.50,235.50,593.50,329.00,468.00,329.00
479.00,237.50,597.50,237.50,597.50,328.50,479.00,328.50
490.50,239.50,602.50,239.50,602.50,328.50,490.50,328.50
491.00,334.00,675.00,334.00,675.00,240.50,491.00,240.50
502.80,333.30,689.30,333.30,689.30,242.10,502.80,242.10
514.60,332.60,703.60,332.60,703.60,243.70,514.60,243.70
526.40,331.90,717.90,331.90,717.90,245.30,526.40,245.30
538.20,331.20,732.20,331.20,732.20,246.90,538.20,246.90
550.00,330.50,746.50,330.50,746.50,248.50,550.00,248.50
568.08,327.25,752.08,327.25,752.08,247.00,568.08,247.00
574.57,328.20,746.07,328.20,746.07,249.70,574.57,249.70
609.80,321.65,768.80,321.65,768.80,244.90,609.80,244.90
645.03,315.10,791.53,315.10,791.53,240.10,645.03,240.10
680.27,308.55,814.27,308.55,814.27,235.30,680.27,235.30
715.50,230.50,837.00,230.50,837.00,302.00,715.50,302.00
714.50,229.50,843.50,229.50,843.50,303.00,714.50,303.00
713.50,229.00,850.00,229.00,850.00,304.50,713.50,304.50
712.50,228.50,857.00,228.50,857.00,306.00,712.50,306.00
711.50,227.50,863.50,227.50,863.50,307.00,711.50,307.00
710.50,227.00,870.00,227.00,870.00,308.50,710.50,308.50
710.00,226.50,877.50,226.50,877.50,310.00,710.00,310.00
705.50,225.50,880.50,225.50,880.50,311.00,705.50,311.00
701.50,224.50,884.50,224.50,884.50,312.00,701.50,312.00
697.50,223.50,888.50,223.50,888.50,313.50,697.50,313.50
701.18,223.11,890.82,223.11,890.82,313.50,701.18,313.50
704.86,222.71,893.14,222.71,893.14,313.50,704.86,313.50
708.54,222.32,895.46,222.32,895.46,313.50,708.54,313.50
712.21,221.93,897.79,221.93,897.79,313.50,712.21,313.50
715.89,221.54,900.11,221.54,900.11,313.50,715.89,313.50
719.57,221.14,902.43,221.14,902.43,313.50,719.57,313.50
723.25,220.75,904.75,220.75,904.75,313.50,723.25,313.50
726.93,220.36,907.07,220.36,907.07,313.50,726.93,313.50
730.61,219.96,909.39,219.96,909.39,313.50,730.61,313.50
734.29,219.57,911.71,219.57,911.71,313.50,734.29,313.50
737.96,219.18,914.04,219.18,914.04,313.50,737.96,313.50
741.64,218.79,916.36,218.79,916.36,313.50,741.64,313.50
745.32,218.39,918.68,218.39,918.68,313.50,745.32,313.50
749.00,218.00,921.00,218.00,921.00,313.50,749.00,313.50
746.30,217.80,925.80,217.80,925.80,317.50,746.30,317.50
743.60,217.60,930.60,217.60,930.60,321.50,743.60,321.50
740.90,217.40,935.40,217.40,935.40,325.50,740.90,325.50
738.20,217.20,940.20,217.20,940.20,329.50,738.20,329.50
735.50,217.00,945.00,217.00,945.00,333.50,735.50,333.50
736.50,217.00,947.00,217.00,947.00,336.00,736.50,336.00
737.50,217.00,949.00,217.00,949.00,339.00,737.50,339.00
738.50,217.00,951.00,217.00,951.00,341.50,738.50,341.50
739.50,217.00,953.00,217.00,953.00,344.50,739.50,344.50
740.50,217.00,955.00,217.00,955.00,347.00,740.50,347.00
741.50,217.00,957.50,217.00,957.50,350.00,741.50,350.00
