286.160,252.170,329.840,252.170,329.840,297.830,286.160,297.830
291.430,301.890,332.310,291.850,321.570,248.120,280.690,258.150
290.580,305.050,330.490,298.560,322.420,248.950,282.510,255.440
295.980,304.430,332.410,295.360,321.020,249.570,284.590,258.640
294.410,302.920,333.620,295.040,324.590,250.080,285.380,257.960
294.680,304.990,333.620,295.270,322.320,250.010,283.380,259.730
296.250,304.250,332.260,293.450,319.750,251.750,283.740,262.550
292.650,304.730,329.620,296.870,320.350,253.260,283.380,261.130
293.080,308.860,330.360,299.440,319.920,258.140,282.640,267.560
294.150,312.010,328.760,303.270,318.850,263.990,284.240,272.730
279.400,265.380,324.600,265.380,324.600,311.620,279.400,311.620
286.660,312.030,324.900,303.080,314.340,257.970,276.100,266.920
285.580,316.180,326.000,307.140,315.420,259.820,275.000,268.860
287.740,319.330,327.590,310.670,318.260,267.670,278.410,276.330
280.250,321.050,325.140,314.330,317.750,264.950,272.860,271.670
282.160,320.470,323.750,312.170,314.840,267.530,273.250,275.830
284.970,322.090,325.520,314.930,317.030,266.910,276.480,274.070
286.030,320.840,327.060,311.510,316.970,267.160,275.940,276.490
279.550,274.530,319.450,274.530,319.450,316.470,279.550,316.470
284.260,325.600,325.070,316.190,314.740,271.400,273.930,280.810
285.040,324.620,326.890,317.410,318.960,271.380,277.110,278.590
277.760,272.860,324.240,272.860,324.240,317.140,277.760,317.140
279.530,275.530,322.470,275.530,322.470,318.470,279.530,318.470
282.730,323.430,326.900,313.670,316.270,265.570,272.100,275.330
282.850,324.060,322.520,317.970,315.150,269.940,275.480,276.030
279.000,271.000,317.000,271.000,317.000,316.000,279.000,316.000
279.420,322.990,326.000,317.140,319.580,266.010,273.000,271.860
281.060,323.030,323.990,317.700,317.940,268.970,275.010,274.300
282.460,328.480,326.340,322.500,319.540,272.520,275.660,278.500
275.790,272.630,322.210,272.630,322.210,321.370,275.790,321.370
278.510,324.230,322.250,318.120,315.490,269.770,271.750,275.880
280.380,330.630,321.240,325.200,314.620,275.370,273.760,280.800
276.310,328.540,318.400,326.200,315.690,277.460,273.600,279.800
275.650,327.350,318.480,321.770,312.350,274.650,269.520,280.230
278.820,328.550,319.800,322.290,312.180,272.450,271.200,278.710
277.790,325.150,320.110,320.730,315.210,273.850,272.890,278.270
275.870,278.710,321.130,278.710,321.130,326.290,275.870,326.290
278.860,325.930,318.190,322.240,314.140,279.070,274.810,282.760
278.440,322.730,320.650,319.050,316.560,272.270,274.350,275.950
280.130,327.320,320.600,321.200,313.870,276.680,273.400,282.800
277.000,278.000,317.000,278.000,317.000,321.000,277.000,321.000
285.390,329.300,325.920,321.180,315.610,269.700,275.080,277.820
280.560,324.690,320.100,319.190,313.440,271.310,273.900,276.810
280.410,324.890,321.140,318.210,313.590,272.110,272.860,278.790
280.160,324.170,321.570,315.770,311.840,267.830,270.430,276.230
279.950,325.210,320.790,316.950,311.050,268.790,270.210,277.050
280.150,320.910,319.610,312.070,308.850,264.090,269.390,272.930
276.800,324.810,317.240,317.380,308.200,268.190,267.760,275.620
276.600,319.130,315.610,312.040,307.400,266.870,268.390,273.960
275.000,322.600,318.770,315.540,311.000,267.400,267.230,274.460
274.500,323.420,318.670,316.140,310.500,266.580,266.330,273.860
275.510,321.720,316.990,315.950,310.490,269.280,269.010,275.050
271.000,274.000,313.000,274.000,313.000,315.000,271.000,315.000
266.680,270.550,318.320,270.550,318.320,323.450,266.680,323.450
273.210,328.520,318.930,319.830,308.790,266.480,263.070,275.170
276.050,326.320,315.830,317.340,303.950,264.680,264.170,273.660
273.640,320.870,315.130,311.810,305.360,267.130,263.870,276.190
263.720,272.920,314.280,272.920,314.280,321.080,263.720,321.080
269.790,325.350,314.770,320.630,309.210,267.650,264.230,272.370
269.340,327.260,315.360,318.660,305.660,266.740,259.640,275.340
271.630,323.740,313.970,315.060,304.370,268.260,262.030,276.940
262.660,273.660,308.340,273.660,308.340,319.340,262.660,319.340
256.730,274.760,302.270,274.760,302.270,319.240,256.730,319.240
263.890,325.020,305.450,315.860,295.110,268.980,253.550,278.140
267.350,328.280,308.900,316.350,294.650,266.720,253.100,278.650
255.630,274.490,304.370,274.490,304.370,324.510,255.630,324.510
264.740,333.550,310.930,318.020,294.260,268.450,248.070,283.980
258.810,328.250,302.670,316.880,290.190,268.750,246.330,280.120
260.780,332.570,305.080,317.720,288.220,267.430,243.920,282.280
257.740,327.720,298.490,316.080,284.260,266.280,243.510,277.920
252.300,326.860,296.140,315.600,283.700,267.140,239.860,278.400
254.640,327.520,296.240,316.320,283.360,268.480,241.760,279.680
253.110,325.510,292.200,316.260,280.890,268.490,241.800,277.740
250.750,326.900,292.380,317.300,281.250,269.100,239.620,278.700
253.590,327.760,291.340,317.240,277.410,267.240,239.660,277.760
248.750,321.720,289.460,311.100,277.250,264.280,236.540,274.900
249.080,328.040,291.550,317.970,279.920,268.960,237.460,279.030
249.510,323.820,290.550,314.640,279.490,265.180,238.450,274.360
255.090,327.220,293.880,314.890,278.910,267.780,240.120,280.110
250.000,278.000,291.000,278.000,291.000,324.000,250.000,324.000
251.730,327.690,297.990,318.780,288.270,268.310,242.010,277.220
255.860,326.990,295.650,315.900,283.140,271.010,243.350,282.100
254.850,328.170,299.410,318.850,289.150,269.830,244.590,279.150
257.640,327.430,299.880,317.480,288.360,268.570,246.120,278.520
256.770,327.830,302.070,318.630,292.230,270.170,246.930,279.370
259.410,330.180,301.570,319.310,289.590,272.820,247.430,283.690
258.520,328.480,300.330,314.750,284.480,266.520,242.670,280.250
259.230,330.860,299.100,320.240,285.770,270.140,245.900,280.760
250.050,275.960,294.950,275.960,294.950,323.040,250.050,323.040
253.620,327.030,294.620,320.160,286.380,270.970,245.380,277.840
255.100,328.620,296.270,319.580,285.900,272.380,244.730,281.420
256.920,325.440,298.090,313.880,285.080,267.560,243.910,279.120
252.500,325.790,295.180,316.950,285.500,270.210,242.820,279.050
254.770,326.640,292.990,313.620,277.230,267.360,239.010,280.380
251.810,329.950,294.490,321.190,284.190,271.050,241.510,279.810
249.580,328.340,293.730,320.740,284.420,266.660,240.270,274.260
245.260,326.970,291.610,320.650,283.740,263.030,237.400,269.350
239.540,268.420,285.460,268.420,285.460,316.580,239.540,316.580
244.050,323.110,289.650,315.420,279.950,257.890,234.350,265.580
237.510,324.460,280.120,323.120,278.490,271.540,235.880,272.880
239.000,272.000,280.000,272.000,280.000,320.000,239.000,320.000
252.000,296.000,290.000,296.000,290.000,339.000,252.000,339.000
269.000,311.000,307.000,311.000,307.000,353.000,269.000,353.000
283.000,319.000,322.000,319.000,322.000,362.000,283.000,362.000
307.000,328.000,341.000,328.000,341.000,372.000,307.000,372.000
331.000,339.000,371.000,339.000,371.000,386.000,331.000,386.000
354.000,341.000,391.000,341.000,391.000,387.000,354.000,387.000
362.000,338.000,396.000,338.000,396.000,379.000,362.000,379.000
361.000,336.000,396.000,336.000,396.000,380.000,361.000,380.000
364.000,335.000,404.000,335.000,404.000,380.000,364.000,380.000
368.000,330.000,406.000,330.000,406.000,376.000,368.000,376.000
370.000,319.000,408.000,319.000,408.000,366.000,370.000,366.000
375.000,321.000,413.000,321.000,413.000,368.000,375.000,368.000
378.000,320.000,413.000,320.000,413.000,368.000,378.000,368.000
371.000,318.000,411.000,318.000,411.000,365.000,371.000,365.000
370.000,321.000,407.000,321.000,407.000,369.000,370.000,369.000
370.000,322.000,407.000,322.000,407.000,369.000,370.000,369.000
368.000,323.000,408.000,323.000,408.000,371.000,368.000,371.000
366.000,324.000,401.000,324.000,401.000,371.000,366.000,371.000
362.000,325.000,400.000,325.000,400.000,372.000,362.000,372.000
362.000,327.000,399.000,327.000,399.000,376.000,362.000,376.000
361.000,329.000,402.000,329.000,402.000,376.000,361.000,376.000
356.000,329.000,393.000,329.000,393.000,373.000,356.000,373.000
353.000,328.000,391.000,328.000,391.000,375.000,353.000,375.000
349.000,324.000,385.000,324.000,385.000,369.000,349.000,369.000
338.000,318.000,374.000,318.000,374.000,366.000,338.000,366.000
335.000,316.000,372.000,316.000,372.000,362.000,335.000,362.000
336.000,321.000,371.000,321.000,371.000,368.000,336.000,368.000
338.000,322.000,375.000,322.000,375.000,368.000,338.000,368.000
335.000,323.000,374.000,323.000,374.000,369.000,335.000,369.000
333.000,317.000,369.000,317.000,369.000,364.000,333.000,364.000
331.390,363.650,365.450,367.890,371.610,318.350,337.550,314.110
329.840,362.040,365.050,367.530,372.160,321.960,336.950,316.470
334.000,318.000,368.000,318.000,368.000,360.000,334.000,360.000
326.980,355.780,359.900,364.120,371.020,320.220,338.100,311.880
322.340,350.040,359.990,358.200,370.660,308.960,333.010,300.800
318.770,349.650,356.770,356.350,365.230,308.350,327.230,301.650
319.700,355.060,356.510,359.790,363.300,306.940,326.490,302.210
313.360,354.540,351.550,363.700,362.640,317.460,324.450,308.300
304.610,357.840,339.970,367.400,351.390,325.160,316.030,315.600
301.300,360.890,339.960,369.080,349.700,323.110,311.040,314.920
299.440,363.100,340.670,372.050,351.560,321.900,310.330,312.950
303.030,362.240,341.180,370.660,351.970,321.760,313.820,313.340
305.000,317.000,345.000,317.000,345.000,367.000,305.000,367.000
304.880,362.030,342.320,369.290,351.120,323.970,313.680,316.710
306.390,356.450,343.010,362.620,350.610,317.550,313.990,311.380
307.580,352.610,346.230,356.150,350.420,310.390,311.770,306.850
309.410,346.440,344.400,354.240,354.590,308.560,319.600,300.760
307.870,343.890,344.620,349.520,351.130,307.110,314.380,301.480
310.450,294.480,352.550,294.480,352.550,338.520,310.450,338.520
311.570,333.670,351.200,342.790,361.430,298.330,321.800,289.210
312.840,340.650,353.800,346.550,361.160,295.350,320.200,289.450
310.490,335.130,351.530,344.910,362.510,298.870,321.470,289.090
315.520,336.250,353.730,342.820,361.480,297.750,323.270,291.180
313.990,334.110,351.550,344.260,363.010,301.890,325.450,291.740
312.650,335.020,347.720,344.370,360.350,296.980,325.280,287.630
313.780,329.920,359.260,341.970,372.220,293.080,326.740,281.030
316.070,324.450,354.030,336.210,366.930,294.550,328.970,282.790
322.080,326.580,357.470,333.920,366.920,288.420,331.530,281.080
322.270,321.900,356.220,330.870,366.730,291.100,332.780,282.130
320.360,325.220,354.270,335.380,367.640,290.780,333.730,280.620
328.270,279.270,370.730,279.270,370.730,321.730,328.270,321.730
322.620,313.860,359.090,327.940,376.380,283.140,339.910,269.060
324.710,315.810,358.830,322.350,367.290,278.190,333.170,271.650
322.040,314.520,356.840,323.520,367.960,280.480,333.160,271.480
324.260,316.920,357.980,323.310,366.740,277.080,333.020,270.690
325.110,314.150,359.590,322.500,370.890,275.850,336.410,267.500
322.390,313.080,361.770,324.150,375.610,274.920,336.230,263.850
327.660,268.640,372.340,268.640,372.340,315.360,327.660,315.360
327.100,310.460,364.300,319.790,375.900,273.540,338.700,264.210
329.650,309.770,366.600,319.390,378.350,274.230,341.400,264.610
329.980,308.940,365.040,317.920,376.020,275.060,340.960,266.080
329.670,312.150,366.170,321.990,378.330,276.850,341.830,267.010
327.000,313.280,369.530,325.320,383.000,277.720,340.470,265.680
331.640,314.040,367.690,322.670,379.360,273.960,343.310,265.330
332.280,268.290,373.720,268.290,373.720,311.710,332.280,311.710
333.570,307.710,368.850,313.490,375.430,273.290,340.150,267.510
332.140,264.150,373.860,264.150,373.860,307.850,332.140,307.850
329.550,300.340,364.820,309.170,375.450,266.660,340.180,257.830
330.160,292.480,369.150,302.430,379.840,260.520,340.850,250.570
332.560,289.660,366.320,300.040,379.440,257.340,345.680,246.960
332.490,294.870,367.120,305.230,381.510,257.130,346.880,246.770
333.010,289.960,369.180,300.920,383.990,252.040,347.820,241.080
336.440,284.740,372.060,297.460,388.560,251.260,352.940,238.540
339.970,281.060,372.330,293.420,387.030,254.940,354.670,242.580
341.890,283.360,377.440,295.740,392.110,253.640,356.560,241.260
352.000,250.000,388.000,250.000,388.000,293.000,352.000,293.000
345.010,286.780,385.450,297.320,397.990,249.220,357.550,238.680
349.660,282.210,384.930,293.330,398.340,250.790,363.070,239.670
351.070,286.810,386.590,295.830,397.930,251.190,362.410,242.170
351.870,287.680,386.660,298.070,399.130,256.320,364.340,245.930
350.670,287.620,386.370,296.650,398.330,249.380,362.630,240.350
349.230,282.070,383.980,295.610,401.770,249.930,367.020,236.390
351.210,289.730,387.830,301.780,403.790,253.270,367.170,241.220
352.900,285.200,389.040,296.970,403.100,253.800,366.960,242.030
353.760,282.720,388.740,297.980,408.240,253.280,373.260,238.020
357.210,283.930,393.320,294.740,405.790,253.070,369.680,242.260
357.790,282.630,393.200,294.640,408.210,250.370,372.800,238.370
357.350,283.690,398.650,296.060,412.650,249.310,371.350,236.940
359.630,284.360,394.320,294.000,406.370,250.640,371.680,241.000
358.200,281.470,397.550,294.060,411.800,249.530,372.450,236.940
362.060,283.960,399.370,292.390,408.940,250.040,371.630,241.610
359.160,283.580,392.360,294.700,407.840,248.410,374.640,237.300
367.000,239.000,405.000,239.000,405.000,281.000,367.000,281.000
361.000,285.400,400.600,292.000,410.000,235.600,370.400,229.000
357.060,277.040,398.980,289.070,413.940,236.960,372.020,224.930
366.700,277.130,397.440,283.930,406.300,243.870,375.560,237.070
367.370,283.530,400.730,290.300,409.630,246.470,376.270,239.700
361.940,281.730,396.870,293.260,411.060,250.270,376.130,238.740
357.950,285.190,394.650,296.910,409.050,251.810,372.350,240.090
359.520,288.500,391.090,298.950,404.480,258.500,372.910,248.050
357.470,289.680,390.700,299.970,404.530,255.320,371.300,245.030
357.690,292.230,385.340,299.220,396.310,255.770,368.660,248.780
354.210,294.240,386.350,300.830,395.790,254.760,363.650,248.170
350.590,288.710,386.390,296.770,396.410,252.290,360.610,244.230
355.740,286.350,381.020,292.250,390.260,252.650,364.980,246.750
353.600,281.980,388.870,290.360,399.400,246.020,364.130,237.640
353.080,282.040,383.690,289.420,393.920,246.960,363.310,239.590
346.890,284.900,384.020,294.410,395.110,251.100,357.980,241.590
343.380,286.400,378.700,298.000,393.620,252.600,358.300,241.000
342.340,286.110,376.290,295.190,388.660,248.890,354.710,239.810
338.190,281.950,373.480,291.700,385.810,247.050,350.520,237.300
337.760,285.900,376.040,293.630,385.240,248.100,346.960,240.370
334.780,280.980,371.040,290.480,383.220,244.020,346.960,234.520
334.560,283.120,369.200,293.060,382.440,246.880,347.800,236.940
334.090,281.030,367.000,289.610,378.910,243.970,346.000,235.380
335.040,283.630,367.660,290.730,377.960,243.370,345.340,236.270
332.910,283.820,366.670,292.650,379.090,245.180,345.330,236.350
336.070,280.520,364.340,288.290,376.930,242.480,348.660,234.710
337.740,275.690,367.030,282.150,376.260,240.310,346.970,233.850
336.010,270.420,366.850,279.980,379.990,237.570,349.150,228.020
337.040,274.900,369.130,282.860,381.960,231.100,349.870,223.140
338.040,272.670,365.860,282.410,380.960,239.330,353.140,229.590
334.110,274.380,366.690,283.950,380.890,235.620,348.310,226.050
340.730,266.150,368.630,275.150,382.270,232.850,354.370,223.850
337.290,271.080,369.360,280.550,383.710,231.920,351.640,222.450
337.000,269.050,369.560,280.390,384.000,238.950,351.440,227.610
338.120,265.600,371.010,276.250,384.880,233.400,351.990,222.750
339.690,265.020,372.800,275.500,385.310,235.980,352.200,225.500
336.620,269.700,368.730,279.470,383.380,231.300,351.270,221.530
342.770,266.680,373.330,275.330,385.230,233.320,354.670,224.670
339.990,262.320,371.090,273.260,385.010,233.680,353.910,222.740
340.870,262.740,371.940,271.920,385.130,227.260,354.060,218.080
342.700,259.170,374.060,266.830,385.300,220.830,353.940,213.170
341.340,257.600,370.900,269.050,386.660,228.400,357.100,216.950
343.100,256.600,375.190,265.520,386.900,223.400,354.810,214.480
343.730,254.590,373.650,263.300,385.270,223.410,355.350,214.700
343.620,255.210,374.790,263.020,385.380,220.790,354.210,212.980
341.850,254.710,374.510,263.510,386.150,220.290,353.490,211.490
339.910,256.970,375.380,266.170,387.090,221.030,351.620,211.820
340.390,255.850,373.400,266.110,388.610,217.150,355.600,206.890
340.570,257.530,374.290,268.790,389.430,223.470,355.710,212.210
345.110,253.120,374.140,262.510,388.890,216.880,359.860,207.490
340.510,257.990,371.620,270.180,390.490,222.010,359.380,209.820
343.800,250.790,375.810,261.830,391.200,217.210,359.190,206.170
344.660,256.830,375.400,267.240,391.340,220.170,360.600,209.760
339.040,252.920,375.110,269.160,394.960,225.080,358.890,208.840
352.190,255.900,381.710,266.920,398.810,221.100,369.290,210.080
352.690,260.010,381.410,269.940,397.310,223.990,368.590,214.060
351.520,261.530,385.980,272.410,400.480,226.470,366.020,215.590
353.240,271.460,387.200,278.260,395.760,235.540,361.800,228.740
352.420,273.160,381.190,280.490,392.580,235.840,363.810,228.510
347.710,275.550,382.760,286.510,395.290,246.460,360.240,235.490
344.080,277.020,375.360,285.960,387.920,241.980,356.640,233.040
349.000,238.000,379.000,238.000,379.000,280.000,349.000,280.000
345.000,278.000,377.380,283.200,384.000,242.000,351.620,236.790
343.570,284.760,379.170,291.460,388.430,242.240,352.830,235.540
345.390,280.160,375.920,287.760,386.610,244.840,356.080,237.240
344.700,282.030,375.520,290.050,388.300,240.970,357.480,232.950
341.260,284.030,372.150,290.620,382.740,240.970,351.850,234.380
341.150,276.240,373.010,286.940,387.850,242.760,355.990,232.060
341.920,278.230,373.170,286.860,385.080,243.770,353.830,235.140
343.410,278.170,376.920,289.240,390.590,247.830,357.080,236.760
348.490,238.510,386.510,238.510,386.510,278.490,348.490,278.490
348.140,273.050,380.870,280.990,389.860,243.950,357.130,236.010
348.800,279.040,384.580,284.700,391.200,242.960,355.420,237.290
345.970,275.920,377.530,287.170,395.030,238.080,363.470,226.830
345.010,270.560,375.490,282.730,391.990,241.440,361.510,229.270
347.910,269.830,381.190,279.340,394.090,234.170,360.810,224.660
348.870,274.080,383.810,281.850,393.130,239.920,358.190,232.150
348.870,277.840,383.140,286.690,394.130,244.160,359.860,235.310
345.770,274.900,381.020,287.270,397.230,241.100,361.980,228.730
356.600,236.660,393.400,236.660,393.400,272.340,356.600,272.340
360.000,236.000,392.000,236.000,392.000,274.000,360.000,274.000
352.180,267.120,384.720,281.520,401.820,242.880,369.280,228.480
354.260,269.900,389.680,282.060,403.740,241.100,368.320,228.940
354.820,273.620,390.750,286.530,405.180,246.380,369.250,233.470
361.120,242.050,398.880,242.050,398.880,280.950,361.120,280.950
358.010,274.740,394.190,286.500,404.990,253.260,368.810,241.500
359.350,274.170,393.440,285.060,405.650,246.840,371.560,235.940
360.160,274.910,392.670,287.690,407.840,249.090,375.330,236.310
359.150,278.400,393.130,289.950,406.850,249.600,372.870,238.050
361.810,278.243,396.370,290.148,410.190,250.008,375.630,238.103
364.470,278.085,399.610,290.345,413.530,250.415,378.390,238.155
367.130,277.927,402.850,290.542,416.870,250.823,381.150,238.207
369.790,277.770,406.090,290.740,420.210,251.230,383.910,238.260
370.983,276.052,407.107,289.217,421.517,249.697,385.393,236.532
372.175,274.335,408.125,287.695,422.825,248.165,386.875,234.805
373.368,272.617,409.143,286.172,424.132,246.633,388.357,233.078
374.560,270.900,410.160,284.650,425.440,245.100,389.840,231.350
377.200,269.690,409.090,281.960,422.800,246.310,390.910,234.040
380.990,268.300,410.270,280.390,425.010,244.700,395.730,232.610
376.740,270.350,413.360,284.580,429.260,243.650,392.640,229.420
378.530,270.790,412.840,283.800,427.470,245.210,393.160,232.200
379.290,274.820,411.790,286.490,427.710,242.180,395.210,230.510
383.140,276.360,413.400,286.150,425.860,247.640,395.600,237.850
380.690,270.080,412.620,281.830,427.310,241.920,395.380,230.170
386.850,235.810,426.150,235.810,426.150,276.190,386.850,276.190
380.390,265.790,416.280,278.100,429.610,239.210,393.720,226.900
381.410,268.110,415.730,276.790,426.590,233.890,392.270,225.210
382.990,268.840,414.660,277.230,425.010,238.160,393.340,229.770
381.440,267.530,412.970,277.640,424.560,241.470,393.030,231.360
377.940,270.700,413.970,282.450,427.060,242.300,391.030,230.550
373.700,269.000,408.750,283.370,425.300,243.000,390.250,228.630
377.380,272.510,414.070,282.240,424.620,242.490,387.930,232.760
376.170,267.670,412.190,283.410,428.830,245.330,392.810,229.590
381.420,274.530,414.960,282.760,425.580,239.470,392.040,231.240
378.390,269.280,413.960,278.390,423.610,240.720,388.040,231.610
382.670,274.000,412.080,281.950,422.330,244.000,392.920,236.050
380.420,272.040,413.890,280.110,423.580,239.960,390.110,231.880
380.220,272.500,414.140,282.200,425.780,241.500,391.860,231.800
380.990,270.590,416.500,275.790,423.010,231.410,387.500,226.210
381.330,272.480,415.510,281.730,426.670,240.520,392.490,231.270
380.310,267.230,417.640,275.360,426.690,233.770,389.360,225.640
385.000,234.000,417.000,234.000,417.000,278.000,385.000,278.000
383.030,228.030,423.970,228.030,423.970,268.970,383.030,268.970
381.240,267.810,416.700,276.280,426.760,234.190,391.300,225.720
385.170,230.170,424.830,230.170,424.830,269.830,385.170,269.830
364.590,271.460,397.030,283.840,412.410,243.540,379.970,231.160
362.640,238.770,405.360,238.770,405.360,280.230,362.640,280.230
355.580,272.740,396.270,282.480,405.420,244.260,364.730,234.520
353.560,268.840,394.490,279.680,404.440,242.160,363.510,231.320
358.790,236.850,401.210,236.850,401.210,278.150,358.790,278.150
354.000,278.000,393.960,289.360,408.000,240.000,368.040,228.640
355.660,243.660,398.340,243.660,398.340,286.340,355.660,286.340
358.270,242.250,395.730,242.250,395.730,280.750,358.270,280.750
359.520,239.490,398.480,239.490,398.480,279.510,359.520,279.510
354.620,236.680,397.380,236.680,397.380,278.320,354.620,278.320
364.000,240.000,395.000,240.000,395.000,275.000,364.000,275.000
358.000,238.000,394.000,238.000,394.000,269.000,358.000,269.000
354.990,270.080,390.420,277.570,399.010,236.920,363.580,229.430
