150.00,152.00,150.00,56.00,232.00,56.00,232.00,152.00
148.00,151.00,148.00,56.00,229.00,56.00,229.00,151.00
146.00,150.00,146.00,56.00,226.00,56.00,226.00,150.00
144.00,150.00,144.00,56.00,223.00,56.00,223.00,150.00
143.00,149.00,143.00,56.00,221.00,56.00,221.00,149.00
141.00,149.00,141.00,56.00,218.00,56.00,218.00,149.00
139.00,148.00,139.00,56.00,215.00,56.00,215.00,148.00
138.00,148.00,138.00,56.00,214.00,56.00,214.00,148.00
136.00,147.00,136.00,55.00,212.00,55.00,212.00,147.00
134.00,148.00,134.00,55.00,211.00,55.00,211.00,148.00
132.00,148.00,132.00,54.00,209.00,54.00,209.00,148.00
123.00,149.00,123.00,55.00,201.00,55.00,201.00,149.00
122.00,152.00,122.00,57.00,200.00,57.00,200.00,152.00
113.00,151.00,113.00,55.00,192.00,55.00,192.00,151.00
106.00,151.00,106.00,55.00,186.00,55.00,186.00,151.00
107.00,151.00,107.00,54.00,187.00,54.00,187.00,151.00
105.00,150.00,105.00,52.00,186.00,52.00,186.00,150.00
111.00,156.00,111.00,58.00,192.00,58.00,192.00,156.00
115.00,154.00,115.00,55.00,197.00,55.00,197.00,154.00
113.00,160.00,113.00,60.00,196.00,60.00,196.00,160.00
114.00,160.00,114.00,61.00,197.00,61.00,197.00,160.00
115.00,159.00,115.00,60.00,198.00,60.00,198.00,159.00
117.00,162.00,117.00,63.00,200.00,63.00,200.00,162.00
119.00,159.00,119.00,60.00,202.00,60.00,202.00,159.00
120.00,159.00,120.00,60.00,203.00,60.00,203.00,159.00
119.00,157.00,119.00,58.00,202.00,58.00,202.00,157.00
123.00,158.00,123.00,59.00,206.00,59.00,206.00,158.00
124.00,152.00,124.00,53.00,207.00,53.00,207.00,152.00
128.00,153.00,128.00,54.00,211.00,54.00,211.00,153.00
130.00,150.00,130.00,51.00,213.00,51.00,213.00,150.00
131.00,149.00,131.00,50.00,214.00,50.00,214.00,149.00
134.00,145.00,134.00,46.00,217.00,46.00,217.00,145.00
136.00,145.00,136.00,46.00,219.00,46.00,219.00,145.00
138.00,145.00,138.00,46.00,221.00,46.00,221.00,145.00
140.00,144.00,140.00,45.00,223.00,45.00,223.00,144.00
142.00,144.00,142.00,45.00,225.00,45.00,225.00,144.00
144.00,144.00,144.00,45.00,227.00,45.00,227.00,144.00
141.00,144.00,141.00,45.00,224.00,45.00,224.00,144.00
138.00,144.00,138.00,45.00,222.00,45.00,222.00,144.00
135.00,144.00,135.00,45.00,220.00,45.00,220.00,144.00
132.00,144.00,132.00,45.00,217.00,45.00,217.00,144.00
129.00,144.00,129.00,45.00,215.00,45.00,215.00,144.00
126.00,144.00,126.00,45.00,213.00,45.00,213.00,144.00
119.00,150.00,119.00,51.00,207.00,51.00,207.00,150.00
116.00,151.00,116.00,52.00,204.00,52.00,204.00,151.00
114.00,152.00,114.00,53.00,203.00,53.00,203.00,152.00
110.00,150.00,110.00,51.00,200.00,51.00,200.00,150.00
109.00,149.00,109.00,50.00,199.00,50.00,199.00,149.00
103.00,151.00,103.00,52.00,194.00,52.00,194.00,151.00
105.00,144.00,105.00,45.00,197.00,45.00,197.00,144.00
103.00,145.00,103.00,46.00,196.00,46.00,196.00,145.00
106.00,146.00,106.00,47.00,197.00,47.00,197.00,146.00
109.00,147.00,109.00,48.00,198.00,48.00,198.00,147.00
112.00,149.00,112.00,50.00,199.00,50.00,199.00,149.00
116.00,151.00,116.00,51.00,202.00,51.00,202.00,151.00
119.00,153.00,119.00,53.00,203.00,53.00,203.00,153.00
122.00,154.00,122.00,54.00,204.00,54.00,204.00,154.00
131.00,158.00,131.00,57.00,212.00,57.00,212.00,158.00
136.00,162.00,136.00,62.00,216.00,62.00,216.00,162.00
140.00,161.00,140.00,61.00,220.00,61.00,220.00,161.00
143.00,158.00,143.00,58.00,223.00,58.00,223.00,158.00
143.00,157.00,143.00,57.00,223.00,57.00,223.00,157.00
153.00,154.00,153.00,55.00,233.00,55.00,233.00,154.00
148.00,152.00,148.00,53.00,228.00,53.00,228.00,152.00
156.00,151.00,156.00,52.00,236.00,52.00,236.00,151.00
149.00,154.00,149.00,55.00,229.00,55.00,229.00,154.00
146.00,156.00,146.00,58.00,225.00,58.00,225.00,156.00
143.00,155.00,143.00,58.00,222.00,58.00,222.00,155.00
141.00,155.00,141.00,58.00,220.00,58.00,220.00,155.00
139.00,155.00,139.00,58.00,218.00,58.00,218.00,155.00
137.00,155.00,137.00,58.00,216.00,58.00,216.00,155.00
135.00,150.00,135.00,53.00,214.00,53.00,214.00,150.00
136.00,150.00,136.00,53.00,215.00,53.00,215.00,150.00
137.00,150.00,137.00,53.00,216.00,53.00,216.00,150.00
138.00,150.00,138.00,53.00,217.00,53.00,217.00,150.00
137.00,150.00,137.00,54.00,216.00,54.00,216.00,150.00
136.00,151.00,136.00,55.00,215.00,55.00,215.00,151.00
135.00,153.00,135.00,57.00,214.00,57.00,214.00,153.00
135.00,153.00,135.00,58.00,214.00,58.00,214.00,153.00
134.00,154.00,134.00,59.00,213.00,59.00,213.00,154.00
133.00,156.00,133.00,61.00,212.00,61.00,212.00,156.00
130.00,152.00,130.00,57.00,209.00,57.00,209.00,152.00
128.00,149.00,128.00,55.00,207.00,55.00,207.00,149.00
125.00,152.00,125.00,58.00,204.00,58.00,204.00,152.00
126.00,151.00,126.00,57.00,205.00,57.00,205.00,151.00
126.00,153.00,126.00,59.00,205.00,59.00,205.00,153.00
129.00,162.00,129.00,69.00,208.00,69.00,208.00,162.00
128.00,163.00,128.00,70.00,207.00,70.00,207.00,163.00
127.00,164.00,127.00,71.00,206.00,71.00,206.00,164.00
128.00,164.00,128.00,71.00,208.00,71.00,208.00,164.00
133.00,167.00,133.00,75.00,212.00,75.00,212.00,167.00
131.00,168.00,131.00,76.00,210.00,76.00,210.00,168.00
137.00,156.00,137.00,64.00,216.00,64.00,216.00,156.00
141.00,155.00,141.00,63.00,220.00,63.00,220.00,155.00
143.00,149.00,143.00,57.00,222.00,57.00,222.00,149.00
150.00,147.00,150.00,56.00,229.00,56.00,229.00,147.00
152.00,152.00,152.00,61.00,231.00,61.00,231.00,152.00
151.00,154.00,151.00,63.00,230.00,63.00,230.00,154.00
153.00,154.00,153.00,63.00,231.00,63.00,231.00,154.00
155.00,152.00,155.00,61.00,233.00,61.00,233.00,152.00
157.00,153.00,157.00,63.00,235.00,63.00,235.00,153.00
156.00,149.00,156.00,59.00,234.00,59.00,234.00,149.00
152.00,146.00,152.00,56.00,230.00,56.00,230.00,146.00
151.00,148.00,151.00,58.00,229.00,58.00,229.00,148.00
151.00,146.00,151.00,56.00,229.00,56.00,229.00,146.00
153.00,144.00,153.00,54.00,231.00,54.00,231.00,144.00
151.00,148.00,151.00,58.00,229.00,58.00,229.00,148.00
140.00,147.00,140.00,57.00,219.00,57.00,219.00,147.00
141.00,149.00,141.00,58.00,220.00,58.00,220.00,149.00
132.00,149.00,132.00,58.00,212.00,58.00,212.00,149.00
134.00,152.00,134.00,61.00,214.00,61.00,214.00,152.00
128.00,152.00,128.00,60.00,209.00,60.00,209.00,152.00
125.00,152.00,125.00,60.00,206.00,60.00,206.00,152.00
124.00,149.00,124.00,57.00,206.00,57.00,206.00,149.00
121.00,150.00,121.00,57.00,204.00,57.00,204.00,150.00
126.00,151.00,126.00,58.00,209.00,58.00,209.00,151.00
126.00,151.00,126.00,58.00,210.00,58.00,210.00,151.00
124.00,150.00,124.00,56.00,208.00,56.00,208.00,150.00
124.00,154.00,124.00,60.00,209.00,60.00,209.00,154.00
128.00,155.00,128.00,61.00,213.00,61.00,213.00,155.00
128.00,153.00,128.00,58.00,214.00,58.00,214.00,153.00
128.00,155.00,128.00,60.00,214.00,60.00,214.00,155.00
127.00,152.00,127.00,57.00,214.00,57.00,214.00,152.00
130.00,152.00,130.00,56.00,218.00,56.00,218.00,152.00
130.00,151.00,130.00,55.00,217.00,55.00,217.00,151.00
130.00,150.00,130.00,54.00,217.00,54.00,217.00,150.00
130.00,150.00,130.00,54.00,217.00,54.00,217.00,150.00
142.00,151.00,142.00,55.00,228.00,55.00,228.00,151.00
148.00,151.00,148.00,55.00,234.00,55.00,234.00,151.00
148.00,149.00,148.00,53.00,234.00,53.00,234.00,149.00
151.00,153.00,151.00,57.00,237.00,57.00,237.00,153.00
154.00,152.00,154.00,56.00,239.00,56.00,239.00,152.00
150.00,154.00,150.00,58.00,235.00,58.00,235.00,154.00
152.00,149.00,152.00,53.00,237.00,53.00,237.00,149.00
145.00,151.00,145.00,54.00,230.00,54.00,230.00,151.00
143.00,147.00,143.00,50.00,227.00,50.00,227.00,147.00
146.00,146.00,146.00,49.00,230.00,49.00,230.00,146.00
142.00,144.00,142.00,47.00,226.00,47.00,226.00,144.00
141.00,147.00,141.00,50.00,224.00,50.00,224.00,147.00
141.00,142.00,141.00,45.00,224.00,45.00,224.00,142.00
140.00,145.00,140.00,48.00,223.00,48.00,223.00,145.00
134.00,142.00,134.00,45.00,217.00,45.00,217.00,142.00
137.00,147.00,137.00,50.00,219.00,50.00,219.00,147.00
134.00,146.00,134.00,49.00,216.00,49.00,216.00,146.00
133.00,145.00,133.00,48.00,215.00,48.00,215.00,145.00
131.00,145.00,131.00,47.00,213.00,47.00,213.00,145.00
129.00,141.00,129.00,43.00,211.00,43.00,211.00,141.00
126.00,139.00,126.00,40.00,209.00,40.00,209.00,139.00
123.00,136.00,123.00,36.00,206.00,36.00,206.00,136.00
123.00,135.00,123.00,34.00,207.00,34.00,207.00,135.00
128.00,132.00,128.00,30.00,212.00,30.00,212.00,132.00
123.00,134.00,123.00,31.00,208.00,31.00,208.00,134.00
124.00,133.00,124.00,30.00,209.00,30.00,209.00,133.00
126.00,134.00,126.00,30.00,212.00,30.00,212.00,134.00
130.00,139.00,130.00,34.00,216.00,34.00,216.00,139.00
135.00,144.00,135.00,38.00,222.00,38.00,222.00,144.00
135.00,147.00,135.00,40.00,222.00,40.00,222.00,147.00
135.00,144.00,135.00,36.00,223.00,36.00,223.00,144.00
135.00,147.00,135.00,39.00,223.00,39.00,223.00,147.00
135.00,147.00,135.00,38.00,224.00,38.00,224.00,147.00
134.00,141.00,134.00,31.00,223.00,31.00,223.00,141.00
139.00,138.00,139.00,27.00,229.00,27.00,229.00,138.00
138.00,142.00,138.00,30.00,228.00,30.00,228.00,142.00
138.00,139.00,138.00,26.00,229.00,26.00,229.00,139.00
136.00,139.00,136.00,27.00,226.00,27.00,226.00,139.00
137.00,137.00,137.00,26.00,226.00,26.00,226.00,137.00
141.00,140.00,141.00,30.00,229.00,30.00,229.00,140.00
137.00,148.00,137.00,39.00,225.00,39.00,225.00,148.00
137.00,143.00,137.00,35.00,224.00,35.00,224.00,143.00
137.00,149.00,137.00,42.00,223.00,42.00,223.00,149.00
137.00,145.00,137.00,39.00,223.00,39.00,223.00,145.00
136.00,144.00,136.00,38.00,221.00,38.00,221.00,144.00
137.00,137.00,137.00,32.00,221.00,32.00,221.00,137.00
137.00,136.00,137.00,32.00,221.00,32.00,221.00,136.00
137.00,135.00,137.00,32.00,220.00,32.00,220.00,135.00
139.00,133.00,139.00,31.00,221.00,31.00,221.00,133.00
135.00,131.00,135.00,30.00,216.00,30.00,216.00,131.00
133.00,130.00,133.00,30.00,214.00,30.00,214.00,130.00
139.00,134.00,139.00,35.00,219.00,35.00,219.00,134.00
143.00,135.00,143.00,36.00,222.00,36.00,222.00,135.00
141.00,136.00,141.00,38.00,220.00,38.00,220.00,136.00
144.00,137.00,144.00,40.00,222.00,40.00,222.00,137.00
141.00,141.00,141.00,45.00,218.00,45.00,218.00,141.00
131.00,139.00,131.00,44.00,208.00,44.00,208.00,139.00
125.00,141.00,125.00,47.00,201.00,47.00,201.00,141.00
121.00,139.00,121.00,46.00,196.00,46.00,196.00,139.00
119.00,137.00,119.00,44.00,194.00,44.00,194.00,137.00
119.00,137.00,119.00,44.00,193.00,44.00,193.00,137.00
119.00,135.00,119.00,42.00,193.00,42.00,193.00,135.00
117.00,136.00,117.00,42.00,191.00,42.00,191.00,136.00
111.00,136.00,111.00,42.00,185.00,42.00,185.00,136.00
113.00,137.00,113.00,42.00,187.00,42.00,187.00,137.00
112.00,138.00,112.00,43.00,186.00,43.00,186.00,138.00
113.00,135.00,113.00,39.00,187.00,39.00,187.00,135.00
117.00,135.00,117.00,39.00,191.00,39.00,191.00,135.00
124.00,135.00,124.00,38.00,198.00,38.00,198.00,135.00
125.00,130.00,125.00,33.00,199.00,33.00,199.00,130.00
125.00,130.00,125.00,32.00,199.00,32.00,199.00,130.00
124.00,120.00,124.00,22.00,198.00,22.00,198.00,120.00
131.00,128.00,131.00,29.00,205.00,29.00,205.00,128.00
138.00,134.00,138.00,35.00,212.00,35.00,212.00,134.00
139.00,138.00,139.00,39.00,213.00,39.00,213.00,138.00
141.00,134.00,141.00,34.00,215.00,34.00,215.00,134.00
147.00,137.00,147.00,37.00,221.00,37.00,221.00,137.00
149.00,136.00,149.00,35.00,223.00,35.00,223.00,136.00
151.00,136.00,151.00,35.00,225.00,35.00,225.00,136.00
153.00,138.00,153.00,36.00,227.00,36.00,227.00,138.00
151.00,140.00,151.00,38.00,225.00,38.00,225.00,140.00
157.00,138.00,157.00,35.00,231.00,35.00,231.00,138.00
156.00,139.00,156.00,36.00,230.00,36.00,230.00,139.00
158.00,141.00,158.00,37.00,232.00,37.00,232.00,141.00
159.00,145.00,159.00,41.00,233.00,41.00,233.00,145.00
159.00,145.00,159.00,40.00,233.00,40.00,233.00,145.00
160.00,143.00,160.00,38.00,234.00,38.00,234.00,143.00
152.00,141.00,152.00,36.00,227.00,36.00,227.00,141.00
147.00,143.00,147.00,37.00,222.00,37.00,222.00,143.00
142.00,142.00,142.00,36.00,218.00,36.00,218.00,142.00
140.00,143.00,140.00,36.00,216.00,36.00,216.00,143.00
132.00,144.00,132.00,37.00,209.00,37.00,209.00,144.00
130.00,143.00,130.00,36.00,207.00,36.00,207.00,143.00
128.00,145.00,128.00,37.00,206.00,37.00,206.00,145.00
124.00,143.00,124.00,35.00,202.00,35.00,202.00,143.00
125.00,144.00,125.00,35.00,204.00,35.00,204.00,144.00
130.00,147.00,130.00,38.00,209.00,38.00,209.00,147.00
130.00,151.00,130.00,41.00,210.00,41.00,210.00,151.00
135.00,153.00,135.00,43.00,215.00,43.00,215.00,153.00
140.00,155.00,140.00,45.00,221.00,45.00,221.00,155.00
148.00,155.00,148.00,44.00,229.00,44.00,229.00,155.00
151.00,154.00,151.00,43.00,233.00,43.00,233.00,154.00
153.00,155.00,153.00,43.00,235.00,43.00,235.00,155.00
153.00,155.00,153.00,43.00,236.00,43.00,236.00,155.00
163.00,159.00,163.00,47.00,246.00,47.00,246.00,159.00
163.00,160.00,163.00,47.00,247.00,47.00,247.00,160.00
163.00,161.00,163.00,48.00,247.00,48.00,247.00,161.00
163.00,162.00,163.00,48.00,248.00,48.00,248.00,162.00
163.00,162.00,163.00,48.00,248.00,48.00,248.00,162.00
163.00,164.00,163.00,49.00,249.00,49.00,249.00,164.00
162.00,164.00,162.00,49.00,248.00,49.00,248.00,164.00
162.00,164.00,162.00,49.00,248.00,49.00,248.00,164.00
162.00,164.00,162.00,49.00,248.00,49.00,248.00,164.00
162.00,164.00,162.00,49.00,249.00,49.00,249.00,164.00
162.00,164.00,162.00,49.00,249.00,49.00,249.00,164.00
162.00,164.00,162.00,49.00,249.00,49.00,249.00,164.00
162.00,164.00,162.00,49.00,249.00,49.00,249.00,164.00
162.00,164.00,162.00,49.00,250.00,49.00,250.00,164.00
162.00,164.00,162.00,49.00,250.00,49.00,250.00,164.00
161.00,164.00,161.00,49.00,249.00,49.00,249.00,164.00
161.00,164.00,161.00,49.00,249.00,49.00,249.00,164.00
161.00,164.00,161.00,49.00,250.00,49.00,250.00,164.00
161.00,164.00,161.00,49.00,250.00,49.00,250.00,164.00
161.00,165.00,161.00,49.00,250.00,49.00,250.00,165.00
161.00,165.00,161.00,49.00,250.00,49.00,250.00,165.00
155.00,159.00,155.00,43.00,245.00,43.00,245.00,159.00
161.00,158.00,161.00,42.00,251.00,42.00,251.00,158.00
159.00,153.00,159.00,37.00,249.00,37.00,249.00,153.00
157.00,155.00,157.00,39.00,247.00,39.00,247.00,155.00
156.00,148.00,156.00,32.00,247.00,32.00,247.00,148.00
150.00,149.00,150.00,33.00,241.00,33.00,241.00,149.00
147.00,147.00,147.00,31.00,238.00,31.00,238.00,147.00
152.00,151.00,152.00,35.00,243.00,35.00,243.00,151.00
149.00,162.00,149.00,46.00,241.00,46.00,241.00,162.00
153.00,162.00,153.00,46.00,245.00,46.00,245.00,162.00
154.00,165.00,154.00,49.00,246.00,49.00,246.00,165.00
157.00,166.00,157.00,49.00,250.00,49.00,250.00,166.00
161.00,166.00,161.00,49.00,253.00,49.00,253.00,166.00
162.00,155.00,162.00,38.00,254.00,38.00,254.00,155.00
165.00,154.00,165.00,37.00,257.00,37.00,257.00,154.00
162.00,151.00,162.00,34.00,254.00,34.00,254.00,151.00
168.00,149.00,168.00,32.00,260.00,32.00,260.00,149.00
165.00,148.00,165.00,30.00,257.00,30.00,257.00,148.00
165.00,145.00,165.00,27.00,257.00,27.00,257.00,145.00
167.00,146.00,167.00,28.00,259.00,28.00,259.00,146.00
164.00,151.00,164.00,33.00,256.00,33.00,256.00,151.00
161.00,151.00,161.00,33.00,253.00,33.00,253.00,151.00
161.00,154.00,161.00,35.00,253.00,35.00,253.00,154.00
159.00,153.00,159.00,34.00,251.00,34.00,251.00,153.00
153.00,152.00,153.00,33.00,245.00,33.00,245.00,152.00
149.00,152.00,149.00,33.00,241.00,33.00,241.00,152.00
137.00,152.00,137.00,33.00,229.00,33.00,229.00,152.00
135.00,146.00,135.00,27.00,227.00,27.00,227.00,146.00
125.00,142.00,125.00,22.00,217.00,22.00,217.00,142.00
122.00,142.00,122.00,22.00,214.00,22.00,214.00,142.00
116.00,142.00,116.00,22.00,208.00,22.00,208.00,142.00
114.00,144.00,114.00,24.00,206.00,24.00,206.00,144.00
112.00,149.00,112.00,29.00,204.00,29.00,204.00,149.00
113.00,152.00,113.00,31.00,205.00,31.00,205.00,152.00
111.00,155.00,111.00,34.00,203.00,34.00,203.00,155.00
115.00,156.00,115.00,35.00,207.00,35.00,207.00,156.00
118.00,154.00,118.00,33.00,210.00,33.00,210.00,154.00
121.00,150.00,121.00,29.00,213.00,29.00,213.00,150.00
124.00,150.00,124.00,29.00,216.00,29.00,216.00,150.00
127.00,150.00,127.00,29.00,219.00,29.00,219.00,150.00
130.00,150.00,130.00,29.00,222.00,29.00,222.00,150.00
133.00,150.00,133.00,29.00,225.00,29.00,225.00,150.00
136.00,150.00,136.00,29.00,228.00,29.00,228.00,150.00
139.00,152.00,139.00,30.00,232.00,30.00,232.00,152.00
134.00,152.00,134.00,30.00,227.00,30.00,227.00,152.00
129.00,152.00,129.00,30.00,222.00,30.00,222.00,152.00
124.00,152.00,124.00,30.00,217.00,30.00,217.00,152.00
114.00,155.00,114.00,33.00,207.00,33.00,207.00,155.00
109.00,156.00,109.00,34.00,202.00,34.00,202.00,156.00
102.00,149.00,102.00,27.00,195.00,27.00,195.00,149.00
96.00,146.00,96.00,24.00,189.00,24.00,189.00,146.00
86.00,142.00,86.00,20.00,179.00,20.00,179.00,142.00
83.00,139.00,83.00,17.00,176.00,17.00,176.00,139.00
81.00,141.00,81.00,19.00,174.00,19.00,174.00,141.00
82.00,139.00,82.00,17.00,175.00,17.00,175.00,139.00
80.00,145.00,80.00,23.00,173.00,23.00,173.00,145.00
74.00,150.00,74.00,28.00,167.00,28.00,167.00,150.00
73.00,151.00,73.00,30.00,166.00,30.00,166.00,151.00
71.00,153.00,71.00,33.00,164.00,33.00,164.00,153.00
65.00,153.00,65.00,33.00,158.00,33.00,158.00,153.00
59.00,152.00,59.00,33.00,152.00,33.00,152.00,152.00
52.00,154.00,52.00,35.00,145.00,35.00,145.00,154.00
48.00,150.00,48.00,32.00,141.00,32.00,141.00,150.00
47.00,149.00,47.00,32.00,140.00,32.00,140.00,149.00
43.00,145.00,43.00,28.00,136.00,28.00,136.00,145.00
46.00,146.00,46.00,30.00,139.00,30.00,139.00,146.00
54.00,144.00,54.00,28.00,147.00,28.00,147.00,144.00
57.00,148.00,57.00,33.00,150.00,33.00,150.00,148.00
57.00,153.00,57.00,38.00,150.00,38.00,150.00,153.00
60.00,153.00,60.00,38.00,152.00,38.00,152.00,153.00
66.00,154.00,66.00,39.00,158.00,39.00,158.00,154.00
72.00,153.00,72.00,37.00,163.00,37.00,163.00,153.00
76.00,156.00,76.00,40.00,167.00,40.00,167.00,156.00
83.00,153.00,83.00,37.00,173.00,37.00,173.00,153.00
89.00,146.00,89.00,29.00,179.00,29.00,179.00,146.00
92.00,138.00,92.00,21.00,181.00,21.00,181.00,138.00
101.00,134.00,101.00,17.00,190.00,17.00,190.00,134.00
109.00,132.00,109.00,14.00,198.00,14.00,198.00,132.00
117.00,132.00,117.00,14.00,206.00,14.00,206.00,132.00
129.00,135.00,129.00,17.00,218.00,17.00,218.00,135.00
127.00,139.00,127.00,21.00,216.00,21.00,216.00,139.00
126.00,138.00,126.00,20.00,215.00,20.00,215.00,138.00
134.00,141.00,134.00,23.00,223.00,23.00,223.00,141.00
125.00,141.00,125.00,23.00,215.00,23.00,215.00,141.00
131.00,141.00,131.00,23.00,221.00,23.00,221.00,141.00
127.00,139.00,127.00,21.00,217.00,21.00,217.00,139.00
131.00,138.00,131.00,20.00,221.00,20.00,221.00,138.00
128.00,136.00,128.00,18.00,218.00,18.00,218.00,136.00
125.00,134.00,125.00,16.00,216.00,16.00,216.00,134.00
126.00,136.00,126.00,18.00,217.00,18.00,217.00,136.00
124.00,136.00,124.00,18.00,215.00,18.00,215.00,136.00
124.00,145.00,124.00,27.00,215.00,27.00,215.00,145.00
123.00,146.00,123.00,28.00,214.00,28.00,214.00,146.00
124.00,139.00,124.00,21.00,216.00,21.00,216.00,139.00
125.00,142.00,125.00,24.00,217.00,24.00,217.00,142.00
126.00,142.00,126.00,24.00,218.00,24.00,218.00,142.00
128.00,140.00,128.00,22.00,220.00,22.00,220.00,140.00
128.00,142.00,128.00,24.00,220.00,24.00,220.00,142.00
129.00,133.00,129.00,14.00,222.00,14.00,222.00,133.00
140.00,131.00,140.00,13.00,232.00,13.00,232.00,131.00
139.00,134.00,139.00,17.00,230.00,17.00,230.00,134.00
138.00,136.00,138.00,20.00,228.00,20.00,228.00,136.00
140.00,141.00,140.00,26.00,229.00,26.00,229.00,141.00
143.00,147.00,143.00,32.00,231.00,32.00,231.00,147.00
139.00,149.00,139.00,35.00,226.00,35.00,226.00,149.00
138.00,150.00,138.00,37.00,224.00,37.00,224.00,150.00
141.00,144.00,141.00,32.00,226.00,32.00,226.00,144.00
135.00,138.00,135.00,26.00,220.00,26.00,220.00,138.00
138.00,135.00,138.00,24.00,222.00,24.00,222.00,135.00
144.00,133.00,144.00,23.00,227.00,23.00,227.00,133.00
146.00,134.00,146.00,25.00,228.00,25.00,228.00,134.00
148.00,135.00,148.00,27.00,229.00,27.00,229.00,135.00
152.00,140.00,152.00,32.00,232.00,32.00,232.00,140.00
146.00,143.00,146.00,36.00,225.00,36.00,225.00,143.00
143.00,145.00,143.00,39.00,221.00,39.00,221.00,145.00
130.00,138.00,130.00,33.00,207.00,33.00,207.00,138.00
131.00,140.00,131.00,35.00,208.00,35.00,208.00,140.00
119.00,139.00,119.00,35.00,196.00,35.00,196.00,139.00
114.00,133.00,114.00,29.00,191.00,29.00,191.00,133.00
115.00,130.00,115.00,26.00,192.00,26.00,192.00,130.00
117.00,126.00,117.00,22.00,194.00,22.00,194.00,126.00
118.00,133.00,118.00,29.00,195.00,29.00,195.00,133.00
114.00,134.00,114.00,31.00,191.00,31.00,191.00,134.00
113.00,133.00,113.00,30.00,190.00,30.00,190.00,133.00
113.00,139.00,113.00,36.00,190.00,36.00,190.00,139.00
111.00,137.00,111.00,34.00,189.00,34.00,189.00,137.00
110.00,138.00,110.00,35.00,188.00,35.00,188.00,138.00
109.00,136.00,109.00,33.00,187.00,33.00,187.00,136.00
108.00,135.00,108.00,33.00,186.00,33.00,186.00,135.00
109.00,131.00,109.00,29.00,187.00,29.00,187.00,131.00
113.00,130.00,113.00,28.00,191.00,28.00,191.00,130.00
116.00,130.00,116.00,28.00,194.00,28.00,194.00,130.00
126.00,133.00,126.00,31.00,204.00,31.00,204.00,133.00
130.00,134.00,130.00,32.00,209.00,32.00,209.00,134.00
137.00,134.00,137.00,33.00,216.00,33.00,216.00,134.00
148.00,132.00,148.00,31.00,227.00,31.00,227.00,132.00
149.00,131.00,149.00,30.00,228.00,30.00,228.00,131.00
155.00,128.00,155.00,28.00,234.00,28.00,234.00,128.00
159.00,126.00,159.00,26.00,238.00,26.00,238.00,126.00
160.00,127.00,160.00,27.00,239.00,27.00,239.00,127.00
155.00,121.00,155.00,22.00,234.00,22.00,234.00,121.00
160.00,122.00,160.00,23.00,239.00,23.00,239.00,122.00
158.00,118.00,158.00,19.00,237.00,19.00,237.00,118.00
158.00,115.00,158.00,17.00,237.00,17.00,237.00,115.00
157.00,121.00,157.00,23.00,236.00,23.00,236.00,121.00
162.00,127.00,162.00,29.00,241.00,29.00,241.00,127.00
158.00,134.00,158.00,37.00,237.00,37.00,237.00,134.00
155.00,137.00,155.00,40.00,234.00,40.00,234.00,137.00
153.00,135.00,153.00,38.00,232.00,38.00,232.00,135.00
140.00,134.00,140.00,38.00,219.00,38.00,219.00,134.00
142.00,129.00,142.00,33.00,221.00,33.00,221.00,129.00
139.00,125.00,139.00,29.00,218.00,29.00,218.00,125.00
139.00,121.00,139.00,25.00,219.00,25.00,219.00,121.00
146.00,121.00,146.00,27.00,224.00,27.00,224.00,121.00
150.00,122.00,150.00,29.00,227.00,29.00,227.00,122.00
147.00,123.00,147.00,31.00,223.00,31.00,223.00,123.00
151.00,128.00,151.00,37.00,226.00,37.00,226.00,128.00
151.00,129.00,151.00,40.00,225.00,40.00,225.00,129.00
152.00,128.00,152.00,40.00,225.00,40.00,225.00,128.00
153.00,127.00,153.00,40.00,225.00,40.00,225.00,127.00
156.00,129.00,156.00,43.00,227.00,43.00,227.00,129.00
155.00,129.00,155.00,45.00,225.00,45.00,225.00,129.00
160.00,125.00,160.00,42.00,229.00,42.00,229.00,125.00
160.00,124.00,160.00,42.00,228.00,42.00,228.00,124.00
162.00,122.00,162.00,41.00,229.00,41.00,229.00,122.00
162.00,126.00,162.00,46.00,228.00,46.00,228.00,126.00
165.00,128.00,165.00,49.00,230.00,49.00,230.00,128.00
163.00,131.00,163.00,53.00,227.00,53.00,227.00,131.00
161.00,133.00,161.00,56.00,224.00,56.00,224.00,133.00
155.00,133.00,155.00,57.00,217.00,57.00,217.00,133.00
156.00,131.00,156.00,56.00,217.00,56.00,217.00,131.00
155.00,130.00,155.00,56.00,215.00,56.00,215.00,130.00
154.00,128.00,154.00,55.00,213.00,55.00,213.00,128.00
151.00,126.00,151.00,53.00,209.00,53.00,209.00,126.00
142.00,124.00,142.00,51.00,200.00,51.00,200.00,124.00
145.00,122.00,145.00,48.00,203.00,48.00,203.00,122.00
144.00,117.00,144.00,43.00,201.00,43.00,201.00,117.00
142.00,115.00,142.00,41.00,199.00,41.00,199.00,115.00
138.00,112.00,138.00,37.00,195.00,37.00,195.00,112.00
136.00,117.00,136.00,42.00,192.00,42.00,192.00,117.00
135.00,118.00,135.00,43.00,191.00,43.00,191.00,118.00
134.00,122.00,134.00,46.00,190.00,46.00,190.00,122.00
133.00,126.00,133.00,50.00,188.00,50.00,188.00,126.00
133.00,128.00,133.00,51.00,188.00,51.00,188.00,128.00
132.00,130.00,132.00,53.00,187.00,53.00,187.00,130.00
134.00,129.00,134.00,52.00,188.00,52.00,188.00,129.00
135.00,126.00,135.00,48.00,189.00,48.00,189.00,126.00
141.00,126.00,141.00,48.00,195.00,48.00,195.00,126.00
149.00,128.00,149.00,50.00,202.00,50.00,202.00,128.00
160.00,127.00,160.00,48.00,213.00,48.00,213.00,127.00
160.00,127.00,160.00,48.00,213.00,48.00,213.00,127.00
161.00,128.00,161.00,48.00,214.00,48.00,214.00,128.00
160.00,126.00,160.00,48.00,213.00,48.00,213.00,126.00
160.00,126.00,160.00,49.00,213.00,49.00,213.00,126.00
159.00,125.00,159.00,50.00,212.00,50.00,212.00,125.00
159.00,125.00,159.00,51.00,212.00,51.00,212.00,125.00
158.00,123.00,158.00,51.00,211.00,51.00,211.00,123.00
158.00,123.00,158.00,52.00,211.00,52.00,211.00,123.00
157.00,122.00,157.00,53.00,210.00,53.00,210.00,122.00
157.00,122.00,157.00,54.00,210.00,54.00,210.00,122.00
156.00,120.00,156.00,54.00,209.00,54.00,209.00,120.00
156.00,120.00,156.00,55.00,209.00,55.00,209.00,120.00
155.00,119.00,155.00,56.00,208.00,56.00,208.00,119.00
155.00,119.00,155.00,57.00,208.00,57.00,208.00,119.00
154.00,120.00,154.00,59.00,206.00,59.00,206.00,120.00
160.00,123.00,160.00,63.00,211.00,63.00,211.00,123.00
161.00,123.00,161.00,63.00,211.00,63.00,211.00,123.00
164.00,125.00,164.00,66.00,214.00,66.00,214.00,125.00
165.00,125.00,165.00,67.00,214.00,67.00,214.00,125.00
167.00,126.00,167.00,68.00,215.00,68.00,215.00,126.00
165.00,126.00,165.00,69.00,213.00,69.00,213.00,126.00
168.00,124.00,168.00,67.00,215.00,67.00,215.00,124.00
165.00,124.00,165.00,68.00,211.00,68.00,211.00,124.00
161.00,123.00,161.00,68.00,207.00,68.00,207.00,123.00
157.00,125.00,157.00,70.00,202.00,70.00,202.00,125.00
155.00,122.00,155.00,68.00,199.00,68.00,199.00,122.00
155.00,123.00,155.00,69.00,199.00,69.00,199.00,123.00
148.00,122.00,148.00,68.00,193.00,68.00,193.00,122.00
142.00,123.00,142.00,68.00,188.00,68.00,188.00,123.00
141.00,122.00,141.00,66.00,188.00,66.00,188.00,122.00
137.00,122.00,137.00,65.00,185.00,65.00,185.00,122.00
136.00,122.00,136.00,64.00,185.00,64.00,185.00,122.00
134.00,120.00,134.00,61.00,184.00,61.00,184.00,120.00
136.00,120.00,136.00,60.00,187.00,60.00,187.00,120.00
134.00,120.00,134.00,59.00,186.00,59.00,186.00,120.00
138.00,120.00,138.00,59.00,190.00,59.00,190.00,120.00
136.00,116.00,136.00,54.00,189.00,54.00,189.00,116.00
140.00,118.00,140.00,55.00,193.00,55.00,193.00,118.00
142.00,117.00,142.00,53.00,196.00,53.00,196.00,117.00
142.00,118.00,142.00,53.00,197.00,53.00,197.00,118.00
143.00,120.00,143.00,54.00,198.00,54.00,198.00,120.00
136.00,117.00,136.00,51.00,192.00,51.00,192.00,117.00
137.00,116.00,137.00,49.00,193.00,49.00,193.00,116.00
136.00,116.00,136.00,48.00,193.00,48.00,193.00,116.00
137.00,115.00,137.00,46.00,195.00,46.00,195.00,115.00
137.00,115.00,137.00,45.00,195.00,45.00,195.00,115.00
136.00,116.00,136.00,45.00,195.00,45.00,195.00,116.00
135.00,115.00,135.00,44.00,194.00,44.00,194.00,115.00
139.00,114.00,139.00,42.00,199.00,42.00,199.00,114.00
139.00,113.00,139.00,40.00,200.00,40.00,200.00,113.00
138.00,114.00,138.00,40.00,199.00,40.00,199.00,114.00
132.00,112.00,132.00,37.00,194.00,37.00,194.00,112.00
128.00,110.00,128.00,34.00,191.00,34.00,191.00,110.00
127.00,112.00,127.00,35.00,190.00,35.00,190.00,112.00
124.00,112.00,124.00,34.00,188.00,34.00,188.00,112.00
123.00,113.00,123.00,33.00,187.00,33.00,187.00,113.00
118.00,112.00,118.00,31.00,183.00,31.00,183.00,112.00
122.00,113.00,122.00,31.00,188.00,31.00,188.00,113.00
123.00,114.00,123.00,30.00,189.00,30.00,189.00,114.00
128.00,111.00,128.00,26.00,195.00,26.00,195.00,111.00
132.00,109.00,132.00,23.00,199.00,23.00,199.00,109.00
133.00,112.00,133.00,24.00,201.00,24.00,201.00,112.00
135.00,111.00,135.00,22.00,204.00,22.00,204.00,111.00
143.00,112.00,143.00,22.00,212.00,22.00,212.00,112.00
145.00,112.00,145.00,20.00,215.00,20.00,215.00,112.00
150.00,118.00,150.00,25.00,220.00,25.00,220.00,118.00
152.00,115.00,152.00,21.00,223.00,21.00,223.00,115.00
153.00,115.00,153.00,19.00,225.00,19.00,225.00,115.00
151.00,113.00,151.00,18.00,223.00,18.00,223.00,113.00
154.00,109.00,154.00,14.00,226.00,14.00,226.00,109.00
159.00,109.00,159.00,15.00,231.00,15.00,231.00,109.00
157.00,115.00,157.00,21.00,229.00,21.00,229.00,115.00
152.00,120.00,152.00,26.00,224.00,26.00,224.00,120.00
151.00,125.00,151.00,32.00,223.00,32.00,223.00,125.00
143.00,126.00,143.00,33.00,215.00,33.00,215.00,126.00
137.00,126.00,137.00,33.00,209.00,33.00,209.00,126.00
131.00,127.00,131.00,35.00,203.00,35.00,203.00,127.00
125.00,122.00,125.00,30.00,197.00,30.00,197.00,122.00
125.00,123.00,125.00,31.00,197.00,31.00,197.00,123.00
116.00,120.00,116.00,29.00,188.00,29.00,188.00,120.00
118.00,119.00,118.00,28.00,190.00,28.00,190.00,119.00
120.00,122.00,120.00,31.00,192.00,31.00,192.00,122.00
121.00,121.00,121.00,31.00,193.00,31.00,193.00,121.00
126.00,122.00,126.00,32.00,198.00,32.00,198.00,122.00
130.00,127.00,130.00,37.00,202.00,37.00,202.00,127.00
133.00,127.00,133.00,38.00,205.00,38.00,205.00,127.00
140.00,133.00,140.00,44.00,212.00,44.00,212.00,133.00
140.00,135.00,140.00,46.00,213.00,46.00,213.00,135.00
143.00,132.00,143.00,43.00,216.00,43.00,216.00,132.00
145.00,132.00,145.00,43.00,219.00,43.00,219.00,132.00
148.00,131.00,148.00,41.00,222.00,41.00,222.00,131.00
146.00,125.00,146.00,35.00,221.00,35.00,221.00,125.00
150.00,124.00,150.00,34.00,225.00,34.00,225.00,124.00
149.00,126.00,149.00,35.00,225.00,35.00,225.00,126.00
147.00,127.00,147.00,36.00,223.00,36.00,223.00,127.00
147.00,125.00,147.00,34.00,224.00,34.00,224.00,125.00
148.00,124.00,148.00,32.00,225.00,32.00,225.00,124.00
140.00,123.00,140.00,31.00,218.00,31.00,218.00,123.00
137.00,121.00,137.00,28.00,215.00,28.00,215.00,121.00
134.00,119.00,134.00,26.00,213.00,26.00,213.00,119.00
134.00,112.00,134.00,19.00,213.00,19.00,213.00,112.00
129.00,100.00,129.00,6.00,209.00,6.00,209.00,100.00
125.00,105.00,125.00,11.00,205.00,11.00,205.00,105.00
121.00,118.00,121.00,24.00,202.00,24.00,202.00,118.00
119.00,117.00,119.00,22.00,200.00,22.00,200.00,117.00
118.00,116.00,118.00,21.00,200.00,21.00,200.00,116.00
117.00,115.00,117.00,20.00,199.00,20.00,199.00,115.00
116.00,114.00,116.00,18.00,199.00,18.00,199.00,114.00
115.00,113.00,115.00,17.00,198.00,17.00,198.00,113.00
114.00,113.00,114.00,16.00,198.00,16.00,198.00,113.00
115.00,115.00,115.00,18.00,198.00,18.00,198.00,115.00
116.00,114.00,116.00,17.00,199.00,17.00,199.00,114.00
117.00,119.00,117.00,21.00,200.00,21.00,200.00,119.00
118.00,120.00,118.00,22.00,201.00,22.00,201.00,120.00
120.00,126.00,120.00,28.00,203.00,28.00,203.00,126.00
120.00,130.00,120.00,31.00,202.00,31.00,202.00,130.00
122.00,128.00,122.00,29.00,204.00,29.00,204.00,128.00
123.00,132.00,123.00,32.00,205.00,32.00,205.00,132.00
123.00,132.00,123.00,32.00,205.00,32.00,205.00,132.00
125.00,129.00,125.00,29.00,207.00,29.00,207.00,129.00
130.00,122.00,130.00,21.00,211.00,21.00,211.00,122.00
131.00,123.00,131.00,22.00,212.00,22.00,212.00,123.00
128.00,125.00,128.00,24.00,209.00,24.00,209.00,125.00
129.00,127.00,129.00,25.00,210.00,25.00,210.00,127.00
130.00,128.00,130.00,26.00,211.00,26.00,211.00,128.00
132.00,130.00,132.00,27.00,213.00,27.00,213.00,130.00
131.00,128.00,131.00,27.00,211.00,27.00,211.00,128.00
131.00,128.00,131.00,28.00,210.00,28.00,210.00,128.00
130.00,128.00,130.00,29.00,208.00,29.00,208.00,128.00
130.00,128.00,130.00,30.00,207.00,30.00,207.00,128.00
129.00,128.00,129.00,31.00,205.00,31.00,205.00,128.00
129.00,128.00,129.00,32.00,204.00,32.00,204.00,128.00
128.00,128.00,128.00,33.00,202.00,33.00,202.00,128.00
128.00,128.00,128.00,34.00,201.00,34.00,201.00,128.00
123.00,128.00,123.00,35.00,195.00,35.00,195.00,128.00
119.00,130.00,119.00,37.00,191.00,37.00,191.00,130.00
115.00,130.00,115.00,37.00,187.00,37.00,187.00,130.00
108.00,125.00,108.00,33.00,179.00,33.00,179.00,125.00
103.00,125.00,103.00,33.00,174.00,33.00,174.00,125.00
100.00,124.00,100.00,32.00,171.00,32.00,171.00,124.00
104.00,123.00,104.00,32.00,174.00,32.00,174.00,123.00
105.00,123.00,105.00,32.00,175.00,32.00,175.00,123.00
107.00,117.00,107.00,26.00,177.00,26.00,177.00,117.00
111.00,112.00,111.00,22.00,180.00,22.00,180.00,112.00
116.00,119.00,116.00,29.00,185.00,29.00,185.00,119.00
125.00,122.00,125.00,32.00,194.00,32.00,194.00,122.00
124.00,127.00,124.00,38.00,192.00,38.00,192.00,127.00
136.00,128.00,136.00,39.00,204.00,39.00,204.00,128.00
140.00,126.00,140.00,37.00,208.00,37.00,208.00,126.00
144.00,123.00,144.00,34.00,212.00,34.00,212.00,123.00
144.00,119.00,144.00,30.00,212.00,30.00,212.00,119.00
149.00,116.00,149.00,26.00,217.00,26.00,217.00,116.00
152.00,113.00,152.00,23.00,221.00,23.00,221.00,113.00
153.00,116.00,153.00,25.00,222.00,25.00,222.00,116.00
152.00,115.00,152.00,24.00,221.00,24.00,221.00,115.00
153.00,114.00,153.00,22.00,223.00,22.00,223.00,114.00
151.00,113.00,151.00,22.00,221.00,22.00,221.00,113.00
149.00,114.00,149.00,23.00,219.00,23.00,219.00,114.00
147.00,115.00,147.00,24.00,218.00,24.00,218.00,115.00
145.00,115.00,145.00,25.00,216.00,25.00,216.00,115.00
144.00,116.00,144.00,26.00,215.00,26.00,215.00,116.00
142.00,117.00,142.00,27.00,214.00,27.00,214.00,117.00
140.00,117.00,140.00,28.00,212.00,28.00,212.00,117.00
138.00,118.00,138.00,29.00,210.00,29.00,210.00,118.00
138.37,118.83,138.37,29.83,210.01,29.83,210.01,118.83
138.75,119.65,138.75,30.65,210.02,30.65,210.02,119.65
139.12,120.48,139.12,31.48,210.03,31.48,210.03,120.48
139.49,121.31,139.49,32.31,210.04,32.31,210.04,121.31
139.86,122.14,139.86,33.14,210.05,33.14,210.05,122.14
140.24,122.96,140.24,33.96,210.05,33.96,210.05,122.96
140.61,123.79,140.61,34.79,210.06,34.79,210.06,123.79
140.98,124.62,140.98,35.62,210.07,35.62,210.07,124.62
141.35,125.45,141.35,36.45,210.08,36.45,210.08,125.45
141.73,126.27,141.73,37.27,210.09,37.27,210.09,126.27
141.00,137.00,141.00,48.00,209.00,48.00,209.00,137.00
141.00,139.00,141.00,50.00,208.00,50.00,208.00,139.00
142.00,141.00,142.00,52.00,209.00,52.00,209.00,141.00
141.00,144.00,141.00,55.00,208.00,55.00,208.00,144.00
140.00,146.00,140.00,57.00,207.00,57.00,207.00,146.00
136.00,143.00,136.00,53.00,203.00,53.00,203.00,143.00
136.00,142.00,136.00,52.00,203.00,52.00,203.00,142.00
137.00,140.00,137.00,50.00,204.00,50.00,204.00,140.00
133.00,139.00,133.00,48.00,201.00,48.00,201.00,139.00
137.00,136.00,137.00,45.00,205.00,45.00,205.00,136.00
146.00,138.00,146.00,47.00,214.00,47.00,214.00,138.00
146.00,138.00,146.00,46.00,214.00,46.00,214.00,138.00
147.00,138.00,147.00,46.00,215.00,46.00,215.00,138.00
147.00,137.00,147.00,45.00,215.00,45.00,215.00,137.00
150.00,138.00,150.00,45.00,219.00,45.00,219.00,138.00
153.00,135.00,153.00,43.00,222.00,43.00,222.00,135.00
151.00,133.00,151.00,41.00,220.00,41.00,220.00,133.00
155.00,131.00,155.00,40.00,224.00,40.00,224.00,131.00
156.00,130.00,156.00,39.00,225.00,39.00,225.00,130.00
150.00,128.00,150.00,37.00,219.00,37.00,219.00,128.00
146.00,125.00,146.00,35.00,215.00,35.00,215.00,125.00
143.00,127.00,143.00,37.00,212.00,37.00,212.00,127.00
137.00,128.00,137.00,39.00,206.00,39.00,206.00,128.00
131.00,132.00,131.00,43.00,200.00,43.00,200.00,132.00
128.00,133.00,128.00,44.00,197.00,44.00,197.00,133.00
121.00,133.00,121.00,45.00,190.00,45.00,190.00,133.00
117.00,132.00,117.00,44.00,186.00,44.00,186.00,132.00
113.00,132.00,113.00,45.00,182.00,45.00,182.00,132.00
110.00,129.00,110.00,42.00,179.00,42.00,179.00,129.00
107.00,129.00,107.00,42.00,176.00,42.00,176.00,129.00
109.00,125.00,109.00,39.00,178.00,39.00,178.00,125.00
110.00,125.00,110.00,39.00,179.00,39.00,179.00,125.00
113.00,126.00,113.00,40.00,183.00,40.00,183.00,126.00
119.00,131.00,119.00,45.00,188.00,45.00,188.00,131.00
124.00,135.00,124.00,49.00,193.00,49.00,193.00,135.00
129.00,139.00,129.00,53.00,197.00,53.00,197.00,139.00
138.00,144.00,138.00,58.00,206.00,58.00,206.00,144.00
139.00,140.00,139.00,54.00,206.00,54.00,206.00,140.00
141.00,140.00,141.00,54.00,208.00,54.00,208.00,140.00
147.00,138.00,147.00,52.00,213.00,52.00,213.00,138.00
155.00,135.00,155.00,49.00,221.00,49.00,221.00,135.00
157.00,139.00,157.00,53.00,222.00,53.00,222.00,139.00
160.00,142.00,160.00,56.00,225.00,56.00,225.00,142.00
168.00,146.00,168.00,60.00,232.00,60.00,232.00,146.00
165.00,144.00,165.00,58.00,229.00,58.00,229.00,144.00
163.00,145.00,163.00,59.00,226.00,59.00,226.00,145.00
160.00,146.00,160.00,60.00,223.00,60.00,223.00,146.00
154.00,142.00,154.00,56.00,216.00,56.00,216.00,142.00
155.00,142.00,155.00,56.00,217.00,56.00,217.00,142.00
154.00,142.00,154.00,56.00,215.00,56.00,215.00,142.00
147.00,144.00,147.00,58.00,208.00,58.00,208.00,144.00
147.00,144.00,147.00,58.00,208.00,58.00,208.00,144.00
147.00,144.00,147.00,58.00,209.00,58.00,209.00,144.00
143.00,143.00,143.00,57.00,206.00,57.00,206.00,143.00
140.00,139.00,140.00,53.00,203.00,53.00,203.00,139.00
135.00,140.00,135.00,54.00,199.00,54.00,199.00,140.00
131.00,138.00,131.00,52.00,196.00,52.00,196.00,138.00
132.00,140.00,132.00,54.00,197.00,54.00,197.00,140.00
131.00,139.00,131.00,53.00,197.00,53.00,197.00,139.00
131.00,141.00,131.00,54.00,198.00,54.00,198.00,141.00
136.00,138.00,136.00,51.00,204.00,51.00,204.00,138.00
137.00,137.00,137.00,50.00,205.00,50.00,205.00,137.00
133.00,135.00,133.00,48.00,202.00,48.00,202.00,135.00
141.00,134.00,141.00,47.00,211.00,47.00,211.00,134.00
143.00,139.00,143.00,52.00,213.00,52.00,213.00,139.00
149.00,140.00,149.00,53.00,220.00,53.00,220.00,140.00
153.00,145.00,153.00,58.00,225.00,58.00,225.00,145.00
154.00,147.00,154.00,59.00,227.00,59.00,227.00,147.00
155.00,145.00,155.00,57.00,227.00,57.00,227.00,145.00
156.00,143.00,156.00,55.00,228.00,55.00,228.00,143.00
158.00,141.00,158.00,53.00,229.00,53.00,229.00,141.00
159.00,140.00,159.00,52.00,230.00,52.00,230.00,140.00
161.00,138.00,161.00,50.00,231.00,50.00,231.00,138.00
162.00,136.00,162.00,48.00,232.00,48.00,232.00,136.00
163.00,135.00,163.00,47.00,232.00,47.00,232.00,135.00
165.00,133.00,165.00,45.00,234.00,45.00,234.00,133.00
166.00,131.00,166.00,43.00,234.00,43.00,234.00,131.00
168.00,131.00,168.00,42.00,236.00,42.00,236.00,131.00
168.00,131.00,168.00,42.00,236.00,42.00,236.00,131.00
168.00,132.00,168.00,42.00,236.00,42.00,236.00,132.00
168.00,133.00,168.00,42.00,236.00,42.00,236.00,133.00
168.00,135.00,168.00,43.00,236.00,43.00,236.00,135.00
168.00,136.00,168.00,43.00,236.00,43.00,236.00,136.00
168.00,137.00,168.00,43.00,236.00,43.00,236.00,137.00
168.00,138.00,168.00,43.00,236.00,43.00,236.00,138.00
169.00,140.00,169.00,44.00,238.00,44.00,238.00,140.00
167.00,138.00,167.00,43.00,236.00,43.00,236.00,138.00
160.00,137.00,160.00,42.00,229.00,42.00,229.00,137.00
160.00,134.00,160.00,40.00,229.00,40.00,229.00,134.00
162.00,140.00,162.00,46.00,231.00,46.00,231.00,140.00
160.00,138.00,160.00,45.00,229.00,45.00,229.00,138.00
159.00,138.00,159.00,45.00,228.00,45.00,228.00,138.00
157.00,137.00,157.00,45.00,226.00,45.00,226.00,137.00
154.00,134.00,154.00,42.00,223.00,42.00,223.00,134.00
154.00,129.00,154.00,38.00,223.00,38.00,223.00,129.00
152.00,128.00,152.00,37.00,221.00,37.00,221.00,128.00
151.00,128.00,151.00,37.00,220.00,37.00,220.00,128.00
152.00,128.00,152.00,37.00,220.00,37.00,220.00,128.00
154.00,128.00,154.00,37.00,221.00,37.00,221.00,128.00
158.00,129.00,158.00,38.00,225.00,38.00,225.00,129.00
161.00,130.00,161.00,39.00,227.00,39.00,227.00,130.00
165.00,135.00,165.00,44.00,231.00,44.00,231.00,135.00
169.00,135.00,169.00,44.00,234.00,44.00,234.00,135.00
173.00,134.00,173.00,43.00,237.00,43.00,237.00,134.00
175.00,135.00,175.00,44.00,239.00,44.00,239.00,135.00
169.00,134.00,169.00,43.00,232.00,43.00,232.00,134.00
173.00,135.00,173.00,44.00,236.00,44.00,236.00,135.00
169.00,133.00,169.00,42.00,231.00,42.00,231.00,133.00
169.00,131.00,169.00,40.00,231.00,40.00,231.00,131.00
165.00,131.00,165.00,40.00,227.00,40.00,227.00,131.00
164.00,135.00,164.00,44.00,226.00,44.00,226.00,135.00
163.00,140.00,163.00,49.00,226.00,49.00,226.00,140.00
160.00,142.00,160.00,51.00,223.00,51.00,223.00,142.00
157.00,141.00,157.00,50.00,221.00,50.00,221.00,141.00
154.00,139.00,154.00,48.00,218.00,48.00,218.00,139.00
146.00,139.00,146.00,48.00,211.00,48.00,211.00,139.00
144.00,135.00,144.00,44.00,209.00,44.00,209.00,135.00
140.00,132.00,140.00,41.00,206.00,41.00,206.00,132.00
137.00,132.00,137.00,41.00,203.00,41.00,203.00,132.00
134.00,132.00,134.00,41.00,201.00,41.00,201.00,132.00
131.00,132.00,131.00,41.00,198.00,41.00,198.00,132.00
128.00,133.00,128.00,42.00,196.00,42.00,196.00,133.00
131.00,132.00,131.00,43.00,198.00,43.00,198.00,132.00
135.00,132.00,135.00,44.00,201.00,44.00,201.00,132.00
139.00,132.00,139.00,45.00,204.00,45.00,204.00,132.00
143.00,132.00,143.00,46.00,208.00,46.00,208.00,132.00
146.00,131.00,146.00,47.00,210.00,47.00,210.00,131.00
150.00,131.00,150.00,48.00,213.00,48.00,213.00,131.00
154.00,131.00,154.00,49.00,216.00,49.00,216.00,131.00
158.00,130.00,158.00,49.00,220.00,49.00,220.00,130.00
163.00,130.00,163.00,50.00,225.00,50.00,225.00,130.00
167.00,132.00,167.00,52.00,229.00,52.00,229.00,132.00
167.00,132.00,167.00,52.00,229.00,52.00,229.00,132.00
165.00,135.00,165.00,55.00,227.00,55.00,227.00,135.00
166.00,136.00,166.00,57.00,228.00,57.00,228.00,136.00
163.00,136.00,163.00,57.00,225.00,57.00,225.00,136.00
161.00,142.00,161.00,63.00,223.00,63.00,223.00,142.00
161.00,144.00,161.00,65.00,223.00,65.00,223.00,144.00
159.00,139.00,159.00,61.00,221.00,61.00,221.00,139.00
153.00,136.00,153.00,58.00,215.00,58.00,215.00,136.00
148.00,135.00,148.00,57.00,210.00,57.00,210.00,135.00
148.00,136.00,148.00,58.00,210.00,58.00,210.00,136.00
145.00,135.00,145.00,57.00,207.00,57.00,207.00,135.00
143.00,136.00,143.00,57.00,205.00,57.00,205.00,136.00
140.00,136.00,140.00,56.00,203.00,56.00,203.00,136.00
138.00,137.00,138.00,56.00,201.00,56.00,201.00,137.00
135.00,136.00,135.00,55.00,198.00,55.00,198.00,136.00
133.00,137.00,133.00,55.00,197.00,55.00,197.00,137.00
130.00,137.00,130.00,54.00,194.00,54.00,194.00,137.00
128.00,138.00,128.00,54.00,192.00,54.00,192.00,138.00
125.00,137.00,125.00,53.00,190.00,53.00,190.00,137.00
123.00,138.00,123.00,53.00,188.00,53.00,188.00,138.00
120.00,138.00,120.00,52.00,185.00,52.00,185.00,138.00
118.00,139.00,118.00,52.00,184.00,52.00,184.00,139.00
