625.4,676.29,690.92,666.66,694.19,688.91,628.67,698.55
616.98,673.03,686.07,665.94,688.13,686.06,619.04,693.15
610.5,663.54,679.38,664.3,679.18,682.24,610.3,681.47
598.52,653.79,667.29,659.52,665.37,682.61,596.59,676.88
574.22,658.31,642.49,661.49,641.62,680.26,573.34,677.09
550.04,662.16,556.57,641.95,622.18,663.18,615.64,683.38
538.05,637.77,605.05,656.79,600.01,674.55,533.01,655.52
520.16,649.89,525.78,632.68,591.23,654.05,585.61,671.25
508.98,631.52,575.21,649.35,570.21,667.94,503.97,650.11
480.93,631.24,548.39,641.1,545.78,658.91,478.32,649.06
462.62,624.99,529.75,641.44,525.46,658.94,458.34,642.49
434.48,623.27,441.78,605.14,507.13,631.46,499.82,649.59
417.31,578.03,473.79,614.18,463.14,630.81,406.66,594.66
388.5,573.83,401.25,557.11,454.87,597.99,442.13,614.71
371.97,574.47,380.19,557.77,440.5,587.45,432.28,604.15
365.04,535.17,420.86,576.34,408.44,593.19,352.62,552.01
330.1,517.41,347.04,502.81,392.65,555.71,375.71,570.32
313.85,512.74,328.93,493.75,383.58,537.14,368.5,556.13
309.56,505.28,323.83,490.36,373.23,537.62,358.96,552.54
295.51,498.75,360.18,519.2,354.37,537.59,289.7,517.15
275.05,497.15,341.96,516.78,336.7,534.69,269.8,515.06
253.66,515.41,321.34,514.65,321.55,533.51,253.87,534.28
228.14,539.07,295.06,520.82,299.79,538.15,232.87,556.4
265.02,539.28,273,555.97,209.49,586.3,201.52,569.6
252.23,549.63,262.91,566.98,202.6,604.09,191.92,586.74
242.32,556.33,253.94,571.26,198.95,614.06,187.32,599.13
226.75,570.5,239.05,584.75,185.34,631.1,173.04,616.86
216.04,579.79,231.59,590.91,190.95,647.7,175.4,636.58
205.71,593.2,224.39,597.78,208.38,663.15,189.7,658.57
207.7,614.62,225.17,614.65,225.06,683.16,207.59,683.13
214.61,650.65,233.97,649.57,237.86,718.95,218.5,720.03
224.29,694.82,243.98,694.8,244.08,765.85,224.39,765.88
235.69,722.62,256.13,720.85,262.08,789.56,241.64,791.33
234.16,725.41,253.06,722.13,264.86,790.02,245.96,793.3
240.57,740.56,257.99,734.84,278.96,798.74,261.53,804.45
256.38,763.43,275.43,754.63,303.4,815.21,284.34,824.01
272.82,780.8,290.83,772.68,318.89,834.9,300.88,843.03
284.76,795.81,300.97,785.16,339.04,843.04,322.84,853.69
294.95,799.86,311.78,789.45,348.54,848.89,331.7,859.3
299.18,806.56,315.88,794.36,357.47,851.31,340.77,863.51
311.37,820.95,326.61,805.09,375.15,851.72,359.91,867.58
328.82,829.46,347.55,810.01,397.13,857.75,378.4,877.2
353.59,839.82,366.74,823.5,420.41,866.75,407.26,883.07
371.38,849.71,386.97,836.98,430.59,890.36,415,903.1
382.17,849.12,400.75,841.23,426.67,902.33,408.1,910.21
385.43,848.8,403.24,841.34,429.13,903.18,411.31,910.64
386.21,845.9,404.94,840.12,423.95,901.67,405.21,907.45
386.69,844.09,406.46,839.85,419.49,900.62,399.72,904.86
387.37,848.06,408.05,845.19,416.44,905.55,395.75,908.42
384.96,850.25,405.79,845.06,420.05,902.35,399.23,907.53
387.09,848.07,411.73,845.11,418.76,903.71,394.12,906.67
386.12,854.54,407.93,848.9,421.68,902.09,399.88,907.72
385.66,860.16,404.51,850.29,430.77,900.42,411.92,910.29
388.39,863.45,407.51,852.9,434.72,902.19,415.6,912.74
393.15,868.75,415.39,859.02,437.2,908.87,414.96,918.6
394,869.83,422.86,862.3,436,912.65,407.13,920.18
392.2,873.58,411.69,863.32,435.64,908.77,416.15,919.04
394.55,869.49,418.07,865.78,425.94,915.59,402.42,919.3
396.18,870.78,419.05,868.5,423.7,915.03,400.83,917.32
394.84,871.54,418.07,870,421.14,916.12,397.91,917.67
395.92,871.29,417.61,872.57,415.01,916.88,393.32,915.61
398.62,872.08,419.77,877.85,407.75,921.93,386.59,916.16
396.69,869.61,418.45,877.37,402.49,922.09,380.73,914.33
389.06,873,413.25,873.28,412.74,917.48,388.55,917.2
393.65,869.9,414.17,872.21,409.06,917.61,388.54,915.29
391.7,874.1,414.59,873.41,415.98,919.49,393.1,920.18
395.47,872.88,413.98,873.93,411.32,921.13,392.8,920.09
391.71,876.38,410.46,873.31,417.9,918.79,399.15,921.86
390.92,877.05,409.5,872.52,421.02,919.87,402.44,924.39
387.88,878.98,408.99,872.77,422.94,920.19,401.82,926.4
392.2,876.54,411.09,872.61,420.92,919.86,402.02,923.79
388.88,878.98,411.18,872.42,424.64,918.17,402.33,924.73
388.69,882.17,406.9,870.84,432.92,912.65,414.72,923.98
387.64,883.57,403.4,867.37,440.9,903.85,425.14,920.05
389.16,883.56,403.5,865.85,445.96,900.24,431.62,917.94
390.81,877.98,408.98,863.75,443.74,908.16,425.56,922.39
390.31,879.84,407.68,862.27,445.36,899.53,427.99,917.1
390.95,884.95,409.32,864.75,447.75,899.68,429.38,919.89
393.1,883.78,411.55,867.94,443.32,904.94,424.87,920.78
398.35,889.11,415.05,873.45,448.11,908.71,431.41,924.37
403.37,897.51,416.56,879.96,453.09,907.42,439.91,924.96
410.41,902,423.25,882.72,459.21,906.67,446.37,925.94
425.62,887.06,460.7,905.51,451.55,922.9,416.48,904.45
431.47,884.36,461.74,903.95,449.02,923.6,418.75,904.02
417.84,903.47,429.64,885.12,458.9,903.94,447.1,922.28
422.95,903.52,436.32,887.07,458.79,905.33,445.43,921.78
422.38,900.44,444.2,889.61,454.22,909.8,432.4,920.62
420.47,901.12,440.76,888.94,453.47,910.12,433.18,922.29
419.2,905.6,438.56,891.08,452.24,909.32,432.88,923.84
422,896,448,896,448,918,422,918
415.56,899.4,444.1,892.68,448.74,912.41,420.21,919.13
414.61,896.37,445.09,893.47,446.92,912.63,416.43,915.53
409.32,895.65,439.64,894.39,440.5,914.94,410.18,916.2
406.61,896.64,437.18,895.37,438.04,916,407.47,917.27
405.88,899.53,432.94,892.76,438.18,913.71,411.12,920.47
406.94,898.19,434.75,893.14,438.98,916.37,411.17,921.42
405.96,900.05,427.38,889.31,438.72,911.93,417.3,922.67
407.24,900.06,425.47,889.12,439.59,912.65,421.35,923.59
407.89,895.18,434.96,894.96,435.13,916.95,408.06,917.16
407.08,895.09,435.31,895.17,435.26,914.04,407.03,913.96
408,896,434,896,434,915,408,915
410.02,895.14,434.54,895.15,434.53,913.09,410.02,913.08
408,895,433,895,433,914,408,914
406.85,894.48,433.79,894.44,433.81,913.99,406.88,914.03
408,895,430,895,430,915,408,915
406.97,892.82,434.94,892.61,435.1,914.58,407.14,914.79
407.01,892.29,440.91,892.07,441.06,914.93,407.16,915.16
404.86,887.78,446.71,902.33,440.21,921.03,398.36,906.47
400.9,888.01,453.45,900.78,448.94,919.36,396.39,906.58
398.63,887.4,458.12,901.75,453.71,920.02,394.22,905.67
401.7,890.99,461.08,900.94,458.02,919.21,398.64,909.27
407.94,889.9,468.22,896.91,465.96,916.34,405.68,909.34
409.83,890.78,468.8,897.17,466.83,915.35,407.86,908.96
416.89,888.54,472.23,901.34,468.24,918.63,412.89,905.83
417.65,890.55,475.98,902.99,472.33,920.11,413.99,907.66
419.54,889.65,477.47,893.89,475.92,915.14,417.98,910.9
419.83,886.49,479.16,896.81,475.8,916.14,416.47,905.82
416.24,888.17,477.41,889.82,476.91,908.48,415.73,906.83
414,889,476,889,476,910,414,910
411.63,887.01,478.39,889.94,477.57,908.75,410.8,905.82
411.32,886.95,480.48,889.18,479.82,909.7,410.66,907.47
411,886,479,886,479,907,411,907
410.91,886.74,479,890.24,477.94,910.86,409.85,907.35
417.88,885.93,486.58,889.18,485.74,906.84,417.04,903.59
435.49,881.28,503.86,879.83,504.39,904.99,436.02,906.44
450.12,879.86,519.28,875.25,520.67,896.02,451.51,900.63
461.85,873.99,530.51,874.01,530.5,893.14,461.84,893.12
471.01,873.24,542.3,867.48,543.79,885.93,472.5,891.68
492.5,860.44,561.4,860.01,561.53,881.78,492.63,882.21
516.73,859.15,585.76,860.86,585.28,880.37,516.25,878.66
542.79,854.16,612.65,861.25,610.84,879.12,540.98,872.02
556.55,851.53,624.61,862.22,621.72,880.62,553.65,869.93
565.07,848.56,625.97,866.81,620.36,885.5,559.47,867.25
560.6,867.54,566.52,850.05,625.8,870.1,619.88,887.59
566.84,852.22,626.25,868.02,621.45,886.09,562.03,870.3
572.3,850.35,623.9,875.68,615.21,893.38,563.62,868.05
569.02,851.45,627.21,872.57,620.58,890.84,562.39,869.71
567.15,853.06,628.09,869.04,623.04,888.3,562.1,872.31
566.63,854.31,628.5,867.44,624.38,886.86,562.51,873.73
566.96,846.84,632.08,853.69,629.82,875.19,564.7,868.34
565.97,851.19,632.01,851.53,631.91,871.27,565.87,870.94
571.46,850.84,639.53,847.43,640.48,866.38,572.41,869.79
570.48,846.21,638.93,851.67,637.47,869.95,569.02,864.49
582.46,847.18,650.75,850.78,649.68,871.04,581.4,867.44
585.47,851.4,652.47,854.38,651.55,875.2,584.55,872.22
590.07,859.06,657.04,852.78,658.86,872.14,591.88,878.42
598.27,862.91,660.64,844.26,666.08,862.46,603.71,881.11
607.91,859.86,673.26,841.63,678.93,861.95,613.58,880.19
607.38,859.26,672.26,836.84,678.84,855.88,613.96,878.3
673.23,835.48,680.36,854.81,616.12,878.5,608.99,859.17
614.31,854.88,677.38,828.74,686.32,850.3,623.24,876.44
676.41,823.24,690.35,844.75,631.7,882.76,617.76,861.24
683.16,824.89,696.68,846.73,638.95,882.47,625.44,860.64
687.87,822.98,700.09,841.4,645.22,877.83,633,859.42
694.96,821.09,707.4,842.04,648.53,877,636.09,856.04
699.11,817.99,711.46,836.78,655.81,873.36,643.45,854.56
707.72,815.22,719.76,833.25,665.85,869.25,653.81,851.23
718.19,812.08,728.32,827.71,672.38,863.97,662.25,848.34
718.2,809.04,729.07,825.28,673.38,862.55,662.51,846.31
667.47,846.81,720.04,804.55,731.91,819.32,679.34,861.58
725.08,795.48,738.73,812.7,685.11,855.2,671.46,837.97
735.03,795.94,745.5,812.69,689.69,847.59,679.22,830.84
737.44,796.27,748.06,811.38,694.98,848.69,684.36,833.58
742.82,781.43,756.07,798.38,703.43,839.53,690.19,822.58
749.35,777.48,761.07,794.11,708.17,831.37,696.46,814.74
749.08,748.71,767.53,767.73,719.8,814.01,701.35,794.99
764.06,741.45,777.81,755.98,726.89,804.18,713.13,789.65
774.03,725.69,790.17,742.43,741.33,789.53,725.18,772.79
795.42,704.56,808.51,719.44,757.34,764.44,744.25,749.56
799.87,682.59,815.45,695.5,772.33,747.52,756.75,734.61
820.14,672.32,831.97,691.85,777.93,724.59,766.1,705.07
820.27,661.92,834.07,677.98,783.8,721.19,770,705.13
825.37,667.11,836.11,684.69,782.73,717.29,771.99,699.71
828.87,670.19,839.85,691.51,784.66,719.96,773.67,698.64
774.79,699.16,829.85,671.54,840.15,692.07,785.09,719.69
831.68,673.69,840.95,694.96,783.58,719.97,774.31,698.7
829.04,673.41,839.32,694.75,785.38,720.75,775.1,699.41
830.63,677.04,839.25,697.7,785.11,720.3,776.49,699.64
776.38,697.9,832.73,685.05,838.09,708.59,781.74,721.43
777.98,700.52,828.97,695.51,830.99,716.04,780,721.06
781.34,698.85,831.6,706.21,828.59,726.82,778.32,719.46
785.2,696.93,833.04,712.15,826.71,732.05,778.87,716.82
787.69,698.66,832.5,715.78,825.4,734.36,780.59,717.25
774.02,712.64,795.21,696.43,824.16,734.29,802.97,750.5
773.41,717.85,789.76,700.98,822.67,732.87,806.32,749.74
782.25,707.07,808.94,707.19,808.73,754.03,782.05,753.92
779.32,710.74,801.48,705.12,813.88,754.06,791.72,759.67
786.66,706.48,810.2,710.01,802.18,763.48,778.63,759.95
785.06,709.07,807.24,710.06,805.1,758.31,782.92,757.32
782,710,803,710,803,764,782,764
777.18,711.07,798.79,711.39,797.95,769.19,776.33,768.88
776.61,709.12,796.26,710.64,791.25,775.71,771.6,774.2
772.13,707.97,792.11,709.71,786.41,775.34,766.43,773.6
769.64,712.06,791.38,718.23,772.48,784.87,750.74,778.71
767.59,719.04,783.98,729.04,747.28,789.19,730.9,779.19
758.87,729.1,774.83,746.19,724.47,793.24,708.5,776.15
745.54,741.62,759.17,758.17,705.16,802.62,691.54,786.07
726.98,746.43,741.87,761.33,694.04,809.12,679.14,794.22
727.45,753.26,737.52,770.3,678.72,805.04,668.65,788
727.6,753.03,738.27,770.7,678.58,806.76,667.91,789.1
726.99,752.74,737.67,770.18,679.21,806,668.53,788.56
726.5,746.23,736.08,764.74,677.09,795.29,667.51,776.78
667.3,773.8,727.79,747.7,736.37,767.58,675.89,793.69
668.66,777.98,727.31,746.84,736.59,764.32,677.94,795.46
667.63,774.06,728.55,748.92,736.2,767.47,675.28,792.6
660.07,774.71,725.52,753.1,731.51,771.24,666.06,792.85
666.85,782.68,727.55,753.24,736.45,771.58,675.74,801.02
666.73,784.82,723.28,753.57,733.22,771.55,676.67,802.81
717.73,753.12,731.49,769.53,679.63,813,665.87,796.59
710.06,751.77,726.47,765.84,682.96,816.58,666.55,802.52
710.7,755.03,725.36,770.03,679.2,815.15,664.53,800.14
709.77,755.56,724.36,770.41,677.8,816.17,663.21,801.32
713.24,756.28,726.72,772.43,676.34,814.49,662.86,798.34
714.69,758.09,727.37,773.87,675.75,815.37,663.07,799.59
658.23,769.62,722.59,758.76,726.93,784.45,662.57,795.32
656.89,774.08,721.94,757.38,727.2,777.89,662.16,794.59
659.32,764.77,724.65,758.4,727.29,785.51,661.96,791.88
663.1,770.46,726.64,754.5,731.74,774.8,668.2,790.76
652.9,760.75,722.77,757.8,723.67,778.88,653.79,781.83
661.72,756.49,726.36,760.38,725.24,779.04,660.6,775.15
665.33,734.89,723.38,765.89,714.3,782.89,656.25,751.89
663.1,736.21,676.64,721.05,723.31,762.75,709.77,777.91
655.36,730.4,668.94,714.97,717.39,757.63,703.82,773.05
657.37,712.57,670.15,701.09,711.75,747.4,698.97,758.89
648.1,696.12,662.8,683.92,704.63,734.33,689.93,746.53
639.45,693.74,653.62,679.29,702.06,726.79,687.89,741.23
634.15,691,644.62,675.1,701.32,712.45,690.84,728.35
619.93,687.65,629.1,671.54,686.93,704.43,677.77,720.54
613.26,658.5,674.48,687.71,666.07,705.33,604.86,676.12
585.6,661.07,594.38,643.69,655.93,674.78,647.15,692.16
566.25,636.27,632.65,657.97,627.17,674.74,560.77,653.04
528.7,638.61,596.31,645.11,594.36,665.29,526.76,658.78
487.5,645.28,555.2,638.67,557.21,659.32,489.52,665.94
467.83,653.92,533.83,638.51,537.82,655.63,471.83,671.04
452.5,659.37,519.19,639.95,524.96,659.78,458.27,679.19
419.91,665.26,488.63,651.33,492.61,670.96,423.89,684.89
388.9,668.49,456.13,662.09,458.02,681.88,390.78,688.27
361.93,682.03,428.14,664.46,433.22,683.61,367.01,701.18
406.87,674.01,413.73,692.2,347.47,717.18,340.61,698.98
377.33,682.46,391.37,700.43,336.62,743.2,322.59,725.23
350.24,709.5,368.18,721.28,332.51,775.59,314.57,763.81
332.34,735.68,354.75,744.12,331.41,806.11,309,797.67
330.8,755.14,346.98,761.79,320.31,826.7,304.14,820.05
323.95,784.39,341.71,789.28,323.15,856.71,305.39,851.82
323.17,797.3,340.57,799.75,330.7,869.74,313.31,867.29
320.14,794.3,340.31,794.05,341.19,864.11,321.02,864.36
319.98,797.74,338.68,791.85,360.02,859.69,341.32,865.57
325.47,806.89,342.1,796.64,378.42,855.6,361.78,865.85
333.38,814.89,350.57,802.77,390.46,859.35,373.27,871.46
346.11,825.37,362.17,811.41,406.77,862.71,390.71,876.68
367.18,836.05,382.52,821.81,429.8,872.75,414.46,886.99
387.02,840.46,403.8,823.25,452.89,871.09,436.11,888.3
392.84,848.99,403.94,831.14,462.69,867.69,451.59,885.54
405.97,852.89,420.99,834.77,475.8,880.18,460.78,898.3
425.49,857.74,441.09,842.41,489.07,891.24,473.47,906.57
432.13,848.55,449.32,839.85,479.78,900.08,462.59,908.78
432.67,842.76,451.3,837.46,470.02,903.25,451.39,908.55
433.26,837.97,452.18,834.56,464.27,901.55,445.36,904.96
432.9,836.23,454.94,835,458.7,902.63,436.66,903.85
439.35,832.21,456.37,835.12,444.83,902.77,427.81,899.87
445.89,833.85,459.99,844.57,418.27,899.41,404.18,888.69
437.82,841.26,447.71,857.49,387.36,894.28,377.47,878.05
424.48,845.34,429.56,863.72,362.74,882.17,357.67,863.78
340.18,846.07,410.22,846.92,410,865.3,339.95,864.45
322.41,835.29,392.84,837.24,392.34,855.46,321.91,853.52
301.86,818.32,370.44,833.64,366.7,850.41,298.11,835.08
276.07,815.81,281.96,798.69,347.7,821.33,341.81,838.44
253.62,788.69,262.89,772.29,323.69,806.66,314.43,823.05
225.71,760.95,242.54,741.53,294.12,786.24,277.3,805.66
200.27,743.33,211.63,725.97,267.61,762.6,256.25,779.96
181.96,709.09,195.23,693.81,247.05,738.85,233.78,754.12
159.23,682.17,173,667.37,224.92,715.64,211.15,730.45
148.57,685.6,157.11,666.62,219.24,694.58,210.7,713.56
138.91,686.11,145.7,667.39,209.7,690.62,202.91,709.34
139.86,681.99,148.66,662.62,212.81,691.77,204.01,711.13
146.9,665.57,212.55,687.42,205.63,708.21,139.98,686.36
142.73,676.7,210.82,685.22,208.22,706.03,140.12,697.51
144.66,679.44,211.52,687.23,209.26,706.57,142.41,698.78
141.27,681.54,210.19,684.15,209.44,704,140.52,701.39
140.63,680.74,208.27,682.26,207.84,701.33,140.2,699.81
140.07,676.79,207.27,683.05,205.55,701.53,138.35,695.28
142.09,673.18,206.82,682.47,203.93,702.58,139.2,693.29
138.14,665.5,204.2,682.86,199.53,700.66,133.46,683.3
133,670.48,142.15,652.25,203.12,682.84,193.97,701.08
132.42,665.69,142.28,648.01,199.89,680.16,190.03,697.84
131.95,645.12,145.28,630.86,193.69,676.1,180.36,690.36
127.63,632.04,141.71,618.88,189.05,669.54,174.98,682.7
122.44,621.69,139.64,604.33,189.44,653.67,172.25,671.03
119.31,606.02,134.99,591.8,181.57,643.15,165.88,657.38
106.09,589.38,121.5,572.5,172.31,618.89,156.9,635.78
110.68,556.4,127.02,545.41,166.17,603.66,149.82,614.65
113.88,548.47,131.48,539.85,162.59,603.34,145,611.96
124.82,531.35,144.54,525.73,162.98,590.34,143.26,595.96
132.02,506.8,151.29,504.77,158.3,571.37,139.04,573.4
132.16,481.65,155.73,479.91,160.87,549.27,137.3,551.02
143,452,163,452,163,522,143,522
155.32,417.74,174.2,419.02,169.54,487.65,150.66,486.37
161.23,387.02,180.25,388.44,175.05,457.59,156.04,456.16
171.67,362.73,189.35,365.12,180.21,432.88,162.53,430.49
186.66,344.17,204.63,348.77,187.22,416.9,169.24,412.3
210.93,332.38,229.11,344.31,192.62,399.96,174.44,388.04
234.36,323.53,248.72,336.62,201.51,388.41,187.15,375.31
241.2,327.93,253.18,341.11,201.68,387.91,189.71,374.74
242.33,327.58,253.29,340.18,200.07,386.5,189.11,373.9
237.54,326.7,250.54,339.34,201.39,389.87,188.4,377.23
238.68,325.89,250.88,337.85,200.88,388.81,188.69,376.85
228.9,314.1,247.44,320.85,223.64,386.17,205.1,379.41
226.87,313.37,245.55,319.19,225.15,384.71,206.46,378.89
225.29,312.21,244.88,317.96,225.25,384.91,205.65,379.16
225.41,312.88,244.57,318.25,226.02,384.54,206.85,379.17
225.59,312.94,245.09,318.39,226.6,384.56,207.09,379.1
227.2,311.84,247.19,318.08,226.62,383.97,206.63,377.73
228.37,311.5,247.17,317.88,224.88,383.61,206.08,377.23
228.56,310.95,248.22,318.06,224.5,383.59,204.84,376.47
236.96,311.33,254.38,322.16,217.51,381.47,200.09,370.65
240.73,311.78,257.08,323.18,217.05,380.62,200.69,369.22
242.22,312.36,258.23,324.49,215.06,381.48,199.05,369.36
242.84,313.77,261.76,332.78,213.14,381.17,194.22,362.15
243.19,314.9,259.51,327.17,217.72,382.73,201.4,370.46
253.54,319.66,267.02,333.14,219.34,380.8,205.86,367.32
266.12,322.76,277.69,338.53,222.53,379,210.95,363.22
279.7,327.92,288.66,344.63,229.72,376.21,220.77,359.5
281.09,322.55,291.82,338.67,234.97,376.52,224.24,360.4
273.83,308.62,289.78,319.67,250.35,376.59,234.4,365.55
256.55,296.02,280.75,299.38,271.31,367.4,247.11,364.04
271.14,289.44,290.16,293.65,275.31,360.66,256.3,356.45
272.33,286.2,291.63,289.76,279,358.36,259.7,354.8
278.67,284.11,298.25,289.54,279.42,357.42,259.84,351.99
296.27,276.64,313.47,286.24,278.87,348.21,261.66,338.6
318.14,272.32,333.74,286.94,285.15,338.77,269.55,324.14
311.52,259.68,332.06,270.83,298.06,333.46,277.52,322.31
305.23,255.5,323.91,259.85,308.15,327.66,289.46,323.32
289.93,251.26,310.26,248.44,320.16,319.73,299.83,322.55
286.96,245.91,303.48,240.72,324.14,306.56,307.62,311.74
279.95,234.53,298.41,227.25,324.12,292.4,305.66,299.69
277.68,233.63,295.14,225.76,324.55,290.95,307.09,298.83
288.3,222.37,307.87,217.01,326.59,285.39,307.02,290.75
283.42,227.44,300.45,217.18,335.81,275.93,318.78,286.18
283.37,230.82,299.97,219.38,338.45,275.21,321.84,286.65
281.08,232.55,297.88,219.58,339.74,273.82,322.93,286.79
281.47,233.92,298.64,220.48,340.9,274.44,323.73,287.89
281.71,233.32,298.57,220.08,340.92,274.03,324.06,287.27
283.25,234.38,301.08,220.79,342.4,275.03,324.57,288.62
282.31,234.52,299.68,220.73,342.39,274.58,325.02,288.37
283.18,235.62,300.56,221.83,342.39,274.58,325.02,288.37
283.14,233.74,300.05,220.89,340.49,274.14,323.58,286.99
279.36,241.76,297.94,225.31,342.76,275.92,324.19,292.38
276.38,239.51,293.09,224.33,339.68,275.64,322.96,290.82
275.02,237.75,291.33,222.1,339.8,272.66,323.48,288.3
276.52,241.61,294.45,223.16,343.63,270.98,325.7,289.43
275.51,242.43,289.64,226.9,338.91,271.75,324.77,287.28
274.99,244.69,288.91,228.39,339.15,271.28,325.24,287.58
272.38,248.15,283.83,231.58,338.46,269.32,327.01,285.9
272.18,247.93,284.06,230.73,339.55,269.06,327.68,286.26
270.77,248.68,282.22,231.28,339.33,268.87,327.88,286.27
264.26,245.45,276.27,226.88,336.45,265.79,324.44,284.36
265.03,246.36,276.7,227.82,335.39,264.74,323.72,283.29
268.71,238.8,282.57,223.52,332,268.39,318.13,283.66
267.63,232.22,284,217.9,329.92,270.42,313.54,284.73
263.4,237.66,278.2,220.56,329.57,264.99,314.77,282.1
261.84,240.51,276.35,221.72,329.01,262.39,314.49,281.18
269.54,223.72,327.1,256.09,314.72,278.11,257.16,245.74
259.71,229.82,322.18,238.34,317.49,272.7,255.02,264.18
261.8,227.75,322.64,252.97,313.97,273.9,253.13,248.69
260.88,228.55,322.65,252.86,314.84,272.69,253.08,248.38
253.99,234.32,317.81,251.31,312.54,271.07,248.73,254.08
244.96,246.97,310.03,247.38,309.91,266.11,244.84,265.7
239.25,248.57,308.98,248.4,309.03,268.3,239.3,268.47
239.8,258.19,309.14,252.16,310.93,272.66,241.58,278.69
229.53,262.9,300.3,256.83,302.11,277.93,231.34,284
215.07,276.84,283.69,261.46,287.8,279.81,219.19,295.2
268.63,270.79,275.48,289.35,208.66,314,201.81,295.44
246.52,283.57,257.21,301.25,197.38,337.43,186.69,319.75
223.33,303.77,235.4,319.25,181.19,361.53,169.12,346.05
213.53,309.43,230.44,327.23,178.69,376.39,161.78,358.59
214.24,321.07,226.37,336.99,169.9,380,157.77,364.08
157.45,342.73,223.53,326.21,228.44,345.9,162.37,362.41
167.73,323.53,235.12,335.05,231.92,353.75,164.53,342.22
180.46,312.29,194.92,300.15,237.47,350.82,223.01,362.96
190.31,293.27,206.83,287.63,228.97,352.49,212.45,358.13
210.38,282.88,229.53,283.9,225.86,352.46,206.72,351.44
225.54,266.8,246.43,272.87,227.31,338.7,206.43,332.64
256.54,256.39,276.96,273.51,232.12,326.97,211.71,309.85
285.33,238.54,300.85,251.73,256.66,303.75,241.14,290.57
310.98,229.94,323.52,243.69,272.47,290.21,259.94,276.45
342.25,208.32,354.65,225.18,300.38,265.12,287.97,248.26
383.11,203.1,390.04,220.23,325.12,246.51,318.19,229.38
355.92,216.1,424.28,200.94,428.53,220.13,360.17,235.28
388.86,209.31,457.62,205.35,458.66,223.37,389.9,227.33
414.8,205.18,483.28,216.81,479.93,236.52,411.45,224.9
451.35,233.44,459.45,215.95,522.44,245.09,514.34,262.59
496.06,239.06,546.44,286.1,532.88,300.62,482.5,253.59
489.34,258.99,502.81,245.14,552.59,293.57,539.12,307.42
492.69,268.79,504.76,252.34,562.36,294.62,550.29,311.07
510.34,264.84,577.59,278.92,573.99,296.14,506.74,282.06
529.36,267.66,598.11,262.38,599.75,283.79,531.01,289.08
629.77,241.28,636.29,258.79,573.34,282.21,566.83,264.7
656.4,207.59,667.01,222.93,612.67,260.49,602.06,245.15
662.92,200.4,675.52,214.84,624.45,259.4,611.85,244.96
662.31,200.88,675.75,215.25,626.5,261.31,613.06,246.94
655.36,197.22,670.76,208.94,628.05,265.04,612.66,253.32
646.98,198.89,665.02,210.15,628.98,267.87,610.94,256.61
635.69,194.53,654.74,201.43,631,266.98,611.95,260.09
630.62,191.39,650.21,196.71,631.92,263.95,612.33,258.62
621.97,191.07,641.98,194.23,631.18,262.79,611.17,259.63
608.31,191.55,626.66,190.42,630.93,259.85,612.58,260.97
593.65,187.44,611.4,183.96,624.3,249.66,606.54,253.15
573.65,186.27,591.23,178.23,620.18,241.44,602.61,249.49
551.94,190.65,569.2,176.08,612.31,227.15,595.05,241.73
525.15,180.57,538.16,167.16,588.13,215.63,575.12,229.05
496.31,175.28,510.14,159.59,561.88,205.2,548.05,220.89
474.34,175.56,487.51,158.01,542.97,199.64,529.8,217.19
468.92,178.91,482.61,158.71,538.6,196.64,524.91,216.84
478,169.44,494.43,155.25,538.31,206.05,521.88,220.24
501.52,159.21,524.49,156.2,533.37,224.1,510.39,227.1
517.25,162.57,539.55,163.22,537.49,233.25,515.19,232.59
541.51,163.33,559.5,171.23,531.52,234.91,513.53,227.01
565.55,172.05,582.63,189.82,531.61,238.87,514.53,221.11
535.94,207.9,601.62,191.39,606.97,212.7,541.3,229.21
563.18,209.61,630.27,220.28,627.38,238.45,560.29,227.78
601.97,220.08,667.07,232.06,663.68,250.44,598.59,238.46
638.38,226.42,706.64,240.51,702.69,259.64,634.43,245.55
666.77,236.88,730.22,264.66,722.76,281.67,659.32,253.89
673.84,264.69,694.13,248.57,737.92,303.71,717.63,319.83
692.75,293.05,708.75,281.27,749.89,337.12,733.89,348.9
711.78,324.55,724.3,308.41,778.44,350.42,765.92,366.56
729.05,339.18,735.41,321.09,800.2,343.85,793.84,361.95
758.36,332.2,818.39,363.94,809.55,380.67,749.52,348.93
764.6,356.92,781.23,341.8,828.47,393.76,811.84,408.88
782.14,376.35,798.37,367.77,830.7,428.93,814.47,437.51
787.21,394.03,806.03,392.07,813.24,461.3,794.42,463.26
784.89,428.54,803.17,429.2,800.68,498.91,782.4,498.26
776.33,475.48,795.48,477.73,787.65,544.39,768.5,542.14
765.86,515.35,785.88,516.08,783.33,586.69,763.3,585.96
763.89,551.07,784.61,553.54,776.66,620.28,755.94,617.82
753.85,585.09,778.8,586.28,775.43,657.02,750.48,655.83
759.08,610.61,774.69,620.44,739.24,676.76,723.62,666.93
750.37,623.45,762.62,644.17,706.95,677.1,694.69,656.38
675.17,638.39,743.85,634.96,745.02,658.4,676.34,661.83
652.72,637.24,721.86,635.47,722.34,654.38,653.21,656.15
628.22,615.15,694.56,631.93,690.04,649.81,623.7,633.03
608.99,593.79,628.19,575.2,675.85,624.44,656.64,643.03
591.87,562.16,607.6,547.69,653.8,597.91,638.07,612.38
585.05,511.32,601.15,503.78,630.5,566.52,614.39,574.05
575.6,469.61,592.21,463.23,616.4,526.23,599.79,532.6
561.57,422.35,577.88,416.75,599.39,479.41,583.08,485.01
558.7,376.6,577.61,373.26,589.43,440.32,570.52,443.66
550.65,355.18,567.99,350.53,585.79,417,568.45,421.65
543.15,350.04,559.29,342.8,588.02,406.9,571.88,414.13
527.71,320.65,543.47,314,570.73,378.64,554.97,385.28
502.4,286.21,518.57,275.57,555.42,331.55,539.25,342.19
486.5,275.18,500.6,262.66,546.63,314.49,532.53,327.01
486.64,254.21,502.85,244.74,537.26,303.65,521.04,313.12
490.47,212,508.99,208.62,520.89,273.91,502.37,277.29
514.81,166.54,533.18,170.48,518.85,237.39,500.48,233.45
527.58,154.37,545.94,160.17,525.23,225.66,506.87,219.85
530.25,156.62,546.87,161.97,525.59,228.01,508.98,222.66
513.77,163.51,534.68,164.19,532.4,234.38,511.49,233.7
490.41,175.28,508.82,167.79,535.17,232.53,516.77,240.02
472.9,183.12,489.2,171.2,529.87,226.78,513.57,238.71
455.64,187.91,468.1,171.96,523.38,215.14,510.92,231.09
440.88,181.95,506.57,206.43,500.32,223.23,434.62,198.76
408.2,183.09,475.24,199.33,470.71,218.01,403.67,201.78
380.33,192.7,450.66,197.69,449.31,216.73,378.98,211.74
351.99,221.01,421.09,201.75,425.79,218.6,356.68,237.86
382.84,221,391.54,237.47,330.38,269.77,321.68,253.29
360.46,225.34,369.57,242.36,308.77,274.92,299.66,257.91
271.55,246.3,341.68,243.04,342.64,263.85,272.52,267.12
251.28,260.31,318.88,243.2,323.47,261.34,255.87,278.45
295.34,249.62,308.42,266.52,253.09,309.34,240.01,292.44
272.37,277.03,290.88,293.69,242.2,347.78,223.69,331.12
246.22,320.27,262.33,328.27,230.03,393.38,213.91,385.38
225.54,372,243.32,376.83,224.85,444.76,207.08,439.92
223.11,435.48,240.16,434.28,244.98,502.4,227.93,503.6
236.75,495.3,255.55,490.46,272.87,557.8,254.08,562.64
255.37,538.58,274.14,535.01,287.24,603.75,268.47,607.33
255.05,558.71,274.88,557.29,279.83,626.58,260,628
254.21,572.2,275.32,572.4,274.66,641.13,253.55,640.93
256.58,582.99,274.8,590.61,249.27,651.7,231.05,644.08
249.09,599.08,267.22,609.32,233.46,669.12,215.33,658.89
230.81,614.29,247.86,630.6,198.99,681.69,181.94,665.38
145.64,673.29,205.06,641,214.59,658.55,155.17,690.83
197.92,638.76,208.77,657,150.54,691.65,139.68,673.41
199.28,632.69,214.86,648.81,166.93,695.16,151.34,679.04
198.32,634.6,215.62,646.22,177.15,703.49,159.85,691.87
192.88,638.64,210.01,652.72,167.57,704.36,150.44,690.28
193.14,640.23,209.01,655.7,160.67,705.3,144.8,689.83
193.8,638.8,211.39,657.06,162.2,704.44,144.61,686.18
187.58,639.56,206.47,648.8,176.25,710.54,157.37,701.3
186.46,642.56,204.82,650.42,177.62,713.95,159.26,706.09
183.21,648.35,202.44,653.43,184.82,720.12,165.6,715.04
182.41,652.74,201.72,656.64,188.23,723.43,168.93,719.53
180.77,661.55,199.93,661.38,200.57,731.23,181.41,731.41
183.16,680.8,203.52,679.96,206.41,749.81,186.06,750.66
189.99,699.69,208.39,693.43,230.73,759.16,212.33,765.41
199.82,721.52,216.96,710.42,254.26,768.01,237.11,779.11
221.37,739.91,240.17,730.45,270.96,791.62,252.16,801.08
231.04,752.55,248.01,745.15,275.22,807.55,258.25,814.96
232.16,759.42,247.81,748.31,289.33,806.76,273.69,817.87
242.07,773.12,255.37,760.3,304.83,811.63,291.53,824.45
263.23,770.53,325.6,801.92,316.92,819.15,254.56,787.76
273.3,769.74,342.84,775.84,341.22,794.34,271.68,788.24
299.61,766.61,371,758.01,373.02,774.78,301.63,783.38
342.34,757.76,411.56,752.82,412.82,770.51,343.6,775.46
378.16,751.05,448.63,752.87,448.2,769.47,377.73,767.64
413.09,751.38,481.46,760.66,478.98,778.93,410.61,769.65
429.83,754.63,497.37,761.95,495.51,779.08,427.97,771.76
448.64,752.88,514.07,779.44,506.85,797.22,441.42,770.66
486.73,767.85,537.89,816.91,524.88,830.46,473.73,781.4
488.86,796.32,505.27,785.29,543.65,842.38,527.23,853.41
501.78,819.97,519.41,810.99,551.15,873.34,533.53,882.32
511.76,839.52,529.82,830.79,560.44,894.12,542.38,902.85
508.74,842.16,527.43,829.42,565.96,885.98,547.27,898.72
522.13,835.75,584.7,858.91,577.19,879.2,514.62,856.05
525.05,837.45,589.82,856.59,584.12,875.87,519.35,856.73
519.37,854.02,526.57,835.89,589,860.66,581.81,878.8
527.55,836.22,589.18,860.36,582.17,878.27,520.54,854.12
529.23,841.32,596.7,843.64,595.8,869.75,528.33,867.43
535.9,839.68,602.37,854.17,598.04,874.03,531.58,859.54
534.45,842.9,602.41,846.04,601.52,865.19,533.57,862.06
534.72,845.55,601.86,846.6,601.56,865.8,534.42,864.74
535.15,845.01,601.3,845.06,601.28,866.36,535.14,866.31
599.28,826.59,605.3,844.63,540.25,866.35,534.22,848.32
599.69,826.23,606.4,844.28,542.29,868.1,535.58,850.05
536.11,849.06,599.41,826.54,606.01,845.09,542.71,867.61
597.92,815.89,606.78,831.74,547.36,864.95,538.5,849.1
597.46,813.6,607.06,830.35,548.75,863.75,539.16,847
594.06,807.5,605.58,823.59,552.37,861.68,540.85,845.58
592.37,795.25,607.02,810.48,559.23,856.46,544.58,841.23
594.04,796.22,607.79,811.6,558.75,855.47,544.99,840.09
601.44,796.45,614.48,812.13,562.39,855.45,549.36,839.77
601.75,794.9,614.7,809.88,564.15,853.57,551.2,838.59
603.6,796.69,615.58,812.49,561.24,853.7,549.26,837.9
597.76,791.99,615.28,810.61,565.13,857.82,547.6,839.2
611.92,796.01,621.96,810.73,568.26,847.38,558.22,832.65
623.9,791.74,634.68,812.81,576.1,842.79,565.31,821.72
623.4,787.37,635.05,804.24,579.91,842.31,568.26,825.44
627.95,785.1,639.06,804.04,582.39,837.28,571.29,818.34
576.9,812.75,638.68,782.84,647.12,800.26,585.33,830.17
577.37,806.32,642.17,787.46,648.46,809.06,583.66,827.92
581.45,811.07,643.98,785.38,651.65,804.06,589.13,829.75
586.69,803.14,651.83,791.36,656.29,816.04,591.16,827.82
596.37,795.71,660.94,794.88,661.24,818.91,596.67,819.74
603.89,798.1,668.32,791.84,670.2,811.14,605.77,817.4
606.33,793.25,673.51,789.71,674.67,811.7,607.49,815.24
609.52,791.02,677.33,793.73,676.4,817.02,608.59,814.3
613.06,787.21,676.29,792.17,674.63,813.28,611.41,808.31
618.51,786.44,679.91,797.17,676.2,818.37,614.81,807.64
619.63,786.2,682.51,797.74,678.66,818.7,615.79,807.17
615.51,784.65,680.3,794.46,677.04,816.03,612.25,806.23
616.92,786.19,681.75,794.37,679.16,814.95,614.32,806.77
617.2,786.12,680.67,794.63,677.92,815.09,614.46,806.59
618.26,786.53,680.6,794.32,678.03,814.88,615.69,807.09
620.25,784.11,683.67,796.65,679.41,818.18,616,805.64
621.42,785.49,684.61,797.33,680.69,818.25,617.5,806.42
624.25,783.34,685.82,799.04,680.44,820.13,618.87,804.43
628.73,782.85,687.67,800.31,681.3,821.81,622.36,804.35
628.49,783.73,689.52,799.02,683.83,821.71,622.8,806.42
629.89,784.74,692.35,799.38,687.38,820.57,624.92,805.94
630.46,786.84,694.22,799.13,690.1,820.51,626.34,808.22
630.54,787.82,695.93,803.23,691.42,822.39,626.03,806.98
634.64,786.76,696.75,803.07,691.4,823.45,629.29,807.14
630.29,789.1,698.41,800.51,695.05,820.55,626.93,809.14
632.45,785.8,699.32,796.51,695.62,819.62,628.75,808.91
631.76,792.45,699.7,789.94,700.62,814.75,632.68,817.27
635,790,702,790,702,814,635,814
644.01,789.56,710.54,782.28,712.63,801.36,646.1,808.64
657.67,787.93,723.85,770.9,728.71,789.77,662.53,806.81
734.28,749.62,744.25,765.63,687.19,801.14,677.23,785.14
739.72,729.46,754.1,742.44,708.36,793.11,693.98,780.13
736.86,712.07,753.15,721.41,718.94,781.07,702.65,771.72
737.48,707.95,756.52,717.92,725.03,778.03,705.99,768.05
740.24,710.73,757.93,721.87,722.93,777.44,705.24,766.31
738.89,710,756.64,720.2,724.19,776.71,706.44,766.51
738.73,711.91,756.24,722.11,723.54,778.25,706.03,768.05
728.64,709.02,748.59,714.43,731.59,777.14,711.64,771.74
718.63,709.52,741.83,710.42,739.32,775.63,716.13,774.74
721.88,708.06,740.5,709.96,733.93,774.6,715.31,772.7
719.72,704.59,744.81,706.52,739.73,772.52,714.65,770.59
