49.00,48.00,65.00,48.00,65.00,113.00,49.00,113.00
41.50,44.00,58.00,44.00,58.00,109.00,41.50,109.00
34.00,40.00,51.00,40.00,51.00,105.00,34.00,105.00
34.50,39.50,52.00,39.50,52.00,104.50,34.50,104.50
35.00,39.00,53.00,39.00,53.00,104.00,35.00,104.00
27.00,41.00,46.00,41.00,46.00,106.00,27.00,106.00
28.50,42.00,48.50,42.00,48.50,107.00,28.50,107.00
30.00,43.00,51.00,43.00,51.00,108.00,30.00,108.00
33.00,39.50,55.00,39.50,55.00,105.00,33.00,105.00
36.00,36.00,59.00,36.00,59.00,102.00,36.00,102.00
39.00,37.00,62.00,37.00,62.00,103.00,39.00,103.00
41.00,37.00,64.00,37.00,64.00,103.00,41.00,103.00
58.00,40.00,81.00,40.00,81.00,106.00,58.00,106.00
61.00,37.00,84.00,37.00,84.00,103.00,61.00,103.00
59.00,34.00,82.00,34.00,82.00,100.00,59.00,100.00
79.00,33.00,102.00,33.00,102.00,99.00,79.00,99.00
95.00,36.00,118.00,36.00,118.00,102.00,95.00,102.00
85.00,28.00,108.00,28.00,108.00,94.00,85.00,94.00
77.00,27.00,100.00,27.00,100.00,93.00,77.00,93.00
83.00,28.00,106.00,28.00,106.00,94.00,83.00,94.00
80.00,27.00,104.00,27.00,104.00,94.00,80.00,94.00
77.00,29.00,100.00,29.00,100.00,96.00,77.00,96.00
81.00,34.00,103.50,34.00,103.50,102.00,81.00,102.00
85.00,39.00,107.00,39.00,107.00,108.00,85.00,108.00
70.00,44.00,92.00,44.00,92.00,114.00,70.00,114.00
69.00,39.00,91.00,39.00,91.00,109.00,69.00,109.00
75.00,29.00,97.00,29.00,97.00,100.00,75.00,100.00
70.50,21.50,92.50,21.50,92.50,93.50,70.50,93.50
66.00,14.00,88.00,14.00,88.00,87.00,66.00,87.00
57.00,15.00,79.00,15.00,79.00,87.00,57.00,87.00
59.00,18.00,81.00,18.00,81.00,89.00,59.00,89.00
70.00,22.00,92.00,22.00,92.00,93.00,70.00,93.00
80.33,21.67,102.00,21.67,102.00,93.67,80.33,93.67
90.67,21.33,112.00,21.33,112.00,94.33,90.67,94.33
101.00,21.00,122.00,21.00,122.00,95.00,101.00,95.00
114.00,25.00,135.00,25.00,135.00,100.00,114.00,100.00
111.00,22.00,132.00,22.00,132.00,98.00,111.00,98.00
109.00,21.00,130.00,21.00,130.00,96.00,109.00,96.00
127.00,26.00,149.00,26.00,149.00,100.00,127.00,100.00
135.00,29.00,158.00,29.00,158.00,102.50,135.00,102.50
143.00,32.00,167.00,32.00,167.00,105.00,143.00,105.00
145.50,31.50,169.00,31.50,169.00,104.50,145.50,104.50
148.00,31.00,171.00,31.00,171.00,104.00,148.00,104.00
145.00,29.00,168.00,29.00,168.00,102.00,145.00,102.00
147.00,30.00,170.00,30.00,170.00,103.00,147.00,103.00
149.00,31.00,172.00,31.00,172.00,104.00,149.00,104.00
119.00,32.00,142.00,32.00,142.00,105.00,119.00,105.00
103.00,31.00,126.00,31.00,126.00,104.00,103.00,104.00
99.00,31.00,122.00,31.00,122.00,104.00,99.00,104.00
100.00,31.00,123.00,31.00,123.00,105.00,100.00,105.00
103.00,24.00,126.00,24.00,126.00,99.00,103.00,99.00
104.00,18.50,126.50,18.50,126.50,93.50,104.00,93.50
105.00,13.00,127.00,13.00,127.00,88.00,105.00,88.00
111.50,17.00,133.50,17.00,133.50,92.50,111.50,92.50
118.00,21.00,140.00,21.00,140.00,97.00,118.00,97.00
117.00,27.00,139.00,27.00,139.00,103.00,117.00,103.00
108.00,28.00,130.00,28.00,130.00,104.00,108.00,104.00
103.50,27.00,125.50,27.00,125.50,103.00,103.50,103.00
99.00,26.00,121.00,26.00,121.00,102.00,99.00,102.00
99.00,23.00,121.00,23.00,121.00,99.00,99.00,99.00
124.00,18.00,146.00,18.00,146.00,95.00,124.00,95.00
134.00,16.00,156.00,16.00,156.00,94.00,134.00,94.00
132.50,21.00,153.75,21.00,153.75,98.50,132.50,98.50
131.00,26.00,151.50,26.00,151.50,103.00,131.00,103.00
129.50,31.00,149.25,31.00,149.25,107.50,129.50,107.50
128.00,36.00,147.00,36.00,147.00,112.00,128.00,112.00
134.50,45.50,154.50,45.50,154.50,122.50,134.50,122.50
141.00,55.00,162.00,55.00,162.00,133.00,141.00,133.00
138.00,62.00,160.00,62.00,160.00,141.00,138.00,141.00
120.00,57.00,143.00,57.00,143.00,137.00,120.00,137.00
125.00,48.00,148.00,48.00,148.00,128.00,125.00,128.00
121.00,49.00,144.00,49.00,144.00,130.00,121.00,130.00
107.00,54.00,130.00,54.00,130.00,136.00,107.00,136.00
99.00,39.00,122.00,39.00,122.00,121.00,99.00,121.00
95.00,44.00,118.00,44.00,118.00,126.00,95.00,126.00
105.50,52.50,129.00,52.50,129.00,134.50,105.50,134.50
116.00,61.00,140.00,61.00,140.00,143.00,116.00,143.00
124.50,61.50,149.00,61.50,149.00,144.50,124.50,144.50
133.00,62.00,158.00,62.00,158.00,146.00,133.00,146.00
149.00,67.00,175.00,67.00,175.00,152.00,149.00,152.00
135.00,57.00,162.00,57.00,162.00,143.00,135.00,143.00
144.00,55.80,171.20,55.80,171.20,141.80,144.00,141.80
153.00,54.60,180.40,54.60,180.40,140.60,153.00,140.60
162.00,53.40,189.60,53.40,189.60,139.40,162.00,139.40
171.00,52.20,198.80,52.20,198.80,138.20,171.00,138.20
180.00,51.00,208.00,51.00,208.00,137.00,180.00,137.00
177.00,51.00,204.50,51.00,204.50,137.00,177.00,137.00
174.00,51.00,201.00,51.00,201.00,137.00,174.00,137.00
173.50,49.00,200.00,49.00,200.00,135.00,173.50,135.00
173.00,47.00,199.00,47.00,199.00,133.00,173.00,133.00
133.00,55.00,159.00,55.00,159.00,141.00,133.00,141.00
120.00,39.00,146.00,39.00,146.00,125.00,120.00,125.00
124.00,36.00,150.67,36.00,150.67,122.00,124.00,122.00
128.00,33.00,155.33,33.00,155.33,119.00,128.00,119.00
132.00,30.00,160.00,30.00,160.00,116.00,132.00,116.00
133.50,35.00,162.50,35.00,162.50,121.50,133.50,121.50
135.00,40.00,165.00,40.00,165.00,127.00,135.00,127.00
147.00,42.00,176.00,42.00,176.00,129.00,147.00,129.00
147.00,43.00,175.00,43.00,175.00,131.00,147.00,131.00
140.00,43.00,167.00,43.00,167.00,132.00,140.00,132.00
143.00,42.00,169.50,42.00,169.50,131.00,143.00,131.00
146.00,41.00,172.00,41.00,172.00,130.00,146.00,130.00
141.50,29.00,167.50,29.00,167.50,118.00,141.50,118.00
137.00,17.00,163.00,17.00,163.00,106.00,137.00,106.00
171.00,17.00,197.00,17.00,197.00,106.00,171.00,106.00
176.00,20.33,202.00,20.33,202.00,109.33,176.00,109.33
181.00,23.67,207.00,23.67,207.00,112.67,181.00,112.67
186.00,27.00,212.00,27.00,212.00,116.00,186.00,116.00
190.00,34.00,216.00,34.00,216.00,123.00,190.00,123.00
175.00,34.00,201.00,34.00,201.00,123.00,175.00,123.00
179.00,37.00,205.00,37.00,205.00,127.00,179.00,127.00
175.50,39.00,201.50,39.00,201.50,128.50,175.50,128.50
172.00,41.00,198.00,41.00,198.00,130.00,172.00,130.00
144.00,43.00,170.00,43.00,170.00,132.00,144.00,132.00
136.00,45.50,162.00,45.50,162.00,134.50,136.00,134.50
128.00,48.00,154.00,48.00,154.00,137.00,128.00,137.00
127.00,47.50,153.00,47.50,153.00,136.50,127.00,136.50
126.00,47.00,152.00,47.00,152.00,136.00,126.00,136.00
123.00,49.00,149.00,49.00,149.00,138.00,123.00,138.00
129.00,49.00,155.00,49.00,155.00,138.00,129.00,138.00
149.00,49.00,175.00,49.00,175.00,138.00,149.00,138.00
156.00,49.00,182.00,49.00,182.00,138.00,156.00,138.00
153.00,46.00,178.50,46.00,178.50,135.00,153.00,135.00
150.00,43.00,175.00,43.00,175.00,132.00,150.00,132.00
150.00,29.00,175.00,29.00,175.00,118.00,150.00,118.00
152.00,23.00,177.00,23.00,177.00,113.00,152.00,113.00
180.00,21.00,205.00,21.00,205.00,112.00,180.00,112.00
182.50,26.00,207.50,26.00,207.50,117.00,182.50,117.00
185.00,31.00,210.00,31.00,210.00,122.00,185.00,122.00
180.00,34.00,205.00,34.00,205.00,126.00,180.00,126.00
176.00,34.50,201.00,34.50,201.00,127.00,176.00,127.00
172.00,35.00,197.00,35.00,197.00,128.00,172.00,128.00
174.00,38.00,198.00,38.00,198.00,129.00,174.00,129.00
162.00,34.00,186.00,34.00,186.00,123.00,162.00,123.00
145.00,33.00,168.00,33.00,168.00,120.00,145.00,120.00
140.00,30.00,163.00,30.00,163.00,116.00,140.00,116.00
152.00,19.00,175.00,19.00,175.00,104.00,152.00,104.00
144.00,24.00,167.00,24.00,167.00,109.00,144.00,109.00
149.00,22.00,172.00,22.00,172.00,106.00,149.00,106.00
147.00,30.00,171.00,30.00,171.00,114.00,147.00,114.00
