96.44,376.22,159.98,333.51,211.28,409.83,147.74,452.55
99.31,352.82,169.68,320.96,211.32,412.93,140.95,444.78
134.67,326.89,200.09,328.16,197.99,436.11,132.57,434.84
128.52,336.71,202.48,336.94,202.15,439.95,128.19,439.72
125.95,338.04,213.87,355.98,197.67,435.33,109.75,417.38
122.85,349.91,203.54,368.71,189.93,427.13,109.23,408.33
119.92,371.66,211.55,349.10,221.47,389.41,129.84,411.97
122.00,359.20,219.56,336.60,230.48,383.75,132.92,406.36
118.96,315.73,211.21,320.91,207.52,386.57,115.28,381.39
115.40,267.30,188.17,260.23,199.30,374.71,126.53,381.78
135.41,249.11,194.44,250.78,191.01,372.27,131.98,370.61
149.66,235.89,207.58,244.60,189.01,368.24,131.09,359.54
150.64,234.05,204.81,240.80,189.76,361.58,135.60,354.84
147.04,215.86,206.03,218.39,200.21,353.80,141.22,351.27
148.87,218.50,224.13,234.31,201.41,342.43,126.15,326.62
146.46,228.98,244.85,256.03,221.71,340.21,123.31,313.16
136.84,266.19,246.24,282.47,240.25,322.73,130.85,306.45
145.08,278.73,243.57,275.00,245.12,315.88,146.63,319.61
162.02,250.48,263.22,275.82,247.50,338.60,146.30,313.26
165.16,234.44,250.18,246.74,239.07,323.55,154.05,311.26
156.18,266.28,201.51,219.81,269.07,285.70,223.75,332.17
145.78,205.68,261.87,219.85,255.77,269.81,139.68,255.64
142.52,172.12,264.22,204.51,248.73,262.69,127.04,230.29
157.27,137.70,238.90,190.56,197.00,255.27,115.37,202.41
165.39,123.00,233.81,126.16,228.15,249.01,159.73,245.85
180.42,117.13,236.74,124.18,220.68,252.50,164.36,245.46
188.05,111.50,243.64,120.32,223.13,249.69,167.54,240.88
165.22,120.67,231.24,116.68,238.86,242.69,172.83,246.68
173.84,119.98,238.37,119.30,239.68,243.58,175.15,244.26
198.28,113.33,254.83,126.15,225.97,253.52,169.41,240.70
197.56,113.12,258.87,125.28,233.68,252.24,172.37,240.07
203.11,119.41,262.17,133.06,235.08,250.30,176.01,236.65
198.48,119.26,264.35,129.37,246.15,247.96,180.28,237.86
193.11,127.03,271.07,136.99,256.93,247.58,178.97,237.62
191.98,137.79,274.88,153.98,255.90,251.14,173.00,234.94
190.36,136.83,278.64,171.61,245.96,254.56,157.68,219.78
191.31,140.06,277.58,185.34,239.32,258.23,153.05,212.95
189.40,140.68,262.34,207.67,218.48,255.43,145.54,188.43
189.53,154.48,264.76,208.98,230.11,256.81,154.87,202.31
187.76,174.95,284.83,211.82,266.84,259.20,169.77,222.32
186.77,195.66,302.69,192.33,304.22,245.60,188.30,248.92
194.77,186.45,299.70,183.67,301.64,256.84,196.70,259.62
236.56,161.08,328.45,208.57,291.86,279.35,199.98,231.86
198.57,190.45,270.67,153.44,317.53,244.75,245.43,281.76
211.95,131.90,335.71,165.63,314.58,243.16,190.81,209.43
206.13,106.00,343.63,156.60,317.06,228.79,179.57,178.19
164.97,125.91,213.72,62.94,334.93,156.78,286.19,219.75
168.58,107.54,237.40,32.98,319.05,108.36,250.24,182.91
255.47,36.59,300.41,41.48,285.59,177.73,240.65,172.84
269.26,32.85,307.00,38.19,287.40,176.90,249.66,171.57
249.53,44.70,307.28,39.58,318.07,161.30,260.32,166.41
239.29,92.73,316.97,71.83,335.05,139.01,257.36,159.91
354.54,47.11,377.65,76.05,269.81,162.17,246.70,133.22
363.72,59.67,383.19,86.54,249.80,183.20,230.32,156.32
232.67,149.78,300.91,76.56,351.05,123.28,282.81,196.50
255.65,83.61,312.10,59.28,354.29,157.17,297.84,181.50
273.87,53.66,346.29,47.93,354.33,149.68,281.91,155.40
240.03,41.26,373.48,41.31,373.45,112.17,240.00,112.11
220.22,2.49,376.38,-13.40,384.71,68.44,228.54,84.33
231.31,3.99,318.44,-62.40,371.35,7.04,284.22,73.43
271.38,1.49,319.19,1.83,318.72,67.14,270.92,66.80
278.91,1.46,317.95,1.30,318.21,63.61,279.16,63.77
273.00,2.00,320.00,2.00,320.00,64.00,273.00,64.00
271.60,2.05,314.93,-2.74,321.90,60.24,278.57,65.03
271.50,1.86,317.34,0.59,319.11,64.32,273.27,65.59
268.53,1.00,315.38,1.54,314.66,64.29,267.81,63.75
259.74,7.27,298.07,-9.06,325.12,54.42,286.79,70.75
255.69,8.31,293.52,-11.01,326.26,53.10,288.43,72.42
257.36,4.19,292.88,-10.78,323.24,61.30,287.73,76.26
255.65,4.63,291.95,-10.78,323.42,63.36,287.13,78.77
253.85,5.56,291.97,-11.26,324.94,63.47,286.82,80.29
250.35,1.01,297.48,-15.43,326.90,68.91,279.76,85.34
250.42,2.15,304.03,-7.00,318.79,79.46,265.18,88.61
252.79,1.76,308.53,-4.55,318.56,84.12,262.82,90.43
251.71,2.84,310.98,-6.11,324.60,84.09,265.33,93.05
252.66,1.39,318.17,1.74,317.68,93.81,252.17,93.46
249.88,1.44,320.25,0.87,320.98,89.82,250.61,90.39
248.02,0.64,326.36,1.33,325.59,88.51,247.25,87.82
250.76,0.14,337.20,1.22,336.11,88.31,249.67,87.24
248.61,0.62,343.33,1.80,342.18,93.81,247.46,92.63
249.20,1.73,351.89,10.02,344.68,99.43,241.99,91.14
251.03,2.34,352.11,25.94,333.31,106.46,232.23,82.86
248.49,10.16,362.72,29.10,350.54,102.54,236.32,83.61
247.56,9.55,361.76,38.39,344.41,107.10,230.21,78.26
246.42,-2.04,340.98,59.21,306.96,111.73,212.40,50.47
244.65,1.17,321.42,70.00,289.26,105.88,212.48,37.05
242.39,16.82,320.37,68.61,296.20,105.00,218.22,53.20
221.44,65.23,237.01,27.96,340.53,71.20,324.96,108.47
239.80,37.31,347.10,70.05,336.45,104.93,229.16,72.19
230.70,41.66,361.20,70.73,354.33,101.58,223.83,72.50
238.49,49.39,354.04,57.51,351.21,97.76,235.66,89.64
246.55,33.69,353.44,67.58,340.61,108.04,233.72,74.14
245.06,36.47,365.83,66.55,354.64,111.46,233.88,81.39
254.32,30.20,365.19,58.18,351.38,112.92,240.50,84.93
279.87,23.98,385.21,84.91,359.14,129.98,253.80,69.05
281.78,22.16,385.29,86.30,359.15,128.48,255.65,64.35
287.26,18.91,382.91,85.55,357.38,122.19,261.73,55.56
269.49,14.06,381.26,69.86,362.51,107.40,250.75,51.59
241.51,46.91,257.07,10.41,386.21,65.49,370.64,101.99
229.28,38.99,240.86,7.11,384.31,59.21,372.73,91.09
242.09,5.50,385.57,51.53,376.27,80.52,232.79,34.48
245.36,1.11,383.18,49.22,374.18,74.99,236.37,26.88
248.72,32.09,260.01,-1.47,385.11,40.63,373.81,74.19
272.94,0.06,350.80,20.27,338.72,66.83,260.85,46.62
274.59,-0.58,353.67,14.54,343.42,68.11,264.35,52.99
273.96,1.81,356.21,1.09,356.74,61.58,274.48,62.30
278.33,1.89,346.97,-6.54,354.91,58.16,286.27,66.58
283.23,1.86,343.25,1.92,343.18,67.06,283.16,66.99
283.00,0.91,337.30,1.42,336.66,69.31,282.36,68.79
280.99,1.56,334.39,0.22,336.19,72.29,282.80,73.63
281.47,0.00,333.32,1.32,331.39,76.99,279.54,75.67
281.01,1.16,334.05,2.11,332.63,81.78,279.59,80.83
281.04,0.87,331.71,1.53,330.63,83.78,279.96,83.11
281.94,-0.24,330.54,2.23,326.10,89.64,277.50,87.17
285.75,-3.98,331.96,1.67,320.80,92.97,274.58,87.32
284.61,-2.67,332.02,2.09,322.57,96.23,275.16,91.48
282.45,-1.86,333.73,2.05,326.25,100.29,274.97,96.38
277.34,0.24,331.47,1.60,328.94,101.93,274.82,100.57
275.53,0.39,335.24,2.01,332.40,107.17,272.69,105.56
276.10,0.70,334.64,1.43,333.26,111.61,274.71,110.88
288.03,4.31,343.16,12.74,326.50,121.70,271.37,113.28
291.91,0.11,352.60,16.12,323.40,126.80,262.71,110.79
289.61,6.85,356.30,25.25,326.81,132.13,260.13,113.73
290.03,6.97,363.19,30.64,328.78,137.02,255.61,113.35
293.84,13.40,367.07,47.18,322.74,143.26,249.52,109.48
290.89,17.95,369.95,56.98,327.53,142.90,248.47,103.87
297.24,17.75,375.53,74.10,316.69,155.87,238.40,99.52
374.13,92.27,313.43,161.33,237.68,94.76,298.38,25.70
288.00,36.52,365.11,110.88,312.45,165.48,235.35,91.11
289.86,39.10,351.99,125.52,298.31,164.11,236.18,77.69
290.16,42.55,349.18,134.35,296.36,168.31,237.34,76.51
234.54,71.92,283.20,41.70,345.50,142.02,296.85,172.24
245.41,87.83,282.15,64.58,337.61,152.21,300.87,175.46
242.87,108.46,268.75,79.95,357.99,160.94,332.11,189.45
243.86,119.80,262.92,90.88,384.22,170.79,365.16,199.71
258.66,122.15,285.93,91.13,398.11,189.74,370.83,220.77
257.64,101.55,294.37,68.27,396.76,181.27,360.03,214.55
298.11,57.20,350.04,52.12,362.07,175.09,310.15,180.17
316.26,55.74,367.28,57.36,363.06,190.44,312.04,188.82
329.18,67.77,372.55,72.06,359.65,202.63,316.28,198.35
323.53,66.81,367.71,67.07,366.93,199.53,322.75,199.27
327.50,82.12,370.20,80.82,374.29,214.98,331.59,216.28
323.03,90.58,373.00,87.95,380.12,223.31,330.15,225.94
321.55,108.40,386.20,108.65,385.74,229.50,321.09,229.25
321.06,128.12,396.34,128.96,395.15,235.36,319.88,234.52
321.20,128.97,403.58,137.70,392.23,244.85,309.84,236.12
320.27,137.42,402.39,138.93,400.44,245.03,318.32,243.52
323.71,134.79,402.48,142.23,392.10,252.24,313.33,244.81
324.11,132.43,401.14,135.02,397.03,257.59,320.00,255.01
325.85,137.34,396.27,137.86,395.40,254.72,324.98,254.19
327.70,140.44,393.69,138.69,396.76,254.75,330.77,256.49
