246.130,162.640,362.690,168.590,357.020,279.720,240.460,273.770
246.980,163.710,362.850,171.250,355.670,281.580,239.800,274.040
239.180,167.600,356.290,180.030,344.460,291.480,227.350,279.050
224.910,187.950,341.750,206.700,325.840,305.870,209.000,287.130
213.660,206.000,328.970,211.970,323.570,316.220,208.260,310.240
219.830,196.700,336.060,202.760,330.310,313.010,214.080,306.950
216.280,195.290,333.260,197.880,330.940,302.290,213.970,299.700
214.860,196.310,330.750,198.600,328.760,299.280,212.870,296.990
177.120,211.080,303.670,195.060,315.980,292.330,189.440,308.350
143.880,253.510,270.280,257.870,267.100,350.140,140.700,345.780
236.000,259.000,338.000,259.000,338.000,348.000,236.000,348.000
245.150,220.090,360.060,219.990,360.150,321.910,245.240,322.010
224.070,205.550,342.130,208.620,339.480,310.740,221.420,307.670
213.010,201.620,330.180,199.410,332.210,307.030,215.040,309.240
203.700,200.510,320.810,200.520,320.800,303.090,203.690,303.080
190.440,209.000,307.440,209.140,307.310,314.140,190.310,314.000
188.260,215.490,307.600,214.290,308.660,319.930,189.320,321.130
203.420,205.300,325.070,214.660,317.510,312.850,195.860,303.490
217.000,184.000,336.000,184.000,336.000,288.000,217.000,288.000
214.150,147.860,328.460,146.200,329.920,246.880,215.610,248.540
192.600,141.300,311.630,140.060,312.710,243.940,193.680,245.180
198.770,160.610,314.790,159.470,315.710,253.060,199.700,254.200
231.500,201.300,344.600,199.840,345.770,290.770,232.670,292.230
260.890,234.790,376.420,235.140,376.160,322.080,260.630,321.740
270.080,241.310,384.960,241.230,385.030,340.100,270.150,340.170
255.220,243.430,375.620,245.170,374.170,345.330,253.770,343.580
242.000,249.000,358.000,249.000,358.000,349.000,242.000,349.000
235.310,248.130,351.760,247.290,352.510,350.250,236.050,351.100
228.290,242.640,346.840,240.330,348.810,341.830,230.260,344.130
223.190,226.090,340.200,225.890,340.370,328.830,223.360,329.030
223.850,215.140,339.860,216.390,338.730,321.220,222.720,319.980
229.490,207.560,347.160,207.950,346.840,307.590,229.160,307.200
239.350,197.240,357.710,197.440,357.550,296.040,239.180,295.840
236.070,175.230,356.840,175.200,356.870,275.970,236.100,276.010
226.410,154.330,341.860,156.710,339.840,254.560,224.390,252.180
220.000,134.000,336.000,134.000,336.000,232.000,220.000,232.000
226.770,117.500,346.300,119.890,344.250,222.310,224.720,219.910
243.020,129.320,361.820,129.330,361.820,227.670,243.010,227.670
253.620,130.280,368.640,132.660,366.520,235.010,251.500,232.640
253.060,138.150,368.810,138.190,368.770,242.010,253.020,241.960
262.750,178.140,379.830,178.860,379.240,275.120,262.160,274.400
266.240,219.480,381.800,220.390,381.020,319.900,265.460,318.990
270.090,230.350,387.240,229.740,387.770,331.470,270.620,332.080
276.430,235.580,389.610,236.350,388.910,340.150,275.720,339.380
267.620,235.040,385.610,233.900,386.570,334.020,268.580,335.150
262.990,221.240,380.700,222.500,379.620,323.230,261.900,321.970
262.520,214.270,378.650,215.490,377.580,317.210,261.450,315.980
268.010,198.570,382.120,203.260,378.030,302.760,263.920,298.070
269.240,156.640,382.770,158.830,380.620,270.210,267.080,268.010
268.770,155.020,384.510,155.900,383.690,264.160,267.950,263.280
271.400,174.490,386.720,176.990,384.340,286.460,269.020,283.960
266.860,179.150,382.250,181.580,380.050,286.360,264.650,283.930
264.280,178.060,380.240,178.500,379.840,282.470,263.890,282.030
267.120,177.870,382.090,178.430,381.590,281.060,266.620,280.500
273.310,182.560,389.880,183.540,389.030,284.160,272.460,283.180
282.310,193.040,398.150,193.330,397.890,295.060,282.050,294.760
279.400,207.170,398.260,207.030,398.380,308.990,279.520,309.130
259.390,205.480,377.760,212.130,372.150,311.960,253.780,305.310
220.910,205.430,340.830,206.400,339.980,311.120,220.060,310.150
197.980,204.110,317.680,205.720,316.320,306.580,196.630,304.970
202.080,205.100,320.120,204.940,320.250,304.080,202.210,304.250
225.430,204.250,350.080,204.340,350.010,305.500,225.360,305.410
265.000,210.000,391.000,210.000,391.000,310.000,265.000,310.000
302.000,212.000,429.000,212.000,429.000,315.000,302.000,315.000
334.530,216.910,447.990,218.480,446.560,321.200,333.100,319.630
327.320,216.000,443.380,217.120,442.390,321.190,326.330,320.080
313.730,206.320,432.500,207.500,431.460,313.380,312.680,312.210
289.480,190.920,412.190,191.370,411.820,293.120,289.100,292.670
256.400,160.610,380.840,159.850,381.470,265.130,257.030,265.880
239.240,156.030,357.110,156.220,356.940,261.070,239.080,260.880
240.400,169.660,356.060,169.350,356.330,270.740,240.670,271.050
249.220,185.570,365.650,185.770,365.490,285.260,249.060,285.070
255.570,202.190,369.790,203.320,368.850,299.150,254.630,298.020
269.410,213.670,390.560,214.960,389.540,311.230,268.380,309.940
292.950,224.170,415.050,224.080,415.110,319.840,293.020,319.930
306.340,229.250,424.290,228.020,425.390,333.910,307.440,335.140
302.530,242.240,421.500,241.050,422.500,340.930,303.530,342.110
296.340,249.480,412.920,249.280,413.100,351.760,296.520,351.960
285.390,247.660,402.080,245.150,404.260,346.760,287.580,349.270
264.040,235.210,375.750,233.820,376.950,329.790,265.230,331.180
226.200,228.130,342.960,227.730,343.290,323.030,226.530,323.440
213.330,225.810,327.800,226.140,327.500,329.070,213.030,328.740
210.000,232.000,326.000,232.000,326.000,336.000,210.000,336.000
218.090,231.720,335.790,234.520,333.450,332.650,215.750,329.850
235.000,217.000,356.000,217.000,356.000,314.000,235.000,314.000
253.000,189.000,369.000,189.000,369.000,284.000,253.000,284.000
265.810,158.830,383.650,161.140,381.810,254.610,263.970,252.290
294.470,139.210,419.100,141.810,417.080,238.500,292.450,235.900
318.040,143.460,433.960,141.220,435.830,238.010,319.910,240.240
329.130,159.770,442.800,161.240,441.560,257.220,327.880,255.740
326.870,172.530,443.170,174.900,441.160,273.330,324.860,270.960
315.450,181.480,431.800,184.080,429.670,279.570,313.320,276.980
293.070,198.550,410.280,199.030,409.910,288.100,292.700,287.610
268.000,219.000,382.000,219.000,382.000,309.000,268.000,309.000
248.000,228.000,366.000,228.000,366.000,327.000,248.000,327.000
232.440,227.040,351.910,226.760,352.140,324.510,232.670,324.790
220.850,217.260,338.710,217.110,338.830,314.990,220.970,315.130
210.830,205.340,326.370,205.700,326.060,305.050,210.520,304.680
203.040,205.090,320.600,205.120,320.570,303.780,203.010,303.740
212.240,200.100,332.010,199.940,332.140,292.860,212.360,293.020
229.150,185.980,349.940,185.600,350.220,274.580,229.430,274.960
244.430,169.140,361.800,167.630,363.040,263.870,245.670,265.380
260.310,174.340,376.660,175.820,375.470,269.330,259.130,267.850
276.780,193.130,389.420,193.880,388.810,286.810,276.170,286.060
300.540,220.990,413.950,225.580,410.240,317.300,296.830,312.710
307.130,220.630,423.460,223.130,421.300,323.480,304.970,320.980
292.010,208.340,411.960,205.700,414.070,301.730,294.120,304.370
260.420,186.120,377.780,186.460,377.500,283.840,260.140,283.500
216.610,189.750,327.790,191.470,326.220,292.400,215.050,290.680
181.790,204.220,302.180,206.490,300.010,321.640,179.620,319.370
162.430,231.250,280.870,234.740,277.780,339.270,159.340,335.770
166.770,233.570,280.600,237.830,276.810,338.970,162.980,334.700
175.980,217.420,299.430,220.190,297.180,320.660,173.720,317.880
196.340,200.560,310.380,201.630,309.480,297.330,195.440,296.260
225.800,171.530,341.010,171.830,340.740,273.060,225.540,272.760
238.160,172.080,346.990,172.050,347.020,278.840,238.190,278.860
230.960,193.480,343.950,193.290,344.120,296.280,231.130,296.470
225.390,202.890,340.340,203.070,340.180,308.040,225.220,307.860
223.460,201.830,338.480,206.570,334.110,312.660,219.090,307.920
225.380,193.920,345.780,190.310,348.880,293.640,228.480,297.260
243.820,192.370,355.460,193.560,354.330,299.340,242.700,298.160
236.790,203.480,351.790,202.960,352.260,306.470,237.260,307.000
224.290,217.640,337.130,218.090,336.700,323.990,223.860,323.540
210.550,222.210,326.800,224.570,324.760,325.440,208.510,323.080
201.340,213.020,317.270,213.730,316.670,311.110,200.740,310.400
196.380,191.420,314.150,189.580,315.820,296.390,198.050,298.230
194.080,185.950,308.880,185.640,309.180,293.520,194.380,293.830
197.980,202.140,313.870,201.640,314.300,302.700,198.410,303.190
207.290,228.990,324.990,230.730,323.530,330.030,205.820,328.290
206.750,251.110,322.990,251.080,323.020,354.240,206.780,354.280
201.390,249.660,319.140,254.900,314.690,354.960,196.950,349.730
199.900,226.210,314.980,226.080,315.090,321.980,200.000,322.110
200.680,202.110,318.490,202.120,318.470,302.000,200.670,301.990
190.300,181.100,310.550,179.890,311.580,281.810,191.330,283.020
169.850,166.140,285.400,165.070,286.400,273.070,170.840,274.140
158.670,178.350,277.440,176.870,278.830,288.660,160.060,290.150
167.560,193.730,285.710,192.450,286.860,297.900,168.710,299.190
182.290,198.900,299.970,198.740,300.100,303.200,182.430,303.360
202.890,198.360,319.910,203.630,315.450,302.750,198.430,297.470
220.220,205.640,342.890,204.890,343.530,309.910,220.870,310.670
243.620,220.210,367.090,217.480,369.460,324.720,246.000,327.450
272.350,230.000,393.250,230.290,393.010,336.350,272.100,336.060
297.780,239.390,411.680,239.780,411.320,345.090,297.420,344.700
280.920,232.200,406.290,233.430,405.250,339.240,279.880,338.010
244.000,215.960,369.760,228.720,360.120,323.760,234.360,311.000
195.300,214.550,320.120,214.700,319.990,318.530,195.180,318.380
165.740,211.010,289.760,215.610,286.050,315.880,162.030,311.290
134.920,214.180,252.320,219.710,247.470,322.780,130.070,317.250
104.240,221.660,217.640,222.070,217.270,322.960,103.880,322.540
109.460,209.250,224.030,211.390,222.080,315.400,107.510,313.250
158.440,196.710,280.960,195.800,281.660,289.690,159.140,290.610
215.820,183.120,337.590,190.960,331.090,292.030,209.320,284.190
226.830,184.400,342.220,184.090,342.500,289.150,227.110,289.460
227.020,184.400,342.480,185.190,341.740,293.100,226.290,292.300
235.700,191.120,352.110,193.580,349.900,298.470,233.480,296.020
241.080,207.010,357.690,208.290,356.520,314.240,239.910,312.960
222.590,215.380,343.720,214.510,344.440,314.060,223.310,314.930
196.850,215.520,310.530,215.080,310.900,311.660,197.220,312.100
167.140,220.080,284.060,220.220,283.940,325.130,167.020,325.000
171.520,219.590,288.530,220.780,287.460,326.170,170.450,324.970
202.000,216.000,318.000,216.000,318.000,319.000,202.000,319.000
253.020,210.550,381.020,210.230,381.280,311.970,253.280,312.300
278.800,212.220,391.150,213.860,389.660,316.260,277.310,314.620
271.720,211.920,384.610,212.960,383.670,314.080,270.790,313.040
258.320,201.720,373.190,201.990,372.950,307.030,258.080,306.760
250.370,193.730,366.270,194.150,365.890,298.850,249.990,298.420
245.000,187.000,362.000,187.000,362.000,300.000,245.000,300.000
251.000,290.000,366.000,290.000,366.000,184.000,251.000,184.000
262.000,296.000,382.000,296.000,382.000,193.000,262.000,193.000
275.000,306.000,390.000,306.000,390.000,204.000,275.000,204.000
267.000,310.000,379.000,310.000,379.000,201.000,267.000,201.000
232.000,284.000,364.000,284.000,364.000,235.000,232.000,235.000
208.000,314.500,332.000,314.500,332.000,238.000,208.000,238.000
184.000,345.000,300.000,345.000,300.000,241.000,184.000,241.000
174.000,352.000,288.000,352.000,288.000,246.000,174.000,246.000
174.000,348.000,293.000,348.000,293.000,243.000,174.000,243.000
200.504,343.477,319.254,343.477,319.254,238.505,200.504,238.505
205.008,338.954,323.508,338.954,323.508,234.010,205.008,234.010
189.512,336.432,307.762,336.432,307.762,231.515,189.512,231.515
174.016,333.909,292.016,333.909,292.016,229.020,174.016,229.020
170.139,326.807,287.889,326.807,287.889,221.946,170.139,221.946
192.095,318.539,309.595,318.539,309.595,213.705,192.095,213.705
236.050,308.270,353.300,308.270,353.300,203.465,236.050,203.465
279.694,301.564,396.694,301.564,396.694,196.786,279.694,196.786
277.587,296.825,394.337,296.825,394.337,192.075,277.587,192.075
242.480,291.086,358.980,291.086,358.980,186.363,242.480,186.363
218.874,286.846,335.124,286.846,335.124,182.152,218.874,182.152
195.267,282.607,311.267,282.607,311.267,177.941,195.267,177.941
179.001,286.368,294.751,286.368,294.751,181.729,179.001,181.729
167.536,290.529,283.036,290.529,283.036,185.918,167.536,185.918
174.070,290.689,289.320,290.689,289.320,186.106,174.070,186.106
221.104,293.475,336.104,293.475,336.104,188.920,221.104,188.920
268.138,296.261,382.888,296.261,382.888,191.733,268.138,191.733
295.172,294.047,409.672,294.047,409.672,189.547,295.172,189.547
290.007,294.832,404.257,294.832,404.257,190.360,290.007,190.360
275.091,298.368,389.091,298.368,389.091,193.924,275.091,193.924
254.842,303.237,368.592,303.237,368.592,198.821,254.842,198.821
234.593,308.106,348.093,308.106,348.093,203.717,234.593,203.717
214.344,312.975,327.594,312.975,327.594,208.614,214.344,208.614
180.067,301.962,293.067,301.962,293.067,197.629,180.067,197.629
145.790,290.948,258.540,290.948,258.540,186.643,145.790,186.643
143.913,289.135,256.413,289.135,256.413,184.857,143.913,184.857
166.786,289.821,279.036,289.821,279.036,185.571,166.786,185.571
189.659,290.508,301.659,290.508,301.659,186.286,189.659,186.286
190.532,291.194,302.282,291.194,302.282,187.000,190.532,187.000
191.405,291.881,302.905,291.881,302.905,187.714,191.405,187.714
198.285,283.344,309.535,283.344,309.535,179.205,198.285,179.205
205.165,274.806,316.165,274.806,316.165,170.695,205.165,170.695
215.212,273.769,325.962,273.769,325.962,169.686,215.212,169.686
217.259,284.732,327.759,284.732,327.759,180.676,217.259,180.676
208.306,294.194,318.556,294.194,318.556,190.167,208.306,190.167
199.000,305.000,309.000,305.000,309.000,201.000,199.000,201.000
212.500,331.000,322.333,331.000,322.333,227.333,212.500,227.333
227.600,348.800,337.267,348.800,337.267,245.467,227.600,245.467
215.200,354.350,324.700,354.350,324.700,251.350,215.200,251.350
193.800,338.900,303.133,338.900,303.133,236.233,193.800,236.233
185.900,311.950,295.067,311.950,295.067,209.617,185.900,209.617
183.000,276.000,292.000,276.000,292.000,174.000,183.000,174.000
191.000,258.250,300.750,258.250,300.750,157.000,191.000,157.000
205.000,260.500,315.500,260.500,315.500,160.000,205.000,160.000
222.000,272.750,333.250,272.750,333.250,173.000,222.000,173.000
239.000,285.000,351.000,285.000,351.000,186.000,239.000,186.000
241.500,285.167,357.167,285.167,357.167,184.833,241.500,184.833
232.000,287.333,351.333,287.333,351.333,185.667,232.000,185.667
203.000,290.000,326.000,290.000,326.000,187.000,203.000,187.000
192.500,301.000,313.250,301.000,313.250,198.750,192.500,198.750
182.000,312.000,300.500,312.000,300.500,210.500,182.000,210.500
186.500,318.000,302.750,318.000,302.750,217.250,186.500,217.250
183.000,308.000,297.000,308.000,297.000,208.000,183.000,208.000
186.400,291.600,299.000,291.600,299.000,190.600,186.400,190.600
204.050,264.200,315.250,264.200,315.250,162.200,204.050,162.200
239.700,262.800,349.500,262.800,349.500,159.800,239.700,159.800
267.350,274.400,375.750,274.400,375.750,170.400,267.350,170.400
295.000,286.000,402.000,286.000,402.000,181.000,295.000,181.000
294.000,303.500,404.500,303.500,404.500,198.000,294.000,198.000
293.000,321.000,407.000,321.000,407.000,215.000,293.000,215.000
294.500,322.250,409.000,322.250,409.000,217.500,294.500,217.500
296.000,323.500,411.000,323.500,411.000,220.000,296.000,220.000
288.500,326.750,404.000,326.750,404.000,224.500,288.500,224.500
257.000,328.000,373.000,328.000,373.000,227.000,257.000,227.000
243.000,332.000,358.667,332.000,358.667,231.000,243.000,231.000
229.000,336.000,344.333,336.000,344.333,235.000,229.000,235.000
221.28,241.26,332.59,239.96,333.72,335.88,222.4,337.18
212.42,233.31,321.89,238.83,317.33,329.12,207.86,323.6
215.16,219.32,325.16,224.44,320.82,317.84,210.81,312.72
215.02,210.1,327.46,211.4,326.35,307.26,213.92,305.96
223.47,203.57,333.94,206.05,331.79,301.74,221.33,299.27
242.58,201.16,350.69,206.55,346.12,298.47,238,293.09
256.04,196.69,367.87,203.49,362.51,291.61,250.68,284.8
260.81,183.71,372.64,187.75,369.38,277.71,257.55,273.66
262.93,168.68,374.17,171.55,371.72,266.73,260.48,263.86
269.73,179,381.01,179.01,381,276.35,269.72,276.34
283.78,213.71,396.78,213.26,397.19,315.26,284.19,315.71
279.27,255.35,392.24,259.75,388.78,348.7,275.81,344.31
261.26,256.73,369.63,256.05,370.22,350.47,261.85,351.15
252.85,237.24,362.42,237.46,362.22,336.26,252.65,336.04
250,196,359,196,359,296,250,296
243.32,156.96,355.22,162.66,350.01,264.87,238.11,259.17
236.85,156.45,345.96,157.34,345.15,257.58,236.04,256.69
222.15,168.41,333.12,168.26,333.25,261.88,222.28,262.04
210.35,171.48,317.96,175.82,314.14,270.61,206.53,266.28
213.77,171.04,328.29,174.08,325.78,268.53,211.26,265.48
252.53,160.89,359.13,168.14,353.16,255.97,246.56,248.72
269.05,149.2,376.66,155.2,371.78,242.66,264.17,236.66
279.73,141.23,386.69,142.6,385.42,241.38,278.46,240.01
282.63,158.31,391.44,160.27,389.7,256.78,280.89,254.82
263.96,180.49,374.97,180.35,375.08,268.89,264.07,269.03
246.19,188.44,352.63,188.26,352.79,281.99,246.35,282.17
237.83,189.87,347.75,191.05,346.74,285.26,236.82,284.08
239.26,188.23,348.74,187.09,349.7,280.04,240.23,281.18
249.19,191.67,360,192.78,359.08,285.18,248.27,284.07
237.89,201.27,346.69,200.31,347.49,290.16,238.69,291.13
207.08,213.4,317.83,211.17,319.62,299.81,208.86,302.04
201.55,211.66,311.56,214.88,308.71,311.87,198.7,308.64
213.06,206.4,325.42,211.67,321.13,303.09,208.77,297.81
232.85,191.55,342.5,197.53,337.51,288.92,227.86,282.94
241.48,179.49,349.69,178.97,350.17,279.56,241.96,280.07
244.95,196.04,350.21,196.48,349.83,288.43,244.57,287.99
242.32,196.09,348.11,196.14,348.07,296.81,242.28,296.76
242.31,201.03,346.94,200.53,347.42,301.03,242.79,301.53
233.79,205.87,337.07,207.03,335.97,305.17,232.69,304.01
218.33,224.6,324.47,231.9,318.48,318.94,212.35,311.64
209.51,232.89,316.84,234.67,315.2,333.21,207.87,331.42
220.44,235.1,328.13,234.03,329.13,333.98,221.44,335.06
222.77,230.16,330.44,229.11,331.42,328.41,223.75,329.47
215.81,224.05,327.58,226.99,324.96,326.45,213.2,323.51
213.94,220.61,322.67,221.6,321.76,321.09,213.03,320.1
223.2,218.96,329.85,221.26,327.85,314.47,221.2,312.18
252.7,202.96,358.86,206.81,355.94,287.42,249.78,283.58
278.1,160.95,386.14,162.26,384.95,260.65,276.91,259.34
279.99,159.95,388.35,160.45,387.91,257.11,279.54,256.61
282.76,163.09,390.5,166.25,387.5,268.55,279.75,265.38
276.42,192.03,382.4,191.96,382.46,295.98,276.49,296.05
270.79,222.38,376.72,223.81,375.47,316.42,269.54,314.99
260.89,231.17,370.9,230.54,371.45,325.55,261.44,326.18
244.92,221.5,355.97,225.21,352.67,323.76,241.63,320.05
217.38,227.34,322.72,227.01,323.02,321.95,217.68,322.28
220.41,237.89,324.59,239.39,323.23,334.39,219.05,332.9
228.61,246.07,337.6,247.56,336.28,344.66,227.29,343.17
239,246,345,246,345,342,239,342
240.8,235.21,347.85,237.84,345.74,323.84,238.68,321.21
242.45,209.03,349.21,211.62,346.81,310.4,240.06,307.81
258.51,206.71,369.33,209.4,366.97,306.54,256.15,303.84
292.59,212.94,400.42,213.34,400.07,308.13,292.24,307.74
305.06,207.74,411.68,208.31,411.16,306.2,304.54,305.62
294.2,202.08,399.46,202.12,399.42,299.35,294.17,299.31
280.2,202.35,390.74,203.18,390.02,298.13,279.48,297.3
272.47,213.29,378.01,213.31,378,305.9,272.45,305.88
271.72,226.22,377.07,229.9,373.8,323.66,268.45,319.98
254.94,242.62,362.66,241.55,363.57,333.07,255.86,334.14
250.7,246.15,357.01,244.06,358.83,336.27,252.51,338.36
262.08,241.58,369.84,241.6,369.83,330.31,262.07,330.29
268.64,230.57,373.37,230.17,373.73,322.64,269,323.05
264.41,220.64,365.99,220.61,366.02,313.17,264.44,313.21
259.08,215.33,363.22,215.57,363.01,308.99,258.87,308.76
255.77,206.42,361.61,203.93,363.89,300.88,258.06,303.38
261.69,206.27,364.33,203.68,366.72,298.62,264.08,301.2
275.06,197.43,380.03,201.68,376.3,293.81,271.33,289.57
271.77,190.51,375.89,190.81,375.61,286.06,271.49,285.76
272.13,198.12,379.33,200.64,377.12,294.38,269.92,291.86
277.71,215.24,384.31,215.81,383.84,304.88,277.23,304.31
287.04,224.28,392.06,224.37,391.98,316.59,286.96,316.5
292.28,229.29,397.09,230.47,396.07,321.19,291.26,320
274.21,231.5,380.17,230.13,381.36,321.92,275.41,323.29
246.21,235.36,351.73,236.17,351.04,326.07,245.52,325.26
227.22,235.32,331.4,236.05,330.74,331.14,226.55,330.41
214.04,233.46,317.98,232.43,318.82,317.11,214.87,318.13
201.59,204.46,308.01,207.37,305.73,290.54,199.32,287.63
206.64,169.85,309.29,172.65,306.72,266.78,204.07,263.98
208.98,165.34,320.1,164.08,321.18,258.9,210.06,260.16
224.6,169.03,330.91,170.77,329.37,264.02,223.07,262.27
238.81,186.28,342.62,185.93,342.91,275.19,239.11,275.54
243.69,188.16,348.26,187.13,349.14,277.15,244.58,278.18
254.9,189.31,356.75,188.5,357.47,279.09,255.62,279.9
265,203,371,203,371,296,265,296
283,230,390,230,390,323,283,323
294.38,254.01,398.39,253.3,399.01,344.39,295.01,345.11
289.84,252.3,390.63,256.34,387.39,337.32,286.6,333.29
274.97,212.16,381.76,211.7,382.16,305.37,275.38,305.83
268.06,202.71,369.13,202.43,369.39,292.17,268.32,292.46
251.88,195.34,351.05,198.17,348.47,288.67,249.29,285.84
228.49,197.86,331.85,201.35,328.79,291.95,225.43,288.46
220.89,221.21,323.73,221.31,323.65,311.1,220.8,311
228.08,230.59,328.96,230.49,329.06,321.13,228.17,321.23
240,230,346,230,346,322,240,322
264.05,229.51,369.14,229.02,369.56,320.61,264.47,321.09
277.09,236.27,378.9,235.93,379.21,327.45,277.39,327.79
279.64,244.13,381.35,246.84,378.91,338.35,277.2,335.64
273.32,254.41,375.91,254.03,376.25,346.24,273.66,346.62
270.69,260.6,374.33,260.19,374.69,350.99,271.05,351.4
273.79,254.74,376.84,256.19,375.54,349.33,272.48,347.88
274.72,250,377.51,250.05,377.47,340.35,274.67,340.3
277,243,380,243,380,332,277,332
275.71,234.83,379.29,235.07,379.08,323.04,275.51,322.79
273.18,238.88,375.94,238.64,376.13,324.31,273.38,324.55
263.05,244.54,365.99,244.52,366.01,332.16,263.06,332.18
253.91,245.98,354.68,245.02,355.52,333.55,254.75,334.51
250.22,238.94,354.65,237.66,355.74,326.97,251.31,328.24
251.51,224.69,357.39,225.48,356.75,312.14,250.86,311.35
249.91,221.4,353.11,221.23,353.25,306.85,250.05,307.02
242.91,225.4,347.77,226.74,346.68,312.2,241.82,310.86
244.46,230.49,351.54,228.06,353.5,314,246.41,316.43
259.93,231.22,364.85,231.18,364.88,318.06,259.97,318.09
278.03,227.53,379.48,226.28,380.49,307.88,279.04,309.14
288.3,211.44,393.8,209.79,395.13,294.91,289.62,296.55
295,195,395,195,395,285,295,285
289.6,196.64,388.26,196.24,388.62,283.77,289.96,284.17
286.18,203.5,386.88,205.67,385.05,290.52,284.35,288.35
282.15,211.98,382.24,212.27,381.99,299.04,281.9,298.75
265.78,214.4,370.89,215.59,369.91,302.17,264.8,300.97
237.09,211.03,340.76,209.99,341.57,290.19,237.89,291.23
224,196,324,196,324,284,224,284
223.56,197.69,324.09,198.92,322.96,291.21,222.44,289.98
231.86,214.34,325.94,214.6,325.7,301.28,231.62,301.02
249,260,353,260,353,356,249,356
279.09,281.27,374.89,281.22,374.94,371.11,279.14,371.16
303.31,270.81,400.89,273.16,398.86,357.11,301.29,354.76
316,246,418,246,418,334,316,334
312.28,235.67,414.89,237.95,413.03,321.61,310.43,319.34
296.72,225.23,399.92,226.4,398.96,310.98,295.76,309.81
277.46,234.65,374.56,234.48,374.7,314.78,277.6,314.94
246.28,238.63,350.96,238.49,351.07,326.22,246.39,326.36
225.29,238.08,325.57,238.98,324.77,327.72,224.49,326.81
242,239,351,239,351,325,242,325
280.48,240.76,390.13,240.54,390.3,327.25,280.65,327.47
311.9,240.48,407.89,240.34,408.01,325.33,312.02,325.47
328.74,234.24,429.78,233.4,430.48,318.6,329.44,319.43
339.3,236.63,439.24,236.66,439.22,320.05,339.28,320.02
346.08,242.33,448.11,242.39,448.06,327.88,346.02,327.81
349.38,241.95,449.68,241.32,450.21,326.24,349.91,326.86
352.58,233.63,452.88,236.05,450.82,321.38,350.52,318.96
345.62,235.46,441.97,237.43,440.21,323.86,343.86,321.9
318,256,417,256,417,342,318,342
295.31,263.05,398.99,263.03,399.01,350.83,295.33,350.86
297.04,258.23,399.41,260.36,397.6,347.32,295.23,345.19
306,249.61,405.61,248.67,406.39,331.14,306.79,332.09
311.88,241.5,412.28,239.99,413.65,330.71,313.25,332.22
329.43,259.21,425.18,256.04,427.95,339.82,332.21,342.98
345.69,263.65,447.6,265.05,446.44,350.17,344.52,348.77
358,253.57,457,252.87,457.63,340.86,358.63,341.57
344.42,222.41,440.39,222.07,440.72,315.78,344.75,316.11
301.22,179.63,403.83,180.39,403.14,274.64,300.52,273.89
281.09,163.9,382.68,162.89,383.58,253.17,281.99,254.18
281.18,169.34,381.8,169.66,381.51,262.61,280.89,262.29
280.08,190.79,379.37,187.97,382.03,281.37,282.73,284.2
271.05,214.49,375.67,217.28,373.4,302.54,268.78,299.75
248.34,238.74,348.08,238.94,347.91,322.06,248.17,321.85
224.61,244.42,323.59,243.86,324.07,328.58,225.1,329.14
217.16,246.59,315.75,245.49,316.7,330.73,218.11,331.83
218.03,245.21,319.58,245.19,319.6,334.04,218.05,334.06
226.75,250.29,330.85,249.8,331.25,335.62,227.16,336.12
243.84,246.63,346.95,247.31,346.42,328.17,243.3,327.49
251,207,352,207,352,298,251,298
238.27,181.86,335.83,181.36,336.28,269.61,238.71,270.1
234.45,175.35,333.15,175.57,332.96,260.49,234.26,260.27
229.15,186.11,328.32,186.69,327.86,265.13,228.69,264.55
207.14,201.75,307.28,202.86,306.44,279.23,206.3,278.12
195.17,210.14,295.76,210.32,295.6,296.04,195.02,295.85
188.64,211.18,286.28,211.59,285.92,297.5,188.28,297.09
185.38,219.85,284.28,220.32,283.9,300.67,185,300.2
180.17,233.11,278.13,232.89,278.32,315.81,180.35,316.03
182.64,237.92,280.57,238.99,279.64,324.36,181.71,323.3
202,239,304,239,304,325,202,325
234.03,234.47,336.22,234.5,336.19,321.03,234,321
279.17,227.41,370.92,228.93,369.5,314.87,277.75,313.36
291.9,221.51,394.87,221.05,395.25,305.03,292.28,305.49
311.73,232.77,409.77,232.35,410.11,312.63,312.06,313.05
312.53,247.56,412.22,248.14,411.77,327.48,312.07,326.91
291.22,249.11,385.41,249.09,385.43,335,291.23,335.02
237,231,332,231,332,318,237,318
206,219,306,219,306,307,206,307
179.83,221.43,288.73,217.71,291.62,302.6,182.73,306.32
176.66,231.55,277.67,231.74,277.51,317.71,176.5,317.52
204,233,307,233,307,319,204,319
229,223,334,223,334,308,229,308
244.69,202.53,341.68,201.91,342.23,287.52,245.23,288.13
259.24,196.04,361.37,198.28,359.51,283.31,257.38,281.07
291.07,201.33,386.43,199.81,387.77,283.43,292.4,284.96
322.52,207.08,424.8,208.86,423.38,290.53,321.11,288.75
332.45,211.66,430.52,211.07,431.02,294.95,332.95,295.54
328.54,209.66,427.18,209.02,427.71,290.51,329.07,291.15
304.49,205.57,393.99,203.94,395.47,284.75,305.96,286.38
268,189,365,189,365,272,268,272
232.9,159.42,333.86,159.08,334.15,246.03,233.2,246.38
241.06,149.32,339.94,149.12,340.11,234.61,241.23,234.81
286.8,146.25,376.34,146.16,376.44,229.96,286.89,230.06
297.02,137.03,393.44,139.27,391.53,221.6,295.12,219.37
303.01,122.53,399.72,122.24,399.97,205,303.25,205.29
305.850,127.610,401.730,131.040,398.700,215.560,302.820,212.130
303.000,248.000,400.000,248.000,400.000,168.000,303.000,168.000
305.500,282.000,401.000,282.000,401.000,199.000,305.500,199.000
308.000,316.000,402.000,316.000,402.000,230.000,308.000,230.000
306.280,234.420,403.280,234.600,403.130,318.030,306.130,317.860
304.780,224.970,398.400,225.830,397.670,304.100,304.060,303.230
300.000,208.240,393.610,212.010,390.370,292.620,296.760,288.850
290.640,198.470,387.360,199.530,386.480,280.180,289.760,279.120
287.190,185.910,383.720,183.020,386.070,261.400,289.530,264.280
289.000,152.000,385.000,152.000,385.000,235.000,289.000,235.000
288.000,113.000,386.000,113.000,386.000,192.000,288.000,192.000
309.310,77.757,404.810,79.455,403.270,165.930,307.770,164.230
323.000,95.000,421.000,95.000,421.000,186.000,323.000,186.000
333.000,154.000,430.000,154.000,430.000,232.000,333.000,232.000
320.000,176.000,418.000,176.000,418.000,259.000,320.000,259.000
303.700,195.590,399.300,195.230,399.580,270.710,303.990,271.070
292.210,212.680,387.100,212.090,387.570,287.960,292.680,288.560
285.950,224.530,377.620,225.720,376.610,303.350,284.940,302.160
274.570,231.570,368.630,232.550,367.770,315.040,273.700,314.050
266.000,236.000,362.000,236.000,362.000,320.000,266.000,320.000
273.050,239.210,367.500,239.510,367.240,323.870,272.780,323.580
279.880,240.280,376.890,240.080,377.060,320.030,280.050,320.230
286.390,232.360,383.460,229.090,386.050,306.230,288.990,309.490
293.690,219.600,390.020,219.630,389.990,297.380,293.660,297.340
307.590,206.220,402.750,207.100,402.060,281.170,306.900,280.280
317.020,192.140,412.910,193.450,411.770,277.320,315.880,276.010
322.380,194.970,416.710,196.470,415.390,279.320,321.060,277.810
335.000,210.000,430.000,210.000,430.000,285.000,335.000,285.000
334.170,228.890,430.700,229.420,430.320,299.640,333.790,299.110
319.110,247.930,414.400,247.160,414.990,320.480,319.710,321.250
294.940,265.080,389.500,263.940,390.390,337.610,295.830,338.750
270.020,268.080,368.970,268.060,368.990,351.980,270.040,352.010
263.730,266.860,358.900,266.190,359.470,348.420,264.310,349.090
259.130,264.400,356.330,264.320,356.390,342.420,259.190,342.500
243.080,236.410,338.920,237.580,337.860,324.650,242.020,323.490
243.100,196.100,335.480,195.910,335.670,287.110,243.290,287.300
259.130,185.880,353.640,184.780,354.550,263.390,260.050,264.490
280.750,180.240,375.720,178.090,377.530,257.830,282.550,259.980
295.780,182.890,386.330,184.120,385.220,265.710,294.680,264.480
307.220,203.850,404.960,205.190,403.860,285.260,306.120,283.920
324.960,216.300,423.360,218.290,421.710,299.850,323.310,297.860
339.430,240.020,434.130,240.290,433.910,319.130,339.210,318.860
349.000,258.330,444.880,258.320,444.890,342.130,349.010,342.140
340.070,264.220,438.150,264.300,438.080,350.400,340.000,350.310
327.270,265.860,421.980,265.690,422.130,352.160,327.420,352.330
299.000,270.000,385.000,270.000,385.000,355.000,299.000,355.000
253.060,275.510,343.960,270.940,347.910,349.460,257.000,354.030
218.000,273.000,312.000,273.000,312.000,356.000,218.000,356.000
212.540,263.300,305.790,264.660,304.720,337.850,211.470,336.490
224.000,228.000,319.000,228.000,319.000,312.000,224.000,312.000
224.260,199.740,322.010,201.620,320.350,287.850,222.600,285.970
240.900,192.170,326.820,192.870,326.120,278.420,240.200,277.720
268.000,188.000,355.000,188.000,355.000,269.000,268.000,269.000
298.000,183.000,388.000,183.000,388.000,271.000,298.000,271.000
312.550,186.360,403.820,187.190,403.050,270.840,311.780,270.000
317.220,191.420,409.930,191.220,410.120,279.790,317.410,279.990
320.230,204.090,415.460,204.660,414.960,289.510,319.730,288.940
325.760,224.460,420.600,223.180,421.600,297.720,326.770,299.000
315.000,235.000,401.000,235.000,401.000,314.000,315.000,314.000
281.770,238.980,367.580,237.910,368.530,314.420,282.720,315.490
238.970,234.850,329.570,236.240,328.410,311.280,237.820,309.890
188.250,237.670,288.510,235.490,290.130,309.870,189.870,312.050
178.780,232.550,275.890,233.190,275.330,318.700,178.220,318.060
190.540,232.890,290.040,235.320,288.030,317.710,188.540,315.290
229.680,235.190,324.300,235.450,324.080,316.180,229.460,315.930
250.630,234.930,347.940,233.530,349.110,314.910,251.810,316.310
259.340,228.090,352.390,231.770,349.160,313.560,256.110,309.890
270.500,229.870,362.270,229.120,362.890,304.440,271.120,305.190
346.620,224.400,436.530,223.130,437.690,304.610,347.770,305.880
367.290,205.970,464.630,206.560,464.070,297.610,366.740,297.020
352.280,203.210,451.790,204.540,450.720,284.240,351.210,282.900
295.400,208.560,393.200,206.500,394.820,283.260,297.020,285.330
200.220,221.500,284.760,220.600,285.540,294.390,201.000,295.290
162.130,218.790,256.410,224.390,251.730,303.360,157.450,297.770
160.960,217.720,252.130,219.070,250.980,296.290,159.810,294.930
194.810,202.430,284.790,205.330,282.490,276.690,192.510,273.790
220.610,160.300,314.390,161.390,313.350,251.170,219.570,250.090
218.230,159.320,313.150,158.150,314.210,243.960,219.290,245.130
220.320,167.790,312.840,167.390,313.210,253.240,220.680,253.640
234.000,195.000,329.000,195.000,329.000,276.000,234.000,276.000
238.920,229.840,333.330,230.150,333.060,313.060,238.650,312.740
234.130,253.660,327.840,253.140,328.290,334.530,234.580,335.050
240.760,266.440,334.390,268.230,332.900,346.280,239.270,344.490
248.270,271.080,341.870,269.790,342.970,349.940,249.370,351.230
239.080,265.620,329.780,263.920,331.220,340.800,240.520,342.490
223.050,255.270,314.490,257.660,312.350,339.310,220.920,336.920
222.810,271.750,312.860,271.340,313.230,351.530,223.180,351.950
255.380,291.120,348.130,291.090,348.160,371.000,255.410,371.030
271.770,291.790,362.120,291.440,362.410,366.830,272.060,367.180
271.360,283.700,366.470,282.060,367.800,359.590,272.690,361.230
269.490,261.190,368.280,261.190,368.270,342.320,269.490,342.310
279.480,211.010,376.840,212.010,375.990,294.580,278.630,293.570
265.020,152.520,362.570,151.590,363.410,239.440,265.850,240.370
252.380,152.240,350.230,153.390,349.220,239.130,251.370,237.970
237.110,168.250,332.330,168.370,332.230,246.240,237.010,246.120
231.690,182.140,325.460,182.560,325.070,268.430,231.300,268.010
227.000,225.000,322.000,225.000,322.000,312.000,227.000,312.000
224.170,256.820,322.570,256.530,322.790,331.310,224.400,331.610
231.760,260.540,328.410,259.360,329.430,343.030,232.780,344.210
242.420,257.110,336.290,257.000,336.380,337.990,242.510,338.100
247.610,242.780,342.930,243.930,341.970,323.130,246.650,321.980
245.790,232.990,339.530,231.740,340.600,311.970,246.850,313.210
254.020,229.280,346.940,229.100,347.100,311.330,254.180,311.510
283.970,223.690,375.880,223.080,376.360,297.080,284.460,297.680
282.950,211.170,377.280,210.670,377.690,288.220,283.360,288.710
270.280,198.150,366.800,198.320,366.670,274.170,270.150,274.000
276.250,186.320,374.980,186.210,375.060,263.240,276.340,263.350
293.650,183.020,389.820,184.270,388.820,262.180,292.640,260.930
299.000,197.000,393.000,197.000,393.000,278.000,299.000,278.000
285.000,237.000,379.000,237.000,379.000,320.000,285.000,320.000
272.000,264.000,366.000,264.000,366.000,344.000,272.000,344.000
285.980,266.400,379.740,267.820,378.500,349.370,284.740,347.940
289.860,263.460,387.050,266.010,384.940,346.460,287.760,343.910
273.110,250.040,369.900,251.210,369.000,326.240,272.210,325.070
269.230,242.450,362.900,239.690,365.360,322.780,271.690,325.550
272.880,242.380,367.510,241.580,368.230,325.620,273.600,326.430
273.270,241.040,369.420,239.800,370.450,319.940,274.300,321.180
266.310,233.990,361.920,234.080,361.850,312.210,266.240,312.120
260.280,226.250,351.910,224.280,353.590,302.900,261.970,304.870
256.490,226.130,348.960,226.000,349.080,303.890,256.610,304.020
249.640,231.900,341.640,230.760,342.630,311.260,250.630,312.390
238.000,232.040,333.520,232.010,333.550,312.520,238.030,312.560
236.060,229.070,333.890,229.160,333.820,308.020,235.980,307.930
260.170,228.370,355.380,223.060,359.740,301.390,264.530,306.700
288.360,223.300,385.640,224.480,384.610,309.140,287.330,307.960
273.130,231.690,371.550,230.200,372.840,315.760,274.430,317.250
255.280,241.490,348.220,241.500,348.200,323.000,255.260,322.990
254.000,245.000,350.000,245.000,350.000,326.000,254.000,326.000
263.470,234.020,358.020,234.010,358.030,315.320,263.480,315.330
270.000,220.000,363.000,220.000,363.000,302.000,270.000,302.000
269.000,215.000,364.000,215.000,364.000,299.000,269.000,299.000
271.490,222.780,368.310,223.300,367.880,303.850,271.060,303.330
281.600,226.100,378.610,227.200,377.670,310.050,280.660,308.950
277.150,227.270,375.930,227.390,375.830,308.820,277.050,308.700
271.800,224.960,369.060,225.780,368.380,307.110,271.120,306.300
272.470,221.330,366.800,220.790,367.260,302.360,272.930,302.890
277.600,223.410,369.730,224.050,369.170,305.080,277.040,304.440
277.000,234.000,373.000,234.000,373.000,317.000,277.000,317.000
270.510,246.530,365.340,249.100,363.190,328.270,268.360,325.690
267.140,252.330,360.740,252.210,360.840,332.330,267.240,332.450
274.530,244.130,371.020,247.020,368.630,326.820,272.140,323.930
287.190,225.370,381.220,225.480,381.120,307.020,287.100,306.910
281.260,222.360,379.660,220.470,381.250,302.880,282.840,304.770
274.580,232.510,372.650,233.860,371.540,314.240,273.480,312.900
266.030,243.050,361.160,243.060,361.150,323.130,266.020,323.120
266.380,239.150,363.010,242.770,360.100,320.490,263.460,316.870
270.680,220.050,367.400,221.320,366.380,299.240,269.660,297.970
274.070,209.540,368.290,209.800,368.070,290.650,273.850,290.390
275.600,216.140,370.780,215.600,371.250,297.570,276.060,298.110
275.660,234.870,371.720,233.670,372.700,311.950,276.640,313.150
273.390,241.110,364.520,241.930,363.830,319.900,272.690,319.080
266.070,238.990,359.700,239.600,359.150,325.080,265.520,324.470
269.760,234.740,364.980,238.200,362.070,318.440,266.840,314.980
269.110,230.380,362.140,230.490,362.040,316.950,269.010,316.840
263.050,230.250,356.330,230.820,355.830,312.560,262.550,311.990
252.570,244.440,344.720,244.550,344.620,328.770,252.470,328.660
248.730,255.390,341.820,253.150,343.840,336.960,250.750,339.200
250.980,251.240,345.540,251.120,345.650,335.520,251.080,335.630
255.730,241.160,348.640,243.050,346.920,327.840,254.000,325.950
250.410,236.330,345.930,235.970,346.240,320.220,250.720,320.570
249.650,244.380,344.830,245.610,343.730,330.950,248.550,329.720
251.130,259.800,345.140,260.010,344.950,342.040,250.950,341.830
253.440,260.940,348.600,263.330,346.520,346.450,251.350,344.070
252.110,264.230,347.040,263.130,348.020,347.030,253.090,348.140
252.510,262.480,347.310,263.950,345.970,350.160,251.170,348.690
248.080,256.240,343.830,255.890,344.160,344.120,248.410,344.470
241.310,249.470,337.490,250.590,336.510,335.180,240.330,334.070
240.030,249.630,336.220,247.470,338.030,327.910,241.830,330.070
242.030,234.260,336.670,232.410,338.220,311.990,243.580,313.840
241.000,222.000,337.000,222.000,337.000,307.000,241.000,307.000
237.280,219.420,334.000,219.420,334.000,308.280,237.280,308.280
243.150,225.000,337.860,225.130,337.750,307.730,243.040,307.600
247.180,221.380,339.890,221.060,340.190,308.490,247.480,308.810
253.820,210.060,344.760,210.280,344.540,296.050,253.610,295.820
255.610,211.390,347.570,210.620,348.280,295.610,256.320,296.380
257.560,220.570,350.420,222.850,348.320,308.330,255.450,306.040
255.500,237.030,348.180,236.990,348.220,321.740,255.530,321.780
258.560,243.500,351.920,244.720,350.820,329.050,257.470,327.840
254.970,240.140,349.950,240.190,349.910,326.010,254.930,325.960
257.490,234.090,350.460,234.540,350.060,315.090,257.100,314.640
268.500,228.970,360.370,229.470,359.920,310.610,268.060,310.110
267.480,228.680,360.410,229.020,360.120,310.340,267.190,310.010
265.940,239.020,360.610,240.190,359.620,321.130,264.940,319.960
256.440,243.850,349.270,244.370,348.810,326.250,255.980,325.730
252.810,243.310,345.570,244.110,344.870,325.770,252.110,324.970
255.920,230.920,350.380,232.210,349.230,316.250,254.770,314.960
254.760,223.280,347.740,224.450,346.690,307.420,253.700,306.240
244.020,238.120,337.940,237.860,338.170,318.750,244.250,319.020
236.050,251.140,332.940,251.150,332.930,334.020,236.040,334.010
241.000,258.000,334.000,258.000,334.000,339.000,241.000,339.000
254.620,255.430,343.190,256.040,342.650,333.090,254.090,332.470
274.220,248.360,367.560,250.030,366.180,327.230,272.830,325.560
282.000,232.000,378.000,232.000,378.000,315.000,282.000,315.000
264.040,233.450,359.340,238.860,354.680,320.900,259.380,315.490
249.000,247.040,340.690,248.350,339.500,332.260,247.800,330.950
266.810,251.390,365.240,253.490,363.510,334.310,265.090,332.210
286.240,249.750,381.440,252.470,379.130,333.550,283.920,330.830
275.400,235.700,372.400,234.480,373.470,318.920,276.470,320.150
253.090,227.750,350.780,227.060,351.360,308.410,253.670,309.100
240.760,228.250,336.560,229.190,335.730,313.920,239.930,312.970
240.430,232.020,331.610,232.120,331.520,316.250,240.340,316.150
244.040,231.150,334.190,231.130,334.220,314.480,244.060,314.510
242.120,226.280,338.200,228.440,336.260,315.100,240.170,312.940
236.910,228.400,331.790,229.490,330.810,315.140,235.920,314.040
237.880,227.250,333.420,229.900,330.980,317.560,235.450,314.900
244.380,233.360,338.410,232.170,339.490,317.910,245.470,319.100
242.600,244.500,337.510,245.480,336.620,331.210,241.710,330.230
255.310,250.770,351.440,253.340,349.340,332.260,253.200,329.700
312.840,254.570,404.790,250.760,407.950,326.980,316.010,330.800
321.310,246.460,416.110,246.380,416.180,325.280,321.380,325.370
292.450,249.610,386.500,249.070,386.930,323.500,292.890,324.050
238.200,265.900,333.750,269.980,330.510,345.960,234.960,341.890
218.250,275.640,315.060,276.180,314.600,357.110,217.800,356.570
222.040,274.100,322.960,273.950,323.070,356.720,222.160,356.870
251.720,265.200,346.100,267.430,344.240,346.410,249.860,344.180
259.510,263.260,353.290,263.190,353.340,344.000,259.560,344.060
248.430,266.060,339.020,265.960,339.110,345.790,248.520,345.890
232.280,265.930,321.680,266.550,321.130,346.130,231.730,345.520
219.800,267.590,312.240,268.090,311.810,349.160,219.360,348.670
228.550,269.580,319.960,270.840,318.870,350.210,227.460,348.950
247.840,271.000,337.260,271.150,337.130,351.030,247.700,350.880
251.250,265.360,341.770,266.500,340.760,346.720,250.240,345.580
248.470,258.150,340.980,258.060,341.060,339.010,248.550,339.100
239.380,254.130,333.180,254.380,332.960,334.990,239.170,334.740
240.220,248.210,330.090,247.000,331.240,331.920,241.370,333.130
248.070,239.310,341.020,239.330,341.010,321.280,248.050,321.260
252.000,235.000,342.000,235.000,342.000,315.000,252.000,315.000
252.890,228.110,344.860,230.770,342.490,312.430,250.530,309.770
253.030,222.570,342.660,225.810,339.850,303.390,250.220,300.140
252.120,216.840,344.860,216.430,345.220,297.160,252.480,297.580
254.930,216.640,349.010,219.040,346.780,306.250,252.700,303.850
243.140,268.330,338.100,265.890,340.200,347.740,245.240,350.170
232.100,291.950,328.620,293.300,327.470,374.320,230.960,372.960
229.760,291.230,325.500,292.030,324.830,371.180,229.100,370.370
237.000,258.000,332.000,258.000,332.000,347.000,237.000,347.000
248.010,248.050,341.120,248.180,341.010,328.150,247.900,328.030
258.000,231.000,349.000,231.000,349.000,312.000,258.000,312.000
265.190,219.370,355.980,222.790,353.170,297.150,262.390,293.730
256.070,196.990,349.040,198.310,347.810,284.280,254.840,282.950
248.800,187.260,341.800,187.260,341.800,266.200,248.800,266.200
249.600,168.230,345.500,167.110,346.480,250.940,250.570,252.050
259.770,160.660,350.350,163.030,348.220,244.360,257.640,241.990
265.600,167.070,358.060,170.620,354.950,251.560,262.490,248.010
271.490,182.980,362.750,184.060,361.790,265.240,270.530,264.160
279.570,224.010,366.360,224.130,366.260,293.120,279.470,293.000
276.790,248.550,372.350,248.110,372.700,324.140,277.140,324.580
284.610,244.020,373.400,244.730,372.780,322.130,283.990,321.410
275.420,215.570,368.980,216.870,367.870,297.330,274.310,296.040
277.930,199.350,365.970,199.300,366.020,284.610,277.970,284.660
291.310,198.830,383.570,197.570,384.700,279.880,292.440,281.140
313.850,212.270,408.190,211.560,408.780,290.930,314.450,291.640
322.600,217.090,412.740,219.330,410.790,297.450,320.650,295.200
307.930,219.060,397.250,219.120,397.190,307.010,307.870,306.950
296.000,224.000,387.000,224.000,387.000,308.000,296.000,308.000
295.410,225.000,387.390,225.030,387.370,313.000,295.390,312.980
299.700,245.680,391.550,244.550,392.600,329.920,300.750,331.050
310.500,278.710,400.880,277.500,401.910,354.960,311.540,356.170
315.420,281.340,407.500,282.040,406.870,365.120,314.780,364.420
307.180,275.970,398.610,274.600,399.790,353.840,308.360,355.200
296.600,253.130,391.510,252.840,391.750,334.390,296.840,334.670
295.650,229.460,385.440,232.410,382.740,314.720,292.950,311.770
294.330,201.200,381.100,202.380,379.920,289.260,293.150,288.080
290.000,201.000,378.000,201.000,378.000,288.000,290.000,288.000
293.180,211.110,377.080,211.150,377.030,294.050,293.130,294.000
301.620,223.210,386.500,224.380,385.420,303.200,300.540,302.040
308.510,231.800,401.420,232.510,400.790,313.740,307.880,313.030
313.220,233.110,402.420,233.720,401.850,318.110,312.650,317.500
308.480,238.490,398.290,238.500,398.280,318.170,308.480,318.160
300.340,252.210,392.610,252.090,392.710,330.990,300.440,331.110
296.000,251.000,385.000,251.000,385.000,334.000,296.000,334.000
296.000,246.000,387.000,246.000,387.000,321.000,296.000,321.000
294.480,234.970,385.610,233.940,386.450,308.100,295.320,309.130
300.160,214.520,387.250,214.500,387.260,293.110,300.170,293.120
301.840,205.120,391.490,206.230,390.490,287.060,300.840,285.950
302.500,199.160,390.590,201.310,388.630,281.460,300.540,279.300
305.180,201.850,394.760,205.140,391.890,283.480,302.310,280.190
308.500,208.170,393.520,206.780,394.770,283.550,309.740,284.940
327.000,222.000,416.000,222.000,416.000,302.000,327.000,302.000
334.120,236.410,424.860,237.530,423.870,318.220,333.130,317.100
321.930,257.930,410.970,262.210,407.580,332.760,318.530,328.470
290.150,254.530,378.490,263.130,371.330,336.630,282.990,328.030
268.870,244.460,354.540,252.010,347.520,331.610,261.850,324.060
254.820,242.200,337.210,248.570,331.070,327.930,248.680,321.560
232.380,222.290,320.540,225.750,317.460,304.310,229.290,300.850
230.360,189.810,319.760,190.860,318.820,270.220,229.430,269.170
247.300,170.010,339.970,171.540,338.520,259.560,245.860,258.040
270.280,178.830,354.060,178.840,354.050,268.700,270.260,268.690
290.250,193.600,369.830,197.620,365.360,285.880,285.790,281.850
285.130,208.970,369.120,209.120,368.980,289.140,284.990,288.990
289.600,210.470,375.230,213.420,372.320,297.600,286.700,294.640
294.640,210.610,380.590,212.730,378.430,300.060,292.480,297.940
298.750,215.120,381.770,215.330,381.560,300.040,298.540,299.830
299.340,216.510,384.610,217.910,383.190,304.350,297.920,302.950
295.460,217.700,383.540,218.990,382.300,303.270,294.220,301.970
