150.00,122.00,150.00,69.00,197.00,69.00,197.00,122.00
150.03,121.39,150.03,67.94,196.94,67.94,196.94,121.39
150.06,120.78,150.06,66.87,196.87,66.87,196.87,120.78
150.08,120.17,150.08,65.81,196.81,65.81,196.81,120.17
150.11,119.57,150.11,64.75,196.75,64.75,196.75,119.57
150.14,118.96,150.14,63.68,196.68,63.68,196.68,118.96
150.16,118.35,150.16,62.62,196.62,62.62,196.62,118.35
150.19,117.74,150.19,61.56,196.56,61.56,196.56,117.74
150.22,117.13,150.22,60.49,196.49,60.49,196.49,117.13
150.25,116.52,150.25,59.43,196.43,59.43,196.43,116.52
150.28,115.92,150.28,58.36,196.37,58.36,196.37,115.92
154.00,112.00,154.00,54.00,200.00,54.00,200.00,112.00
160.00,111.00,160.00,52.00,206.00,52.00,206.00,111.00
162.00,109.00,162.00,49.00,208.00,49.00,208.00,109.00
164.00,108.00,164.00,47.00,210.00,47.00,210.00,108.00
165.03,107.10,170.35,46.33,215.77,50.30,210.45,111.07
166.25,106.01,176.84,45.94,221.35,53.79,210.76,113.86
167.67,104.76,183.46,45.84,226.73,57.44,210.94,116.36
169.31,103.37,190.17,46.05,231.89,61.23,211.03,118.55
171.17,101.84,196.95,46.56,236.83,65.16,211.05,120.44
174.48,101.99,203.53,49.59,241.43,70.59,212.38,123.00
178.00,102.14,210.05,52.79,245.83,76.03,213.79,125.37
181.73,102.30,216.48,56.18,250.02,81.45,215.27,127.57
185.65,102.49,222.82,59.72,254.02,86.84,216.84,129.61
189.76,102.73,229.07,63.43,257.82,92.18,218.52,131.49
194.06,103.03,235.19,67.28,261.44,97.47,220.31,133.22
198.54,103.41,241.20,71.26,264.87,102.67,222.21,134.82
203.19,103.87,247.08,75.37,268.14,107.80,224.25,136.30
208.00,104.43,252.83,79.58,271.25,112.82,226.42,137.67
212.96,105.10,258.43,83.90,274.21,117.73,228.74,138.94
218.06,105.89,263.88,88.30,277.02,122.53,231.20,140.12
223.29,106.80,269.19,92.77,279.71,127.20,233.81,141.23
223.14,108.40,268.01,93.15,279.48,126.88,234.61,142.13
223.03,109.99,266.82,93.56,279.21,126.57,235.42,143.00
217.95,113.81,260.64,96.26,273.90,128.53,231.21,146.08
212.90,117.62,254.46,99.00,268.56,130.50,227.00,149.12
205.88,115.42,246.29,95.79,261.20,126.49,220.79,146.12
198.89,113.19,238.12,92.60,253.81,122.51,214.58,143.10
190.49,109.69,227.57,86.43,246.00,115.80,208.92,139.06
182.18,106.20,216.92,80.48,238.10,109.07,203.35,134.80
173.95,102.74,206.21,74.77,230.11,102.33,197.85,130.30
165.81,99.28,195.44,69.29,222.04,95.57,192.41,125.56
157.76,95.83,184.65,64.07,213.87,88.80,186.99,120.57
149.80,92.39,173.85,59.09,205.62,82.03,181.58,115.34
141.93,88.96,163.06,54.36,197.28,75.26,176.15,109.85
134.15,85.51,152.31,49.87,188.85,68.49,170.69,104.13
132.00,93.00,132.00,52.00,172.00,52.00,172.00,93.00
123.00,89.00,123.00,48.00,163.00,48.00,163.00,89.00
114.00,85.00,114.00,43.00,153.00,43.00,153.00,85.00
105.00,82.00,105.00,39.00,144.00,39.00,144.00,82.00
98.00,82.00,98.00,39.00,137.00,39.00,137.00,82.00
91.00,82.00,91.00,39.00,131.00,39.00,131.00,82.00
85.00,83.00,85.00,39.00,125.00,39.00,125.00,83.00
78.00,83.00,78.00,39.00,119.00,39.00,119.00,83.00
72.00,84.00,72.00,39.00,114.00,39.00,114.00,84.00
65.00,87.00,65.00,37.00,110.00,37.00,110.00,87.00
58.00,91.00,58.00,36.00,107.00,36.00,107.00,91.00
51.00,95.00,51.00,35.00,103.00,35.00,103.00,95.00
53.56,102.42,45.16,40.74,95.94,33.83,104.34,95.51
56.79,109.07,39.55,46.92,88.21,33.43,105.45,95.58
60.57,114.86,34.22,53.53,79.93,33.89,106.28,95.22
64.77,119.69,29.23,60.55,71.23,35.31,106.77,94.45
72.97,122.29,43.95,59.47,88.43,38.91,117.45,101.73
81.25,124.40,59.11,58.63,105.55,43.00,127.69,108.77
89.64,126.05,74.70,58.07,122.56,47.55,137.50,115.53
98.21,127.24,90.67,57.85,139.39,52.56,146.93,121.95
107.00,128.00,107.00,58.00,156.00,58.00,156.00,128.00
125.00,131.00,125.00,60.00,171.00,60.00,171.00,131.00
143.00,134.00,143.00,62.00,185.00,62.00,185.00,134.00
162.00,137.00,162.00,64.00,201.00,64.00,201.00,137.00
171.00,138.00,171.00,66.00,209.00,66.00,209.00,138.00
181.00,139.00,181.00,68.00,218.00,68.00,218.00,139.00
190.00,141.00,190.00,70.00,227.00,70.00,227.00,141.00
200.00,142.00,200.00,72.00,236.00,72.00,236.00,142.00
210.00,144.00,210.00,74.00,246.00,74.00,246.00,144.00
215.00,147.00,215.00,78.00,251.00,78.00,251.00,147.00
212.00,147.00,212.00,79.00,248.50,79.00,248.50,147.00
209.00,147.00,209.00,80.00,246.00,80.00,246.00,147.00
199.42,142.57,210.60,75.74,247.58,81.93,236.40,148.76
190.38,137.20,212.69,72.43,248.62,84.80,226.31,149.57
182.06,130.99,215.10,70.14,248.94,88.51,215.90,149.36
174.59,124.07,217.68,68.91,248.41,92.93,205.32,148.09
168.45,122.52,209.12,66.57,241.59,90.17,200.92,146.12
162.32,120.96,200.56,64.33,234.76,87.42,196.52,144.05
154.08,115.89,189.89,58.68,225.84,81.18,190.02,138.39
145.84,110.82,179.23,53.12,216.92,74.93,183.52,132.63
137.59,105.75,168.58,47.66,208.00,68.69,177.01,126.78
129.34,100.68,157.94,42.30,199.08,62.45,170.49,120.83
121.10,95.61,147.31,37.03,190.16,56.21,163.95,114.79
114.63,93.89,138.48,35.22,183.03,53.33,159.17,112.00
108.16,92.17,129.68,33.50,175.89,50.45,154.37,109.12
101.69,90.46,120.90,31.87,168.76,47.56,149.54,106.15
95.22,88.75,112.16,30.33,161.62,44.67,144.68,103.09
95.04,85.18,114.28,26.21,162.06,41.80,142.82,100.77
102.35,89.11,123.95,29.69,170.01,46.43,148.41,105.85
109.65,93.05,133.66,33.27,177.97,51.06,153.96,110.84
116.93,96.98,143.40,36.94,185.95,55.69,159.48,115.74
124.20,100.92,153.16,40.71,193.94,60.32,164.98,120.53
135.90,104.49,166.47,46.59,204.75,66.80,174.18,124.71
147.65,108.13,179.71,52.56,215.51,73.22,183.45,128.79
159.46,111.84,192.87,58.63,226.21,79.57,192.80,132.78
171.31,115.61,205.94,64.78,236.87,85.85,202.24,136.68
179.22,117.95,214.94,69.52,243.48,90.57,207.75,139.00
187.17,120.36,223.85,74.34,250.04,95.22,213.36,141.24
195.15,122.84,232.67,79.23,256.58,99.80,219.06,143.41
203.17,125.39,241.39,84.19,263.07,104.31,224.85,145.51
205.85,127.36,243.56,87.72,265.11,108.22,227.41,147.86
208.56,129.33,245.71,91.24,267.13,112.13,229.98,150.22
211.29,131.32,247.85,94.75,269.13,116.02,232.56,152.59
214.03,133.32,249.98,98.25,271.11,119.90,235.16,154.97
216.80,135.32,252.10,101.74,273.07,123.78,237.77,157.36
219.58,137.34,254.20,105.22,275.01,127.64,240.39,159.76
222.38,139.37,256.29,108.68,276.93,131.49,243.02,162.17
225.21,141.42,258.37,112.14,278.83,135.32,245.67,164.60
222.73,138.80,259.47,112.94,277.62,138.72,240.88,164.58
220.59,136.08,260.54,114.07,276.05,142.22,236.11,164.24
218.81,133.31,261.57,115.54,274.14,145.79,231.38,163.55
217.40,130.51,262.50,117.34,271.85,149.37,226.75,162.54
216.36,127.73,263.31,119.46,269.20,152.93,222.25,161.20
207.95,124.42,254.78,112.37,263.40,145.87,216.57,157.92
199.68,121.24,246.08,105.37,257.47,138.68,211.07,154.55
191.55,118.18,237.21,98.49,251.39,131.38,205.73,151.06
183.58,115.22,228.18,91.74,245.15,123.97,200.55,147.45
175.78,112.36,219.01,85.12,238.75,116.46,195.52,143.69
168.16,109.58,209.69,78.67,232.17,108.87,190.63,139.78
160.72,106.87,200.25,72.38,225.40,101.21,185.87,135.70
152.87,105.65,190.09,67.71,217.84,94.94,180.62,132.87
145.23,104.47,179.84,63.24,210.08,88.63,175.47,129.86
137.79,103.31,169.50,58.97,202.12,82.29,170.41,126.63
130.56,102.16,159.09,54.90,193.94,75.95,165.42,123.20
123.54,101.00,148.63,51.06,185.56,69.61,160.47,119.55
116.74,99.81,138.14,47.44,176.96,63.31,155.56,115.68
111.58,102.61,129.06,48.09,169.58,61.09,152.10,115.61
106.63,105.35,119.99,48.97,161.99,58.93,148.63,115.30
101.88,108.00,110.95,50.08,154.20,56.85,145.13,114.77
97.34,110.56,101.94,51.42,146.20,54.86,141.60,114.00
93.00,113.00,93.00,53.00,138.00,53.00,138.00,113.00
97.00,116.00,97.00,56.00,141.00,56.00,141.00,116.00
104.00,123.00,104.00,60.00,146.00,60.00,146.00,123.00
111.00,130.00,111.00,64.00,152.00,64.00,152.00,130.00
118.00,138.00,118.00,69.00,158.00,69.00,158.00,138.00
129.00,139.00,129.00,73.00,170.00,73.00,170.00,139.00
141.00,141.00,141.00,77.00,184.00,77.00,184.00,141.00
152.96,142.12,162.11,81.60,203.64,87.88,194.49,148.40
165.88,142.83,183.15,87.04,222.32,99.17,205.05,154.96
179.79,143.32,203.99,93.27,240.01,110.68,215.81,160.73
194.70,143.77,224.53,100.20,256.70,122.23,226.87,165.80
210.55,144.33,244.65,107.76,272.45,133.67,238.35,170.24
211.73,143.36,247.83,109.57,273.27,136.75,237.17,170.54
213.04,142.45,250.91,111.54,273.96,139.77,236.09,170.68
214.47,141.59,253.90,113.64,274.53,142.74,235.10,170.69
216.02,140.80,256.78,115.88,274.98,145.64,234.22,170.56
217.68,140.08,259.54,118.23,275.32,148.47,233.46,170.32
219.44,139.44,262.18,120.70,275.56,151.22,232.82,169.96
223.64,140.25,266.36,122.20,278.89,151.84,236.16,169.90
227.83,141.07,270.52,123.70,282.23,152.45,239.53,169.83
232.01,141.91,274.67,125.21,285.57,153.05,242.91,169.75
227.94,138.34,270.36,122.86,280.78,151.43,238.36,166.91
223.89,134.79,266.05,120.51,275.97,149.79,233.81,164.07
215.18,129.32,255.11,111.17,268.11,139.78,228.19,157.93
206.66,123.87,244.01,102.15,260.07,129.76,222.72,151.48
198.33,118.42,232.80,93.45,251.83,119.73,217.36,144.69
190.19,112.95,221.51,85.10,243.40,109.72,212.09,137.57
182.24,107.45,210.17,77.09,234.79,99.75,206.86,130.10
174.46,101.90,198.83,69.43,226.00,89.82,201.63,122.29
166.86,96.30,187.53,62.11,217.04,79.94,196.37,114.13
167.42,90.98,186.84,56.40,216.98,73.33,197.56,107.91
168.00,85.66,186.17,50.73,216.91,66.73,198.74,101.66
168.59,80.33,185.51,45.10,216.83,60.14,199.91,95.37
169.20,74.98,184.86,39.49,216.72,53.56,201.06,89.05
174.49,70.97,191.36,36.37,222.74,51.68,205.87,86.28
179.82,66.96,197.85,33.28,228.72,49.80,210.69,83.48
187.73,69.78,207.67,37.54,237.52,56.01,217.58,88.25
195.74,72.59,217.50,41.89,246.21,62.24,224.45,92.93
203.88,75.38,227.33,46.33,254.78,68.49,231.33,97.53
212.13,78.16,237.15,50.85,263.23,74.74,238.21,102.05
220.50,80.94,246.97,55.45,271.57,80.99,245.10,106.48
228.99,83.74,256.77,60.13,279.79,87.23,252.00,110.83
237.59,86.55,266.56,64.90,287.89,93.45,258.92,115.10
236.41,87.70,265.27,64.46,286.41,90.71,257.55,113.95
235.35,88.84,264.01,63.99,284.82,87.99,256.16,112.84
234.39,89.96,262.78,63.47,283.13,85.28,254.74,111.77
230.68,88.17,257.70,60.54,279.92,82.28,252.91,109.91
226.97,86.41,252.58,57.71,276.72,79.25,251.11,107.95
223.27,84.68,247.42,54.98,273.50,76.19,249.35,105.89
219.58,82.98,242.24,52.35,270.28,73.10,247.62,103.72
215.90,81.31,237.04,49.83,267.04,69.97,245.90,101.45
206.75,79.85,226.66,47.32,257.54,66.21,237.63,98.74
197.66,78.39,216.28,44.85,247.98,62.45,229.36,95.99
188.61,76.92,205.90,42.43,238.37,58.70,221.08,93.19
179.62,75.44,195.53,40.05,228.71,54.96,212.80,90.35
170.68,73.95,185.16,37.71,219.00,51.23,204.52,87.47
160.86,74.93,173.86,37.91,208.30,50.01,195.30,87.03
151.08,75.89,162.58,38.15,197.56,48.80,186.06,86.55
141.36,76.84,151.31,38.43,186.76,47.61,176.81,86.02
131.68,77.77,140.04,38.75,175.92,46.44,167.56,85.46
122.05,78.67,128.80,39.12,165.03,45.30,158.28,84.85
112.47,79.55,117.57,39.53,154.09,44.18,148.99,84.20
102.94,80.39,106.36,39.98,143.10,43.09,139.68,83.51
93.45,81.21,95.17,40.47,132.07,42.03,130.35,82.77
84.00,82.00,84.00,41.00,121.00,41.00,121.00,82.00
75.00,83.00,75.00,41.00,113.00,41.00,113.00,83.00
66.00,84.00,66.00,41.00,105.00,41.00,105.00,84.00
64.00,87.00,64.00,44.00,102.00,44.00,102.00,87.00
62.00,92.00,62.00,48.00,100.00,48.00,100.00,92.00
60.00,96.00,60.00,51.00,98.00,51.00,98.00,96.00
59.00,101.00,59.00,55.00,97.00,55.00,97.00,101.00
63.00,111.00,63.00,64.00,101.00,64.00,101.00,111.00
68.00,122.00,68.00,74.00,107.00,74.00,107.00,122.00
72.00,132.00,72.00,83.00,112.00,83.00,112.00,132.00
77.00,143.00,77.00,93.00,118.00,93.00,118.00,143.00
82.00,150.00,82.00,101.00,122.00,101.00,122.00,150.00
87.00,159.00,87.00,110.00,127.00,110.00,127.00,159.00
92.00,168.00,92.00,119.00,131.00,119.00,131.00,168.00
97.00,177.00,97.00,128.00,136.00,128.00,136.00,177.00
96.00,177.00,96.00,127.00,136.00,127.00,136.00,177.00
96.00,179.00,96.00,127.00,137.00,127.00,137.00,179.00
95.00,181.00,95.00,127.00,137.00,127.00,137.00,181.00
95.00,183.00,95.00,127.00,139.00,127.00,139.00,183.00
98.00,182.00,98.00,124.00,142.00,124.00,142.00,182.00
101.00,181.00,101.00,121.00,145.00,121.00,145.00,181.00
104.00,180.00,104.00,118.00,148.00,118.00,148.00,180.00
107.00,180.00,107.00,116.00,151.00,116.00,151.00,180.00
110.00,179.00,110.00,117.00,153.00,117.00,153.00,179.00
113.00,178.00,113.00,118.00,155.00,118.00,155.00,178.00
116.00,179.00,116.00,120.00,157.00,120.00,157.00,179.00
119.00,178.00,119.00,121.00,159.00,121.00,159.00,178.00
122.00,179.00,122.00,123.00,162.00,123.00,162.00,179.00
121.00,176.00,121.00,119.00,163.00,119.00,163.00,176.00
120.00,174.00,120.00,115.00,164.00,115.00,164.00,174.00
119.00,171.00,119.00,111.00,165.00,111.00,165.00,171.00
119.00,170.00,119.00,108.00,168.00,108.00,168.00,170.00
120.00,166.00,120.00,104.00,169.00,104.00,169.00,166.00
122.00,163.00,122.00,101.00,171.00,101.00,171.00,163.00
123.00,159.00,123.00,97.00,172.00,97.00,172.00,159.00
125.00,156.00,125.00,94.00,175.00,94.00,175.00,156.00
128.00,153.00,128.00,92.00,177.00,92.00,177.00,153.00
132.00,152.00,132.00,91.00,180.00,91.00,180.00,152.00
136.00,149.00,136.00,89.00,183.00,89.00,183.00,149.00
140.00,148.00,140.00,88.00,187.00,88.00,187.00,148.00
143.00,146.00,143.00,86.00,189.00,86.00,189.00,146.00
147.00,144.00,147.00,85.00,192.00,85.00,192.00,144.00
151.00,142.00,151.00,83.00,195.00,83.00,195.00,142.00
157.00,143.00,157.00,84.00,201.00,84.00,201.00,143.00
158.00,139.00,158.00,80.00,202.00,80.00,202.00,139.00
159.00,140.00,159.00,81.00,204.00,81.00,204.00,140.00
158.00,139.00,158.00,79.00,203.00,79.00,203.00,139.00
156.00,136.00,156.00,76.00,202.00,76.00,202.00,136.00
153.00,134.00,153.00,73.00,199.00,73.00,199.00,134.00
144.00,134.00,144.00,73.00,191.00,73.00,191.00,134.00
136.00,134.00,136.00,72.00,184.00,72.00,184.00,134.00
128.00,132.00,128.00,71.00,176.00,71.00,176.00,132.00
121.00,130.00,121.00,70.00,169.00,70.00,169.00,130.00
113.00,129.00,113.00,70.00,162.00,70.00,162.00,129.00
106.00,127.00,106.00,69.00,155.00,69.00,155.00,127.00
99.00,127.00,99.00,69.00,149.00,69.00,149.00,127.00
94.00,124.00,94.00,67.00,144.00,67.00,144.00,124.00
94.00,124.00,94.00,67.00,144.00,67.00,144.00,124.00
96.00,124.00,96.00,67.00,146.00,67.00,146.00,124.00
97.00,127.00,97.00,70.00,147.00,70.00,147.00,127.00
99.00,126.00,99.00,69.00,149.00,69.00,149.00,126.00
103.00,125.00,103.00,68.00,153.00,68.00,153.00,125.00
104.00,125.00,104.00,68.00,154.00,68.00,154.00,125.00
105.00,125.00,105.00,68.00,155.00,68.00,155.00,125.00
106.00,125.00,106.00,68.00,156.00,68.00,156.00,125.00
105.00,127.00,105.00,68.00,157.00,68.00,157.00,127.00
104.00,130.00,104.00,69.00,158.00,69.00,158.00,130.00
