419.77,460.75,459.49,490.17,416.37,548.38,376.65,518.96
422.14,459.68,461.82,491.92,415.26,549.21,375.58,516.97
429.65,454.12,468.71,490.49,418.53,544.39,379.46,508.02
443.62,446.86,479.66,486.76,425.44,535.73,389.4,495.83
445.77,442.87,483.46,485.26,428.59,534.03,390.9,491.64
436.01,442.01,478,485.36,426.46,535.27,384.47,491.91
411.45,446.58,467.03,479.34,432.68,537.62,377.11,504.87
386.5,456.54,452.25,474.12,435.57,536.55,369.81,518.97
389.41,459.76,449.34,496.12,422.17,540.91,362.24,504.55
382.75,475.28,441.37,509.03,424.88,537.66,366.27,503.92
355,495,435,495,435,548,355,548
385,497,451,497,451,547,385,547
420.64,514.18,443.54,483.27,476.06,507.36,453.15,538.27
527.79,463.56,544.46,496.57,466.78,535.79,450.11,502.78
517.08,477.82,609.43,464.83,614.89,503.63,522.53,516.62
584.19,467.08,677.62,452.27,683.75,490.97,590.32,505.78
650.49,458.44,745.71,440.51,752.23,475.12,657.01,493.05
714.49,447.16,810.82,424.45,817.92,454.58,721.6,477.29
782.49,430.22,870.14,409.62,877.56,441.2,789.91,461.8
847.13,418.4,937.87,389.8,947.53,420.44,856.79,449.05
915.11,398.47,1002.9,381.86,1008.8,413.33,921.06,429.94
977.39,387.62,1063.8,373.75,1069.2,407.46,982.81,421.33
1034.7,388.32,1117.3,361.87,1127,392.25,1044.4,418.7
1089.7,379.85,1172.5,355.83,1180.3,382.88,1097.6,406.89
1143.2,370.49,1227.5,346.51,1235.6,374.91,1151.3,398.88
1197,358.86,1279.7,339.5,1286.2,367.04,1203.4,386.39
1246.8,348.26,1330.7,329.62,1336.8,357.05,1252.9,375.68
1297.4,339.42,1376.7,323.54,1382.1,350.41,1302.8,366.29
1344.8,333.51,1423,313.23,1430.1,340.64,1351.9,360.92
1387.9,325.2,1462.9,304.03,1469.8,328.54,1394.9,349.71
1498.2,292.3,1507.4,315.63,1432.1,345.08,1423,321.74
1462.4,308.59,1538.1,288.92,1544.2,312.3,1468.4,331.97
1497.5,304.29,1563.5,281.1,1571.9,305.03,1505.9,328.22
1551.5,286.23,1559.5,308.43,1495.5,331.46,1487.5,309.26
1493.9,294.95,1547.3,296.88,1546.2,327.13,1492.8,325.2
1568.1,281.92,1583.1,304.67,1527.6,341.12,1512.6,318.38
1588,302.13,1592.6,315.83,1541,333,1536.4,319.3
1553.5,314.8,1616.6,318.31,1615.5,338.53,1552.3,335.02
1558.9,315.66,1633.3,319.8,1631.1,359.95,1556.7,355.82
1600.3,305.94,1650.5,343.18,1618.6,386.24,1568.4,349
1589.3,321.72,1652.6,323.93,1650.7,378.52,1587.4,376.31
1584.2,346.84,1625.4,306.34,1668.9,350.58,1627.7,391.07
1633.2,299.2,1675.4,341.76,1630.3,386.55,1588.1,344
1603,305,1662,305,1662,364,1603,364
1624.2,290.74,1668.5,316.46,1639.4,366.71,1595,340.99
1627.1,279.65,1667.8,308.02,1632.4,358.84,1591.7,330.46
1639.8,274.45,1668.4,307.16,1619,350.34,1590.4,317.63
1640.4,271.31,1667.5,303.77,1619,344.18,1591.9,311.72
1600.9,281.72,1662.9,284.72,1661,322.86,1599,319.86
1592.1,283.43,1655.7,270.5,1661.9,300.91,1598.3,313.84
1591.8,272.39,1656.8,272.38,1656.8,297.22,1591.8,297.23
1592.1,261.83,1654.7,269.5,1651.9,292.16,1589.3,284.49
1590.5,254.59,1649.4,255.56,1649,278.7,1590.1,277.73
1593.8,245.06,1653.2,253.3,1649.7,278.07,1590.4,269.83
1596.4,235.71,1653.8,251.22,1647.9,273.13,1590.5,257.62
1587.1,246.24,1594.6,227.6,1651.1,250.37,1643.6,269.01
1583,240.68,1591.7,222.33,1646.6,248.33,1637.9,266.68
1578.7,235.53,1587.1,217.73,1641,243.3,1632.6,261.1
1575.2,232.44,1586.4,211.28,1637.3,238.3,1626,259.46
1568.7,227.67,1583.5,204.29,1634.3,236.56,1619.5,259.94
1563.4,224.08,1584.9,197.2,1630.7,233.82,1609.3,260.69
1557.6,217.58,1592.5,187.04,1626.1,225.41,1591.2,255.95
1561.4,213.03,1606.3,190.89,1623.5,225.84,1578.6,247.98
1557.7,212.15,1605.4,188.9,1621,220.85,1573.3,244.09
1553.3,212.46,1600.9,186.53,1616.7,215.58,1569.2,241.51
1551.6,210.16,1597.8,189.42,1609.8,216.13,1563.6,236.86
1551.8,199.28,1601.2,208.63,1591.9,257.58,1542.5,248.23
1538.6,211.84,1590.6,202.93,1599.7,255.8,1547.7,264.71
1528.1,209.04,1578.8,209.04,1578.8,236.28,1528.1,236.29
1506.9,199.49,1565.9,220.83,1554.5,252.32,1495.5,230.97
1452.6,193.69,1532.3,204.31,1525.7,253.43,1446.1,242.81
1386.3,217.81,1462.2,206.64,1469.9,258.69,1394,269.86
1332.3,228.76,1407,226.36,1408.6,276.08,1334,278.49
1276.7,240.35,1351.7,234.6,1355.6,286.34,1280.7,292.09
1229.1,245.69,1305.5,253.88,1300.1,303.78,1223.7,295.59
1174,259.2,1251.2,260.99,1250,313.15,1172.8,311.36
1120.3,281.27,1192.7,261,1207.7,314.57,1135.3,334.85
1074.9,284.58,1154.6,281.52,1156.5,333.13,1076.9,336.2
1029.8,292.89,1107.6,292.38,1107.9,344.86,1030.2,345.37
977.65,304.05,1059.6,303.8,1059.8,356.94,977.82,357.2
927.67,325.56,1005.9,310.12,1016.4,363.05,938.11,378.49
887.51,330.29,968.47,331.4,967.68,388.56,886.73,387.45
840,347,921,347,921,404,840,404
783.75,380.52,852.94,346.59,879.84,401.42,810.64,435.36
742.22,378.03,830.15,383.65,826.47,441.11,738.54,435.49
687.02,412.14,772.41,385.41,790.16,442.12,704.78,468.85
642.57,426.31,732.26,411.34,741.83,468.69,652.14,483.66
599.5,452.87,678.42,417.95,703.99,475.74,625.07,510.66
560.06,462.37,644.82,446.62,655.86,506.04,571.11,521.79
509.93,492.2,592.34,460.99,614.36,519.17,531.96,550.37
461.35,512.98,550.51,484.13,569.54,542.93,480.38,571.78
439.71,514.69,518.13,518.34,515.03,584.82,436.61,581.17
432,514,512,514,512,574,432,574
411.62,532.02,462.28,493.37,512.42,559.07,461.77,597.73
404.11,548.46,453.85,498.32,508.39,552.41,458.65,602.56
405.59,551.31,453.36,514.87,499.57,575.45,451.8,611.89
400.9,561.62,445.78,525.58,495.73,587.78,450.84,623.82
409.51,557.03,458.53,540.65,483.04,613.99,434.03,630.38
419.86,555.72,464.81,552.91,469.56,628.97,424.61,631.77
426.68,556.33,465.36,557.54,463,632.84,424.32,631.64
431.4,554.89,458.29,557.61,450.71,632.72,423.82,630
429.18,553.27,450.17,555.22,443.1,631.22,422.11,629.27
425.26,554.1,447.28,557.09,437.1,631.95,415.08,628.96
424.21,551.87,450.77,558.86,431.15,633.47,404.59,626.49
426.23,545.69,459.61,557.3,434.63,629.16,401.25,617.55
427.74,541.2,467.89,557.22,441,624.59,400.86,608.57
429.65,537.11,477.33,552.25,456.05,619.27,408.37,604.14
426.78,527.76,488.32,545.28,469.9,610,408.36,592.48
426.7,530.91,487.48,537.56,481.01,596.64,420.24,589.99
428.33,528.42,492.85,535.36,486.38,595.62,421.85,588.69
434.16,525.44,495.14,544.61,476.8,602.95,415.82,583.78
438.36,528.45,493.13,555.33,468.88,604.74,414.11,577.86
443.2,526.32,495.92,561.57,466.7,605.28,413.98,570.04
451.63,525.27,493.49,563.33,453.06,607.79,411.2,569.74
458.51,525.15,491.27,559.89,441.32,606.98,408.57,572.24
464.16,529.77,489.82,561.03,436.14,605.09,410.48,573.83
466.16,527.27,490.25,555.56,434.98,602.64,410.88,574.36
468.91,523.96,492.44,548.16,439.17,599.94,415.64,575.73
471.44,523.69,492.68,548.89,436.7,596.07,415.46,570.87
473.86,525.41,492.48,545.39,438.1,596.06,419.48,576.08
410.33,511.67,484.67,511.67,484.67,579.67,410.33,579.67
412.67,509.33,480.33,509.33,480.33,572.33,412.67,572.33
415,507,476,507,476,565,415,565
404,508,469,508,469,581,404,581
404,507.5,469,507.5,469,579.5,404,579.5
404,507,469,507,469,578,404,578
410.5,509,478,509,478,574.5,410.5,574.5
417,511,487,511,487,571,417,571
429.5,491,514,491,514,552,429.5,552
442,471,541,471,541,533,442,533
568.68,443.81,585.08,477.8,502.2,517.8,485.79,483.81
560.33,451.77,655.4,429.93,663.92,467.01,568.85,488.85
635.7,434.26,739.68,413.47,747.49,452.55,643.51,473.34
710.99,421.75,814.72,402.87,821.84,442.04,718.11,460.92
796.92,406.3,889.94,396.5,894.28,437.72,801.27,447.52
868.15,399.4,959.45,388.85,963.75,426.04,872.45,436.59
940.95,389.58,1034.4,378.8,1038.6,415.77,945.22,426.55
1006.5,381.82,1102.2,368.16,1107.5,405.23,1011.8,418.88
1079,371.25,1170.1,359.86,1174.5,395.18,1083.4,406.57
1149,360.14,1247.2,351.73,1250.4,389.05,1152.2,397.47
1216.7,354.63,1303.3,345.97,1306.9,382.31,1220.3,390.97
1269.8,353.44,1366.4,333.37,1373.4,366.78,1276.8,386.85
1336.4,334.75,1424.8,324.96,1428.8,360.61,1340.3,370.4
1399.3,320.64,1484,319.97,1484.2,354.3,1399.6,354.97
1455,316.31,1539.9,306.77,1543.4,338.47,1458.6,348
1507.3,307.56,1593.6,294.5,1598.6,327.96,1512.4,341.02
1560.6,293.77,1647.6,288.34,1649.7,322.08,1562.7,327.52
1592.4,299.65,1672.2,279.71,1678.6,305.35,1598.8,325.29
1596.2,302.09,1670.7,277.92,1679.9,306.19,1605.4,330.36
1662.8,269.98,1675.3,287.45,1613.7,331.21,1601.3,313.73
1675.2,276.29,1680.1,287.73,1612.8,316.82,1607.9,305.39
1678,269.17,1683.3,284.94,1624.8,304.39,1619.6,288.62
1626.1,275.46,1679.9,269.84,1681.4,283.57,1627.5,289.19
1613,283.72,1678.7,273.46,1680.7,286.58,1615.1,296.83
1608.2,286.84,1666.1,285.9,1666.2,295.75,1608.3,296.7
1601.8,286.15,1654.5,288.2,1654.2,297.85,1601.4,295.8
1591,289.28,1645.5,292.47,1645.1,300.88,1590.5,297.68
1591,282,1635,282,1635,296,1591,296
1584,275.18,1627.8,277.75,1626.9,292.64,1583.1,290.07
1576.8,272.22,1625.3,279.89,1623.3,292.68,1574.7,285.01
1570,267.5,1613.8,271.88,1611.5,294.85,1567.7,290.47
1563.4,266.18,1600.8,275.15,1596.7,292.44,1559.2,283.46
1558,263.66,1592,271.21,1589,284.45,1555,276.89
1551.7,259.83,1592.7,266.4,1590,283.52,1548.9,276.95
1545.7,269.8,1550.6,253.38,1611.5,271.69,1606.6,288.11
1548.6,248.32,1609.8,253.8,1607.5,280.05,1546.2,274.57
1550.4,232.35,1612.3,244.86,1606.1,275.86,1544.1,263.35
1542.8,245.51,1568.8,213.07,1614.5,249.63,1588.5,282.08
1541.2,244.64,1572.4,207.2,1617.9,245.14,1586.7,282.58
1553.1,218.07,1613.7,221.63,1610.7,271.81,1550.2,268.24
1549.1,225.22,1610.1,225.4,1609.9,272.2,1549,272.02
1540.5,248.31,1590.8,219.88,1610.5,254.73,1560.2,283.16
1536.8,254.13,1586.4,227.74,1602,257.05,1552.4,283.44
1522.3,238.33,1605.7,238.33,1605.7,308.33,1522.3,308.33
1514,246,1597,246,1597,312,1514,312
1498.5,254.5,1580,254.5,1580,316.5,1498.5,316.5
1483,263,1563,263,1563,321,1483,321
1470.9,273.51,1542.1,279.19,1539.6,311.25,1468.4,305.57
1413,278,1488,278,1488,324,1413,324
1366,286.27,1444.8,302.07,1435.7,347.38,1356.9,331.58
1306.1,312.65,1382.5,299.39,1390.6,345.65,1314.2,358.92
1258.4,315.1,1335.7,316.86,1334.6,364.37,1257.3,362.61
1208.5,323.89,1286.8,329.84,1283.3,375.15,1205.1,369.21
1158.7,339.47,1234.2,331.72,1239.5,382.72,1163.9,390.47
1113.8,347.76,1193.5,343.77,1195.9,391.5,1116.2,395.49
1068,356.21,1152,356.29,1152,403.07,1068,402.98
1018.3,372.73,1099.4,359.3,1107.4,407.81,1026.4,421.24
973.62,375,1061.2,380.49,1058.4,423.99,970.89,418.5
931.4,383.31,1015.1,392.86,1009.9,438.27,926.22,428.71
885.84,399.54,965.15,394.26,968.27,441.05,888.96,446.34
843.45,403.03,929.61,411.89,925.14,455.36,838.98,446.5
798,420.53,877.2,409.97,883.69,458.71,804.5,469.27
752.32,425.2,840.09,425.46,839.95,473.18,752.18,472.93
709.55,436.35,800.08,436.59,799.96,481.69,709.43,481.46
668.49,447.67,755.28,444.96,756.77,492.6,669.98,495.31
631.9,451.39,718.3,457.29,715.26,501.69,628.87,495.78
596.77,457.44,680.41,463.78,676.9,510.05,593.26,503.7
559.12,469.89,641.84,463.87,645.44,513.29,562.71,519.32
522.8,471.9,607.52,483.28,601.36,529.11,516.64,517.72
482.54,484.96,568.33,489.53,565.94,534.29,480.15,529.72
448.46,494.93,529.16,494.13,529.61,538.75,448.9,539.55
417.48,497.59,504.65,502.61,502.18,545.6,415,540.58
383.2,503.13,472.15,503.64,471.91,545.37,382.96,544.86
354.14,501.9,445.58,508.92,442.12,553.93,350.68,546.9
325,508,415,508,415,552,325,552
312.74,494.7,399.55,510.45,391.09,557.09,304.27,541.33
307,498,390,498,390,549,307,549
291.9,516.39,327.85,472.3,389.44,522.52,353.49,566.61
306.3,482.51,381.83,511.94,364.48,556.44,288.96,527.01
294.12,490.12,370.65,510.93,359.61,551.53,283.08,530.73
281.94,504.66,306.68,478.63,363.8,532.9,339.06,558.93
281.1,510.06,302.01,486.91,361.47,540.62,340.56,563.77
289.32,510.83,302.83,498.54,353.5,554.28,339.98,566.56
281,502,355,502,355,576,281,576
285,506.25,357.75,506.25,357.75,582,285,582
289,510.5,360.5,510.5,360.5,588,289,588
296.81,522.64,331.16,516.67,344.47,593.22,310.12,599.2
298.27,523.47,341.8,518.74,350.54,599.2,307.01,603.93
299.17,533.08,350.31,532.2,351.62,607.61,300.48,608.5
315.61,538.84,369.07,563.43,341.32,623.77,287.86,599.18
311.46,553.52,366.93,575.57,349.15,620.28,293.69,598.23
311.13,572.42,365.54,594.23,355.51,619.27,301.1,597.46
306,577,369.5,577,369.5,624,306,624
322.64,586.21,329.64,573.08,379.99,599.93,372.99,613.06
347.8,587.35,360.8,567.52,405.82,597.02,392.82,616.85
360.78,580.23,432.78,557.01,446.41,599.26,374.41,622.48
411.94,569.9,503.06,537.05,516.03,573.01,424.91,605.86
488.47,550.58,581.44,530.73,589.49,568.46,496.52,588.3
563.56,536.76,663.51,527.84,667.09,567.98,567.14,576.89
639.11,526.64,734.74,520.47,737.56,564.13,641.92,570.3
708.89,518.57,808.36,514.25,810.29,558.64,710.82,562.96
783.43,515.19,880.74,510.07,882.94,551.9,785.63,557.02
852.74,510.54,947.23,504.99,949.71,547.02,855.21,552.58
922.24,504.82,1013,500.71,1014.8,541.56,924.1,545.67
991.26,504.25,1078.9,498.09,1081.6,536.58,993.97,542.75
1053.7,501.14,1146.1,495.54,1148.5,535.03,1056.1,540.63
1119.1,493.25,1204.9,496.42,1203.4,537.3,1117.6,534.14
1177,498.93,1267.6,489.56,1271.5,527.26,1180.9,536.63
1238.2,492.38,1325.8,483.62,1329.7,522.83,1242.2,531.58
1298.1,486.34,1384,486.21,1384.1,523.95,1298.1,524.08
1356.8,483.29,1439.8,483.1,1439.9,519.93,1356.9,520.12
1410,483,1493,483,1493,517,1410,517
1460.1,479.13,1542.5,479.09,1542.6,515.04,1460.1,515.08
1504.5,479.55,1586.4,472.27,1589.6,507.73,1507.7,515.01
1553.6,478.07,1625.6,484.15,1623.4,510.24,1551.4,504.17
1558.4,493.12,1618.8,488.48,1620.3,507.75,1559.9,512.39
1600.2,488.9,1606.6,500.89,1568.8,521.28,1562.3,509.29
1559.3,497.18,1606.4,485.41,1609.5,497.88,1562.4,509.65
