0.091259
0.091259
0.091259
0.091259
0.091259
0.091259
0.091259
0.091259
0.091259
0.091259
0.091259
0.091259
0.091259
0.091259
0.091259
0.091259
0.091259
0.091259
0.091259
0.091259
0.091259
0.091259
0.091259
0.091259
0.091259
0.091259
0.091259
0.091259
0.091259
0.091259
0.091259
0.091259
0.091259
0.091259
0.091259
0.091259
0.091259
0.091259
0.091259
0.091259
0.091259
0.091259
0.091259
0.091259
0.091259
0.091259
0.091259
0.091259
0.091259
0.091259
0.091259
0.091259
0.091259
0.091259
0.091259
0.091259
0.091259
0.091259
0.091259
0.091259
0.091259
0.091259
0.091259
0.091259
0.091259
0.091259
0.091259
0.091259
0.091259
0.091259
0.091259
0.091259
0.091259
0.091259
0.091259
0.091259
