287.390,303.960,343.610,308.860,363.610,79.040,307.390,74.140
285.470,303.250,342.800,307.450,359.960,78.750,302.620,74.550
283.560,302.540,342.000,306.040,356.300,78.460,297.850,74.960
281.650,301.830,341.200,304.630,352.640,78.170,293.080,75.370
279.740,301.130,340.400,303.220,348.980,77.870,288.310,75.780
277.820,300.420,339.600,301.820,345.320,77.580,283.540,76.180
275.910,299.710,338.800,300.410,341.660,77.290,278.770,76.590
274.000,77.000,338.000,77.000,338.000,299.000,274.000,299.000
271.900,78.900,337.100,78.900,337.100,299.400,271.900,299.400
269.800,80.800,336.200,80.800,336.200,299.800,269.800,299.800
267.700,82.700,335.300,82.700,335.300,300.200,267.700,300.200
265.600,84.600,334.400,84.600,334.400,300.600,265.600,300.600
263.500,86.500,333.500,86.500,333.500,301.000,263.500,301.000
261.400,88.400,332.600,88.400,332.600,301.400,261.400,301.400
259.300,90.300,331.700,90.300,331.700,301.800,259.300,301.800
257.200,92.200,330.800,92.200,330.800,302.200,257.200,302.200
255.100,94.100,329.900,94.100,329.900,302.600,255.100,302.600
253.000,96.000,329.000,96.000,329.000,303.000,253.000,303.000
241.270,300.260,312.800,306.110,336.730,100.070,265.200,94.220
229.540,297.520,296.600,309.220,344.460,104.140,277.400,92.450
217.810,294.780,280.400,312.320,352.190,108.220,289.600,90.680
206.090,292.040,264.200,315.430,359.910,112.290,301.800,88.900
194.360,289.300,247.990,318.540,367.640,116.360,314.010,87.130
182.630,286.570,231.790,321.650,375.370,120.430,326.210,85.350
183.300,297.340,245.390,334.040,372.700,118.660,310.610,81.960
183.630,293.530,244.540,330.980,375.620,117.970,314.700,80.530
183.960,289.710,243.700,327.910,378.540,117.290,318.800,79.090
184.290,285.900,242.850,324.850,381.460,116.600,322.900,77.650
184.620,282.090,242.010,321.780,384.380,115.910,326.990,76.220
191.090,284.480,248.040,321.620,383.310,113.120,326.360,75.980
197.560,286.860,254.080,321.450,382.240,110.340,325.720,75.750
204.030,289.250,260.120,321.290,381.170,107.550,325.080,75.510
210.500,291.630,266.160,321.120,380.100,104.770,324.440,75.280
216.970,294.020,272.190,320.960,379.030,101.980,323.810,75.040
242.990,317.240,304.900,335.640,375.010,99.760,313.100,81.360
245.740,314.680,323.670,328.480,376.260,103.070,298.330,89.270
248.490,312.120,342.450,321.320,377.510,106.380,283.550,97.180
251.250,309.560,361.220,314.160,378.750,109.690,268.780,105.090
254.000,113.000,380.000,113.000,380.000,307.000,254.000,307.000
256.800,112.000,385.400,112.000,385.400,306.600,256.800,306.600
259.600,111.000,390.800,111.000,390.800,306.200,259.600,306.200
262.400,110.000,396.200,110.000,396.200,305.800,262.400,305.800
265.200,109.000,401.600,109.000,401.600,305.400,265.200,305.400
268.000,108.000,407.000,108.000,407.000,305.000,268.000,305.000
205.110,267.980,269.830,327.830,450.890,132.020,386.170,72.170
225.900,276.277,302.897,323.750,440.267,118.723,363.270,71.250
246.690,284.573,335.963,319.670,429.643,105.427,340.370,70.330
317.470,69.410,267.480,292.870,369.030,315.590,419.020,92.130
297.000,78.000,407.000,78.000,407.000,302.000,297.000,302.000
297.500,72.000,402.000,72.000,402.000,301.500,297.500,301.500
298.000,66.000,397.000,66.000,397.000,301.000,298.000,301.000
297.000,68.090,396.180,68.090,396.180,300.730,297.000,300.730
296.000,70.180,395.360,70.180,395.360,300.450,296.000,300.450
295.000,72.270,394.550,72.270,394.550,300.180,295.000,300.180
294.000,74.360,393.730,74.360,393.730,299.910,294.000,299.910
293.000,76.450,392.910,76.450,392.910,299.640,293.000,299.640
292.000,78.550,392.090,78.550,392.090,299.360,292.000,299.360
291.000,80.640,391.270,80.640,391.270,299.090,291.000,299.090
290.000,82.730,390.450,82.730,390.450,298.820,290.000,298.820
289.000,84.820,389.640,84.820,389.640,298.550,289.000,298.550
288.000,86.910,388.820,86.910,388.820,298.270,288.000,298.270
287.000,89.000,388.000,89.000,388.000,298.000,287.000,298.000
288.670,88.170,387.500,88.170,387.500,298.250,288.670,298.250
290.330,87.330,387.000,87.330,387.000,298.500,290.330,298.500
292.000,86.500,386.500,86.500,386.500,298.750,292.000,298.750
293.670,85.670,386.000,85.670,386.000,299.000,293.670,299.000
295.330,84.830,385.500,84.830,385.500,299.250,295.330,299.250
297.000,84.000,385.000,84.000,385.000,299.500,297.000,299.500
298.670,83.170,384.500,83.170,384.500,299.750,298.670,299.750
300.330,82.330,384.000,82.330,384.000,300.000,300.330,300.000
302.000,81.500,383.500,81.500,383.500,300.250,302.000,300.250
303.670,80.670,383.000,80.670,383.000,300.500,303.670,300.500
305.330,79.830,382.500,79.830,382.500,300.750,305.330,300.750
307.000,79.000,382.000,79.000,382.000,301.000,307.000,301.000
306.220,79.220,380.670,79.220,380.670,300.110,306.220,300.110
305.440,79.440,379.330,79.440,379.330,299.220,305.440,299.220
304.670,79.670,378.000,79.670,378.000,298.330,304.670,298.330
303.890,79.890,376.670,79.890,376.670,297.440,303.890,297.440
303.110,80.110,375.330,80.110,375.330,296.560,303.110,296.560
302.330,80.330,374.000,80.330,374.000,295.670,302.330,295.670
301.560,80.560,372.670,80.560,372.670,294.780,301.560,294.780
300.780,80.780,371.330,80.780,371.330,293.890,300.780,293.890
300.000,81.000,370.000,81.000,370.000,293.000,300.000,293.000
301.300,80.100,371.300,80.100,371.300,292.200,301.300,292.200
302.600,79.200,372.600,79.200,372.600,291.400,302.600,291.400
303.900,78.300,373.900,78.300,373.900,290.600,303.900,290.600
305.200,77.400,375.200,77.400,375.200,289.800,305.200,289.800
306.500,76.500,376.500,76.500,376.500,289.000,306.500,289.000
307.800,75.600,377.800,75.600,377.800,288.200,307.800,288.200
309.100,74.700,379.100,74.700,379.100,287.400,309.100,287.400
310.400,73.800,380.400,73.800,380.400,286.600,310.400,286.600
311.700,72.900,381.700,72.900,381.700,285.800,311.700,285.800
313.000,72.000,383.000,72.000,383.000,285.000,313.000,285.000
311.330,69.330,383.000,69.330,383.000,284.670,311.330,284.670
309.670,66.670,383.000,66.670,383.000,284.330,309.670,284.330
308.000,64.000,383.000,64.000,383.000,284.000,308.000,284.000
306.000,61.000,379.330,61.000,379.330,284.830,306.000,284.830
304.000,58.000,375.670,58.000,375.670,285.670,304.000,285.670
302.000,55.000,372.000,55.000,372.000,286.500,302.000,286.500
300.000,52.000,368.330,52.000,368.330,287.330,300.000,287.330
298.000,49.000,364.670,49.000,364.670,288.170,298.000,288.170
296.000,46.000,361.000,46.000,361.000,289.000,296.000,289.000
295.380,48.500,358.380,48.500,358.380,289.250,295.380,289.250
294.750,51.000,355.750,51.000,355.750,289.500,294.750,289.500
294.120,53.500,353.120,53.500,353.120,289.750,294.120,289.750
293.500,56.000,350.500,56.000,350.500,290.000,293.500,290.000
292.880,58.500,347.880,58.500,347.880,290.250,292.880,290.250
292.250,61.000,345.250,61.000,345.250,290.500,292.250,290.500
291.620,63.500,342.620,63.500,342.620,290.750,291.620,290.750
291.000,66.000,340.000,66.000,340.000,291.000,291.000,291.000
291.200,67.000,338.700,67.000,338.700,290.100,291.200,290.100
291.400,68.000,337.400,68.000,337.400,289.200,291.400,289.200
291.600,69.000,336.100,69.000,336.100,288.300,291.600,288.300
291.800,70.000,334.800,70.000,334.800,287.400,291.800,287.400
292.000,71.000,333.500,71.000,333.500,286.500,292.000,286.500
292.200,72.000,332.200,72.000,332.200,285.600,292.200,285.600
292.400,73.000,330.900,73.000,330.900,284.700,292.400,284.700
292.600,74.000,329.600,74.000,329.600,283.800,292.600,283.800
292.800,75.000,328.300,75.000,328.300,282.900,292.800,282.900
293.000,76.000,327.000,76.000,327.000,282.000,293.000,282.000
295.580,75.080,332.420,75.080,332.420,282.830,295.580,282.830
298.170,74.170,337.830,74.170,337.830,283.670,298.170,283.670
300.750,73.250,343.250,73.250,343.250,284.500,300.750,284.500
303.330,72.330,348.670,72.330,348.670,285.330,303.330,285.330
305.920,71.420,354.080,71.420,354.080,286.170,305.920,286.170
308.500,70.500,359.500,70.500,359.500,287.000,308.500,287.000
311.080,69.580,364.920,69.580,364.920,287.830,311.080,287.830
313.670,68.670,370.330,68.670,370.330,288.670,313.670,288.670
316.250,67.750,375.750,67.750,375.750,289.500,316.250,289.500
318.830,66.830,381.170,66.830,381.170,290.330,318.830,290.330
321.420,65.920,386.580,65.920,386.580,291.170,321.420,291.170
324.000,65.000,392.000,65.000,392.000,292.000,324.000,292.000
313.700,78.250,337.430,296.590,406.300,286.670,382.570,68.320
303.400,91.500,350.860,301.180,420.600,281.340,373.140,71.650
293.110,104.740,364.290,305.770,434.890,276.010,363.710,74.980
282.810,117.980,377.720,310.370,449.190,270.680,354.280,78.300
272.510,131.230,391.150,314.960,463.490,265.360,344.850,81.620
404.580,319.550,477.790,260.020,335.420,84.940,262.210,144.480
259.350,146.680,396.290,317.830,472.650,259.070,335.710,87.920
428.050,326.650,511.750,254.110,355.950,74.350,272.250,146.890
404.800,324.650,489.510,259.620,350.870,79.020,266.160,144.040
270.220,145.900,405.130,313.170,484.120,249.440,349.200,82.170
405.460,301.690,478.730,239.250,347.540,85.310,274.270,147.750
270.640,147.470,407.530,309.480,485.150,243.900,348.270,81.890
267.020,147.180,409.590,317.270,491.580,248.550,349.010,78.460
411.660,325.060,498.010,253.200,349.740,75.040,263.390,146.900
268.340,138.050,395.410,317.040,482.710,255.460,355.640,76.470
273.290,129.210,379.180,309.040,467.430,257.720,361.540,77.890
278.230,120.380,362.940,301.020,452.150,259.960,367.430,79.320
283.170,111.540,346.700,293.020,436.860,262.220,373.330,80.740
288.110,102.700,330.480,285.020,421.570,264.480,379.210,82.160
293.060,93.860,314.240,277.010,406.290,266.730,385.100,83.580
298.000,85.000,391.000,85.000,391.000,269.000,298.000,269.000
294.730,83.000,384.640,83.000,384.640,270.910,294.730,270.910
291.450,81.000,378.270,81.000,378.270,272.820,291.450,272.820
288.180,79.000,371.910,79.000,371.910,274.730,288.180,274.730
284.910,77.000,365.550,77.000,365.550,276.640,284.910,276.640
281.640,75.000,359.180,75.000,359.180,278.550,281.640,278.550
278.360,73.000,352.820,73.000,352.820,280.450,278.360,280.450
275.090,71.000,346.450,71.000,346.450,282.360,275.090,282.360
271.820,69.000,340.090,69.000,340.090,284.270,271.820,284.270
268.550,67.000,333.730,67.000,333.730,286.180,268.550,286.180
265.270,65.000,327.360,65.000,327.360,288.090,265.270,288.090
262.000,63.000,321.000,63.000,321.000,290.000,262.000,290.000
261.200,64.700,319.300,64.700,319.300,289.200,261.200,289.200
260.400,66.400,317.600,66.400,317.600,288.400,260.400,288.400
259.600,68.100,315.900,68.100,315.900,287.600,259.600,287.600
258.800,69.800,314.200,69.800,314.200,286.800,258.800,286.800
258.000,71.500,312.500,71.500,312.500,286.000,258.000,286.000
257.200,73.200,310.800,73.200,310.800,285.200,257.200,285.200
256.400,74.900,309.100,74.900,309.100,284.400,256.400,284.400
255.600,76.600,307.400,76.600,307.400,283.600,255.600,283.600
254.800,78.300,305.700,78.300,305.700,282.800,254.800,282.800
254.000,80.000,304.000,80.000,304.000,282.000,254.000,282.000
254.920,78.170,305.920,78.170,305.920,282.670,254.920,282.670
255.830,76.330,307.830,76.330,307.830,283.330,255.830,283.330
256.750,74.500,309.750,74.500,309.750,284.000,256.750,284.000
257.670,72.670,311.670,72.670,311.670,284.670,257.670,284.670
258.580,70.830,313.580,70.830,313.580,285.330,258.580,285.330
259.500,69.000,315.500,69.000,315.500,286.000,259.500,286.000
260.420,67.170,317.420,67.170,317.420,286.670,260.420,286.670
261.330,65.330,319.330,65.330,319.330,287.330,261.330,287.330
262.250,63.500,321.250,63.500,321.250,288.000,262.250,288.000
263.170,61.670,323.170,61.670,323.170,288.670,263.170,288.670
264.080,59.830,325.080,59.830,325.080,289.330,264.080,289.330
265.000,58.000,327.000,58.000,327.000,290.000,265.000,290.000
266.620,59.750,330.120,59.750,330.120,291.060,266.620,291.060
268.250,61.500,333.250,61.500,333.250,292.120,268.250,292.120
269.880,63.250,336.380,63.250,336.380,293.190,269.880,293.190
271.500,65.000,339.500,65.000,339.500,294.250,271.500,294.250
273.120,66.750,342.620,66.750,342.620,295.310,273.120,295.310
274.750,68.500,345.750,68.500,345.750,296.380,274.750,296.380
276.380,70.250,348.880,70.250,348.880,297.440,276.380,297.440
278.000,72.000,352.000,72.000,352.000,298.500,278.000,298.500
279.620,73.750,355.120,73.750,355.120,299.560,279.620,299.560
281.250,75.500,358.250,75.500,358.250,300.620,281.250,300.620
282.880,77.250,361.380,77.250,361.380,301.690,282.880,301.690
284.500,79.000,364.500,79.000,364.500,302.750,284.500,302.750
286.120,80.750,367.620,80.750,367.620,303.810,286.120,303.810
287.750,82.500,370.750,82.500,370.750,304.880,287.750,304.880
289.380,84.250,373.880,84.250,373.880,305.940,289.380,305.940
291.000,86.000,377.000,86.000,377.000,307.000,291.000,307.000
290.330,80.000,374.000,80.000,374.000,305.670,290.330,305.670
289.670,74.000,371.000,74.000,371.000,304.330,289.670,304.330
289.000,68.000,368.000,68.000,368.000,303.000,289.000,303.000
288.330,66.170,365.670,66.170,365.670,303.000,288.330,303.000
287.670,64.330,363.330,64.330,363.330,303.000,287.670,303.000
287.000,62.500,361.000,62.500,361.000,303.000,287.000,303.000
286.330,60.670,358.670,60.670,358.670,303.000,286.330,303.000
285.670,58.830,356.330,58.830,356.330,303.000,285.670,303.000
285.000,57.000,354.000,57.000,354.000,303.000,285.000,303.000
284.000,58.000,351.400,58.000,351.400,301.800,284.000,301.800
283.000,59.000,348.800,59.000,348.800,300.600,283.000,300.600
282.000,60.000,346.200,60.000,346.200,299.400,282.000,299.400
281.000,61.000,343.600,61.000,343.600,298.200,281.000,298.200
280.000,62.000,341.000,62.000,341.000,297.000,280.000,297.000
280.220,61.440,343.000,61.440,343.000,296.220,280.220,296.220
280.440,60.890,345.000,60.890,345.000,295.440,280.440,295.440
280.670,60.330,347.000,60.330,347.000,294.670,280.670,294.670
280.890,59.780,349.000,59.780,349.000,293.890,280.890,293.890
281.110,59.220,351.000,59.220,351.000,293.110,281.110,293.110
281.330,58.670,353.000,58.670,353.000,292.330,281.330,292.330
281.560,58.110,355.000,58.110,355.000,291.560,281.560,291.560
281.780,57.560,357.000,57.560,357.000,290.780,281.780,290.780
282.000,57.000,359.000,57.000,359.000,290.000,282.000,290.000
284.500,59.380,360.250,59.380,360.250,289.620,284.500,289.620
287.000,61.750,361.500,61.750,361.500,289.250,287.000,289.250
289.500,64.120,362.750,64.120,362.750,288.880,289.500,288.880
292.000,66.500,364.000,66.500,364.000,288.500,292.000,288.500
294.500,68.880,365.250,68.880,365.250,288.120,294.500,288.120
297.000,71.250,366.500,71.250,366.500,287.750,297.000,287.750
299.500,73.620,367.750,73.620,367.750,287.380,299.500,287.380
302.000,76.000,369.000,76.000,369.000,287.000,302.000,287.000
304.330,74.170,371.000,74.170,371.000,286.080,304.330,286.080
306.670,72.330,373.000,72.330,373.000,285.170,306.670,285.170
309.000,70.500,375.000,70.500,375.000,284.250,309.000,284.250
311.330,68.670,377.000,68.670,377.000,283.330,311.330,283.330
313.670,66.830,379.000,66.830,379.000,282.420,313.670,282.420
316.000,65.000,381.000,65.000,381.000,281.500,316.000,281.500
318.330,63.170,383.000,63.170,383.000,280.580,318.330,280.580
320.670,61.330,385.000,61.330,385.000,279.670,320.670,279.670
323.000,59.500,387.000,59.500,387.000,278.750,323.000,278.750
325.330,57.670,389.000,57.670,389.000,277.830,325.330,277.830
327.670,55.830,391.000,55.830,391.000,276.920,327.670,276.920
330.000,54.000,393.000,54.000,393.000,276.000,330.000,276.000
330.750,55.000,392.750,55.000,392.750,274.920,330.750,274.920
331.500,56.000,392.500,56.000,392.500,273.830,331.500,273.830
332.250,57.000,392.250,57.000,392.250,272.750,332.250,272.750
333.000,58.000,392.000,58.000,392.000,271.670,333.000,271.670
333.750,59.000,391.750,59.000,391.750,270.580,333.750,270.580
334.500,60.000,391.500,60.000,391.500,269.500,334.500,269.500
335.250,61.000,391.250,61.000,391.250,268.420,335.250,268.420
336.000,62.000,391.000,62.000,391.000,267.330,336.000,267.330
336.750,63.000,390.750,63.000,390.750,266.250,336.750,266.250
337.500,64.000,390.500,64.000,390.500,265.170,337.500,265.170
338.250,65.000,390.250,65.000,390.250,264.080,338.250,264.080
339.000,66.000,390.000,66.000,390.000,263.000,339.000,263.000
338.330,66.100,389.520,66.100,389.520,262.670,338.330,262.670
337.670,66.190,389.050,66.190,389.050,262.330,337.670,262.330
337.000,66.290,388.570,66.290,388.570,262.000,337.000,262.000
336.330,66.380,388.100,66.380,388.100,261.670,336.330,261.670
335.670,66.480,387.620,66.480,387.620,261.330,335.670,261.330
335.000,66.570,387.140,66.570,387.140,261.000,335.000,261.000
334.330,66.670,386.670,66.670,386.670,260.670,334.330,260.670
333.670,66.760,386.190,66.760,386.190,260.330,333.670,260.330
333.000,66.860,385.710,66.860,385.710,260.000,333.000,260.000
332.330,66.950,385.240,66.950,385.240,259.670,332.330,259.670
331.670,67.050,384.760,67.050,384.760,259.330,331.670,259.330
331.000,67.140,384.290,67.140,384.290,259.000,331.000,259.000
330.330,67.240,383.810,67.240,383.810,258.670,330.330,258.670
329.670,67.330,383.330,67.330,383.330,258.330,329.670,258.330
329.000,67.430,382.860,67.430,382.860,258.000,329.000,258.000
328.330,67.520,382.380,67.520,382.380,257.670,328.330,257.670
327.670,67.620,381.900,67.620,381.900,257.330,327.670,257.330
327.000,67.710,381.430,67.710,381.430,257.000,327.000,257.000
326.330,67.810,380.950,67.810,380.950,256.670,326.330,256.670
325.670,67.900,380.480,67.900,380.480,256.330,325.670,256.330
325.000,68.000,380.000,68.000,380.000,256.000,325.000,256.000
324.800,68.300,379.000,68.300,379.000,255.200,324.800,255.200
324.600,68.600,378.000,68.600,378.000,254.400,324.600,254.400
324.400,68.900,377.000,68.900,377.000,253.600,324.400,253.600
324.200,69.200,376.000,69.200,376.000,252.800,324.200,252.800
324.000,69.500,375.000,69.500,375.000,252.000,324.000,252.000
323.800,69.800,374.000,69.800,374.000,251.200,323.800,251.200
323.600,70.100,373.000,70.100,373.000,250.400,323.600,250.400
323.400,70.400,372.000,70.400,372.000,249.600,323.400,249.600
323.200,70.700,371.000,70.700,371.000,248.800,323.200,248.800
323.000,71.000,370.000,71.000,370.000,248.000,323.000,248.000
319.860,71.140,366.140,71.140,366.140,247.140,319.860,247.140
316.710,71.290,362.290,71.290,362.290,246.290,316.710,246.290
313.570,71.430,358.430,71.430,358.430,245.430,313.570,245.430
310.430,71.570,354.570,71.570,354.570,244.570,310.430,244.570
307.290,71.710,350.710,71.710,350.710,243.710,307.290,243.710
304.140,71.860,346.860,71.860,346.860,242.860,304.140,242.860
301.000,72.000,343.000,72.000,343.000,242.000,301.000,242.000
297.890,71.780,342.110,71.780,342.110,241.780,297.890,241.780
294.780,71.560,341.220,71.560,341.220,241.560,294.780,241.560
291.670,71.330,340.330,71.330,340.330,241.330,291.670,241.330
288.560,71.110,339.440,71.110,339.440,241.110,288.560,241.110
285.440,70.890,338.560,70.890,338.560,240.890,285.440,240.890
282.330,70.670,337.670,70.670,337.670,240.670,282.330,240.670
279.220,70.440,336.780,70.440,336.780,240.440,279.220,240.440
276.110,70.220,335.890,70.220,335.890,240.220,276.110,240.220
273.000,70.000,335.000,70.000,335.000,240.000,273.000,240.000
273.170,69.170,334.500,69.170,334.500,239.670,273.170,239.670
273.330,68.330,334.000,68.330,334.000,239.330,273.330,239.330
273.500,67.500,333.500,67.500,333.500,239.000,273.500,239.000
273.670,66.670,333.000,66.670,333.000,238.670,273.670,238.670
273.830,65.830,332.500,65.830,332.500,238.330,273.830,238.330
274.000,65.000,332.000,65.000,332.000,238.000,274.000,238.000
274.170,64.170,331.500,64.170,331.500,237.670,274.170,237.670
274.330,63.330,331.000,63.330,331.000,237.330,274.330,237.330
274.500,62.500,330.500,62.500,330.500,237.000,274.500,237.000
274.670,61.670,330.000,61.670,330.000,236.670,274.670,236.670
274.830,60.830,329.500,60.830,329.500,236.330,274.830,236.330
275.000,60.000,329.000,60.000,329.000,236.000,275.000,236.000
274.920,61.670,329.750,61.670,329.750,236.580,274.920,236.580
274.830,63.330,330.500,63.330,330.500,237.170,274.830,237.170
274.750,65.000,331.250,65.000,331.250,237.750,274.750,237.750
274.670,66.670,332.000,66.670,332.000,238.330,274.670,238.330
274.580,68.330,332.750,68.330,332.750,238.920,274.580,238.920
274.500,70.000,333.500,70.000,333.500,239.500,274.500,239.500
274.420,71.670,334.250,71.670,334.250,240.080,274.420,240.080
274.641,239.229,333.888,240.315,337.166,72.948,277.919,71.862
274.863,238.378,333.527,240.549,340.081,74.225,281.417,72.054
275.084,237.527,333.165,240.784,342.997,75.503,284.916,72.246
275.306,236.676,332.804,241.018,345.912,76.780,288.415,72.437
275.527,235.825,332.442,241.253,348.828,78.058,291.913,72.629
275.749,234.973,332.081,241.488,351.744,79.335,295.412,72.821
275.970,234.122,331.719,241.722,354.659,80.613,298.910,73.013
276.192,233.271,331.357,241.957,357.575,81.891,302.409,73.205
276.413,232.420,330.996,242.191,360.490,83.168,305.908,73.397
276.635,231.569,330.634,242.426,363.406,84.446,309.406,73.589
276.856,230.718,330.273,242.661,366.322,85.723,312.905,73.781
277.078,229.867,329.911,242.895,369.237,87.001,316.404,73.972
277.299,229.016,329.550,243.130,372.153,88.278,319.902,74.164
277.520,228.165,329.188,243.364,375.068,89.556,323.401,74.356
277.742,227.314,328.826,243.599,377.984,90.833,326.900,74.548
277.963,226.462,328.465,243.834,380.900,92.111,330.398,74.740
278.185,225.611,328.103,244.068,383.815,93.389,333.897,74.932
281.366,226.550,330.793,243.161,380.934,92.150,331.507,75.539
284.548,227.489,333.483,242.255,378.052,90.911,329.117,76.145
287.729,228.428,336.172,241.348,375.171,89.672,326.728,76.752
290.911,229.367,338.862,240.441,372.289,88.433,324.338,77.359
294.092,230.306,341.552,239.534,369.408,87.194,321.948,77.966
297.274,231.245,344.241,238.627,366.526,85.955,319.559,78.573
300.455,232.183,346.931,237.720,363.645,84.717,317.169,79.180
303.637,233.122,349.621,236.814,360.763,83.478,314.779,79.786
306.818,234.061,352.310,235.907,357.882,82.239,312.390,80.393
310.000,235.000,355.000,235.000,355.000,81.000,310.000,81.000
291.000,85.000,358.000,85.000,358.000,235.000,291.000,235.000
288.250,85.000,354.750,85.000,354.750,235.500,288.250,235.500
285.500,85.000,351.500,85.000,351.500,236.000,285.500,236.000
282.750,85.000,348.250,85.000,348.250,236.500,282.750,236.500
280.000,85.000,345.000,85.000,345.000,237.000,280.000,237.000
280.180,85.180,344.640,85.180,344.640,237.640,280.180,237.640
280.360,85.360,344.270,85.360,344.270,238.270,280.360,238.270
280.550,85.550,343.910,85.550,343.910,238.910,280.550,238.910
280.730,85.730,343.550,85.730,343.550,239.550,280.730,239.550
280.910,85.910,343.180,85.910,343.180,240.180,280.910,240.180
281.090,86.090,342.820,86.090,342.820,240.820,281.090,240.820
281.270,86.270,342.450,86.270,342.450,241.450,281.270,241.450
281.450,86.450,342.090,86.450,342.090,242.090,281.450,242.090
281.640,86.640,341.730,86.640,341.730,242.730,281.640,242.730
281.820,86.820,341.360,86.820,341.360,243.360,281.820,243.360
282.000,87.000,341.000,87.000,341.000,244.000,282.000,244.000
280.000,87.000,340.000,87.000,340.000,244.200,280.000,244.200
278.000,87.000,339.000,87.000,339.000,244.400,278.000,244.400
276.000,87.000,338.000,87.000,338.000,244.600,276.000,244.600
274.000,87.000,337.000,87.000,337.000,244.800,274.000,244.800
272.000,87.000,336.000,87.000,336.000,245.000,272.000,245.000
274.000,87.330,336.780,87.330,336.780,246.110,274.000,246.110
276.000,87.670,337.560,87.670,337.560,247.220,276.000,247.220
278.000,88.000,338.330,88.000,338.330,248.330,278.000,248.330
280.000,88.330,339.110,88.330,339.110,249.440,280.000,249.440
282.000,88.670,339.890,88.670,339.890,250.560,282.000,250.560
284.000,89.000,340.670,89.000,340.670,251.670,284.000,251.670
286.000,89.330,341.440,89.330,341.440,252.780,286.000,252.780
288.000,89.670,342.220,89.670,342.220,253.890,288.000,253.890
290.000,90.000,343.000,90.000,343.000,255.000,290.000,255.000
292.000,92.300,347.300,92.300,347.300,255.600,292.000,255.600
295.714,255.229,351.829,255.229,351.829,94.686,295.714,94.686
299.429,254.857,356.357,254.857,356.357,97.071,299.429,97.071
303.143,254.486,360.886,254.486,360.886,99.457,303.143,99.457
306.857,254.114,365.414,254.114,365.414,101.843,306.857,101.843
310.571,253.743,369.943,253.743,369.943,104.229,310.571,104.229
314.286,253.371,374.471,253.371,374.471,106.614,314.286,106.614
318.000,253.000,379.000,253.000,379.000,109.000,318.000,109.000
318.610,111.487,322.815,253.948,383.501,252.068,379.296,109.608
319.220,113.974,327.631,254.896,388.002,251.137,379.592,110.215
319.830,116.462,332.446,255.844,392.503,250.205,379.887,110.823
320.440,118.949,337.261,256.792,397.004,249.273,380.183,111.430
321.050,121.436,342.077,257.740,401.505,248.342,380.479,112.038
321.660,123.923,346.892,258.688,406.006,247.410,380.775,112.646
322.270,126.411,351.707,259.636,410.508,246.478,381.070,113.253
322.880,128.898,356.523,260.584,415.009,245.547,381.366,113.861
361.338,261.532,419.510,244.615,381.662,114.468,323.490,131.385
324.883,130.287,359.784,261.573,418.260,245.998,383.359,114.713
326.275,129.190,358.230,261.614,417.011,247.382,385.056,114.958
327.667,128.092,356.676,261.654,415.761,248.765,386.753,115.203
329.060,126.995,355.121,261.695,414.512,250.148,388.450,115.448
330.452,125.897,353.567,261.736,413.262,251.532,390.147,115.692
331.844,124.799,352.013,261.777,412.013,252.915,391.844,115.937
350.459,261.818,410.763,254.298,393.541,116.182,333.237,123.702
333.770,112.690,397.460,112.690,397.460,264.080,333.770,264.080
332.460,112.620,394.080,112.620,394.080,263.850,332.460,263.850
331.150,112.540,390.690,112.540,390.690,263.620,331.150,263.620
329.850,112.460,387.310,112.460,387.310,263.380,329.850,263.380
328.540,112.380,383.920,112.380,383.920,263.150,328.540,263.150
327.230,112.310,380.540,112.310,380.540,262.920,327.230,262.920
325.920,112.230,377.150,112.230,377.150,262.690,325.920,262.690
324.620,112.150,373.770,112.150,373.770,262.460,324.620,262.460
323.310,112.080,370.380,112.080,370.380,262.230,323.310,262.230
322.000,112.000,367.000,112.000,367.000,262.000,322.000,262.000
318.670,110.330,367.440,110.330,367.440,262.330,318.670,262.330
315.330,108.670,367.890,108.670,367.890,262.670,315.330,262.670
312.000,107.000,368.330,107.000,368.330,263.000,312.000,263.000
308.670,105.330,368.780,105.330,368.780,263.330,308.670,263.330
305.330,103.670,369.220,103.670,369.220,263.670,305.330,263.670
302.000,102.000,369.670,102.000,369.670,264.000,302.000,264.000
298.670,100.330,370.110,100.330,370.110,264.330,298.670,264.330
295.330,98.670,370.560,98.670,370.560,264.670,295.330,264.670
292.000,97.000,371.000,97.000,371.000,265.000,292.000,265.000
288.170,98.830,367.170,98.830,367.170,264.830,288.170,264.830
284.330,100.670,363.330,100.670,363.330,264.670,284.330,264.670
280.500,102.500,359.500,102.500,359.500,264.500,280.500,264.500
276.670,104.330,355.670,104.330,355.670,264.330,276.670,264.330
272.830,106.170,351.830,106.170,351.830,264.170,272.830,264.170
269.000,108.000,348.000,108.000,348.000,264.000,269.000,264.000
268.890,107.220,345.670,107.220,345.670,263.780,268.890,263.780
268.780,106.440,343.330,106.440,343.330,263.560,268.780,263.560
268.670,105.670,341.000,105.670,341.000,263.330,268.670,263.330
268.560,104.890,338.670,104.890,338.670,263.110,268.560,263.110
268.440,104.110,336.330,104.110,336.330,262.890,268.440,262.890
268.330,103.330,334.000,103.330,334.000,262.670,268.330,262.670
268.220,102.560,331.670,102.560,331.670,262.440,268.220,262.440
268.110,101.780,329.330,101.780,329.330,262.220,268.110,262.220
268.000,101.000,327.000,101.000,327.000,262.000,268.000,262.000
267.430,99.140,327.000,99.140,327.000,261.000,267.430,261.000
266.860,97.290,327.000,97.290,327.000,260.000,266.860,260.000
266.290,95.430,327.000,95.430,327.000,259.000,266.290,259.000
265.710,93.570,327.000,93.570,327.000,258.000,265.710,258.000
265.140,91.710,327.000,91.710,327.000,257.000,265.140,257.000
264.570,89.860,327.000,89.860,327.000,256.000,264.570,256.000
264.000,88.000,327.000,88.000,327.000,255.000,264.000,255.000
267.830,90.670,328.500,90.670,328.500,254.330,267.830,254.330
271.670,93.330,330.000,93.330,330.000,253.670,271.670,253.670
275.500,96.000,331.500,96.000,331.500,253.000,275.500,253.000
279.330,98.670,333.000,98.670,333.000,252.330,279.330,252.330
283.170,101.330,334.500,101.330,334.500,251.670,283.170,251.670
287.000,104.000,336.000,104.000,336.000,251.000,287.000,251.000
287.500,105.670,338.830,105.670,338.830,253.170,287.500,253.170
288.000,107.330,341.670,107.330,341.670,255.330,288.000,255.330
288.500,109.000,344.500,109.000,344.500,257.500,288.500,257.500
289.000,110.670,347.330,110.670,347.330,259.670,289.000,259.670
289.500,112.330,350.170,112.330,350.170,261.830,289.500,261.830
288.950,262.147,350.253,262.147,350.253,112.697,288.950,112.697
288.400,262.464,350.336,262.464,350.336,113.064,288.400,113.064
287.850,262.781,350.419,262.781,350.419,113.431,287.850,113.431
287.300,263.098,350.502,263.098,350.502,113.798,287.300,113.798
286.750,263.415,350.585,263.415,350.585,114.165,286.750,114.165
286.200,263.732,350.668,263.732,350.668,114.532,286.200,114.532
285.650,264.049,350.751,264.049,350.751,114.899,285.650,114.899
285.100,264.366,350.834,264.366,350.834,115.266,285.100,115.266
284.550,264.683,350.917,264.683,350.917,115.633,284.550,115.633
284.000,265.000,351.000,265.000,351.000,116.000,284.000,116.000
284.000,266.200,351.000,266.200,351.000,115.600,284.000,115.600
284.000,267.400,351.000,267.400,351.000,115.200,284.000,115.200
284.000,268.600,351.000,268.600,351.000,114.800,284.000,114.800
284.000,269.800,351.000,269.800,351.000,114.400,284.000,114.400
284.000,271.000,351.000,271.000,351.000,114.000,284.000,114.000
281.725,269.014,342.549,272.877,355.275,114.986,294.451,111.123
279.450,267.027,334.098,274.754,359.550,115.973,304.902,108.246
277.176,265.041,325.647,276.631,363.824,116.959,315.353,105.369
278.306,265.110,327.458,275.871,362.908,115.962,313.756,105.200
279.436,265.178,329.269,275.112,361.992,114.965,312.159,105.031
280.566,265.247,331.080,274.353,361.076,113.968,310.563,104.862
281.697,265.315,332.891,273.593,360.160,112.971,308.966,104.692
282.827,265.384,334.702,272.834,359.244,111.974,307.370,104.523
283.957,265.452,336.513,272.075,358.328,110.976,305.773,104.354
285.088,265.521,338.324,271.315,357.412,109.979,304.176,104.185
286.218,265.589,340.135,270.556,356.496,108.982,302.580,104.015
287.348,265.658,341.945,269.797,355.580,107.985,300.983,103.846
288.479,265.726,343.756,269.037,354.664,106.988,299.386,103.677
289.609,265.795,345.567,268.278,353.748,105.991,297.790,103.508
290.739,265.863,347.378,267.519,352.832,104.994,296.193,103.338
291.870,265.932,349.189,266.759,351.916,103.997,294.597,103.169
293.000,266.000,351.000,266.000,351.000,103.000,293.000,103.000
292.900,266.300,350.200,266.300,350.200,101.700,292.900,101.700
292.800,266.600,349.400,266.600,349.400,100.400,292.800,100.400
292.700,266.900,348.600,266.900,348.600,99.100,292.700,99.100
292.600,267.200,347.800,267.200,347.800,97.800,292.600,97.800
292.500,267.500,347.000,267.500,347.000,96.500,292.500,96.500
292.400,267.800,346.200,267.800,346.200,95.200,292.400,95.200
292.300,268.100,345.400,268.100,345.400,93.900,292.300,93.900
292.200,268.400,344.600,268.400,344.600,92.600,292.200,92.600
292.100,268.700,343.800,268.700,343.800,91.300,292.100,91.300
292.000,269.000,343.000,269.000,343.000,90.000,292.000,90.000
296.000,94.000,355.700,94.000,355.700,274.600,296.000,274.600
296.000,96.000,357.400,96.000,357.400,275.200,296.000,275.200
296.000,98.000,359.100,98.000,359.100,275.800,296.000,275.800
296.000,100.000,360.800,100.000,360.800,276.400,296.000,276.400
296.000,102.000,362.500,102.000,362.500,277.000,296.000,277.000
296.000,104.000,364.200,104.000,364.200,277.600,296.000,277.600
296.000,106.000,365.900,106.000,365.900,278.200,296.000,278.200
296.000,108.000,367.600,108.000,367.600,278.800,296.000,278.800
296.000,110.000,369.300,110.000,369.300,279.400,296.000,279.400
296.000,112.000,371.000,112.000,371.000,280.000,296.000,280.000
299.500,113.000,372.000,113.000,372.000,279.500,299.500,279.500
303.000,114.000,373.000,114.000,373.000,279.000,303.000,279.000
290.880,116.920,311.550,285.040,381.420,276.790,360.750,108.660
278.760,119.830,320.100,291.070,389.840,274.570,348.500,103.330
328.650,297.110,398.250,272.360,336.250,97.990,266.650,122.750
269.410,120.070,322.560,296.950,391.790,275.730,338.640,98.850
272.170,117.390,316.460,296.790,385.330,279.110,341.040,99.710
274.940,114.710,310.370,296.630,378.860,282.490,343.430,100.570
277.700,112.030,304.280,296.470,372.390,285.870,345.820,101.430
280.470,109.360,298.190,296.320,365.930,289.240,348.210,102.280
283.230,106.680,292.090,296.160,359.460,292.620,350.610,103.140
286.000,104.000,353.000,104.000,353.000,296.000,286.000,296.000
282.810,296.370,350.850,296.610,351.520,103.130,283.480,102.890
279.620,296.740,348.700,297.220,350.050,102.260,280.970,101.780
276.430,297.100,346.540,297.830,348.570,101.400,278.460,100.670
275.930,297.650,346.150,298.290,347.950,103.020,277.740,102.380
275.440,298.190,345.760,298.760,347.330,104.640,277.020,104.080
274.950,298.740,345.360,299.220,346.710,106.260,276.300,105.780
274.460,299.280,344.970,299.680,346.100,107.890,275.590,107.480
273.970,299.820,344.580,300.150,345.480,109.510,274.870,109.190
273.480,300.370,344.180,300.610,344.860,111.130,274.150,110.890
272.980,300.910,343.790,301.070,344.240,112.750,273.430,112.590
272.490,301.460,343.390,301.540,343.620,114.380,272.720,114.300
272.000,116.000,343.000,116.000,343.000,302.000,272.000,302.000
272.080,112.150,272.100,301.850,343.650,301.850,343.630,112.150
272.160,108.310,272.190,301.700,344.300,301.690,344.260,108.300
272.240,104.460,272.290,301.550,344.950,301.540,344.890,104.440
272.320,100.620,272.390,301.410,345.600,301.380,345.530,100.590
272.400,96.770,272.480,301.260,346.240,301.230,346.160,96.740
272.480,92.930,272.580,301.110,346.890,301.080,346.790,92.890
272.560,89.080,272.680,300.960,347.540,300.920,347.420,89.040
272.640,85.230,272.780,300.820,348.190,300.770,348.050,85.180
272.720,81.390,272.870,300.670,348.840,300.610,348.680,81.330
272.970,300.520,349.490,300.460,349.320,77.480,272.800,77.540
275.600,77.160,275.730,300.390,351.620,300.340,351.490,77.110
278.400,76.770,278.480,300.260,353.740,300.230,353.660,76.740
281.200,76.390,281.240,300.130,355.870,300.110,355.830,76.370
284.000,76.000,358.000,76.000,358.000,300.000,284.000,300.000
284.620,77.250,356.880,77.250,356.880,299.120,284.620,299.120
285.250,78.500,355.750,78.500,355.750,298.250,285.250,298.250
285.880,79.750,354.620,79.750,354.620,297.380,285.880,297.380
286.500,81.000,353.500,81.000,353.500,296.500,286.500,296.500
287.120,82.250,352.380,82.250,352.380,295.620,287.120,295.620
287.750,83.500,351.250,83.500,351.250,294.750,287.750,294.750
288.380,84.750,350.120,84.750,350.120,293.880,288.380,293.880
289.000,86.000,349.000,86.000,349.000,293.000,289.000,293.000
287.640,84.730,348.360,84.730,348.360,293.450,287.640,293.450
286.270,83.450,347.730,83.450,347.730,293.910,286.270,293.910
284.910,82.180,347.090,82.180,347.090,294.360,284.910,294.360
283.550,80.910,346.450,80.910,346.450,294.820,283.550,294.820
282.180,79.640,345.820,79.640,345.820,295.270,282.180,295.270
280.820,78.360,345.180,78.360,345.180,295.730,280.820,295.730
279.450,77.090,344.550,77.090,344.550,296.180,279.450,296.180
278.090,75.820,343.910,75.820,343.910,296.640,278.090,296.640
276.730,74.550,343.270,74.550,343.270,297.090,276.730,297.090
275.360,73.270,342.640,73.270,342.640,297.550,275.360,297.550
274.000,72.000,342.000,72.000,342.000,298.000,274.000,298.000
260.470,297.300,330.740,303.140,349.300,72.470,279.030,66.630
246.950,296.600,319.490,308.290,356.600,72.950,284.060,61.260
233.420,295.900,308.230,313.430,363.900,73.420,289.080,55.880
219.900,295.200,296.980,318.580,371.200,73.890,294.110,50.510
225.480,297.880,302.840,317.920,366.450,74.910,289.100,54.870
231.070,300.570,308.700,317.270,361.710,75.920,284.080,59.220
236.650,303.260,314.560,316.620,356.970,76.940,279.060,63.580
242.240,305.940,320.420,315.960,352.230,77.950,274.050,67.930
247.830,308.630,326.280,315.310,347.480,78.970,269.030,72.290
253.410,311.310,332.140,314.650,342.740,79.990,264.020,76.640
259.000,81.000,338.000,81.000,338.000,314.000,259.000,314.000
262.120,79.500,341.250,79.500,341.250,312.620,262.120,312.620
265.250,78.000,344.500,78.000,344.500,311.250,265.250,311.250
268.380,76.500,347.750,76.500,347.750,309.880,268.380,309.880
271.500,75.000,351.000,75.000,351.000,308.500,271.500,308.500
274.620,73.500,354.250,73.500,354.250,307.120,274.620,307.120
277.750,72.000,357.500,72.000,357.500,305.750,277.750,305.750
280.880,70.500,360.750,70.500,360.750,304.380,280.880,304.380
284.000,69.000,364.000,69.000,364.000,303.000,284.000,303.000
291.000,68.000,371.170,68.000,371.170,302.170,291.000,302.170
298.000,67.000,378.330,67.000,378.330,301.330,298.000,301.330
305.000,66.000,385.500,66.000,385.500,300.500,305.000,300.500
312.000,65.000,392.670,65.000,392.670,299.670,312.000,299.670
319.000,64.000,399.830,64.000,399.830,298.830,319.000,298.830
326.000,63.000,407.000,63.000,407.000,298.000,326.000,298.000
327.250,61.500,408.750,61.500,408.750,297.000,327.250,297.000
328.500,60.000,410.500,60.000,410.500,296.000,328.500,296.000
329.750,58.500,412.250,58.500,412.250,295.000,329.750,295.000
331.000,57.000,414.000,57.000,414.000,294.000,331.000,294.000
336.000,56.750,420.120,56.750,420.120,294.000,336.000,294.000
341.000,56.500,426.250,56.500,426.250,294.000,341.000,294.000
346.000,56.250,432.380,56.250,432.380,294.000,346.000,294.000
351.000,56.000,438.500,56.000,438.500,294.000,351.000,294.000
356.000,55.750,444.620,55.750,444.620,294.000,356.000,294.000
361.000,55.500,450.750,55.500,450.750,294.000,361.000,294.000
366.000,55.250,456.880,55.250,456.880,294.000,366.000,294.000
371.000,55.000,463.000,55.000,463.000,294.000,371.000,294.000
373.500,57.700,467.400,57.700,467.400,293.500,373.500,293.500
376.000,60.400,471.800,60.400,471.800,293.000,376.000,293.000
378.500,63.100,476.200,63.100,476.200,292.500,378.500,292.500
381.000,65.800,480.600,65.800,480.600,292.000,381.000,292.000
383.500,68.500,485.000,68.500,485.000,291.500,383.500,291.500
386.000,71.200,489.400,71.200,489.400,291.000,386.000,291.000
388.500,73.900,493.800,73.900,493.800,290.500,388.500,290.500
391.000,76.600,498.200,76.600,498.200,290.000,391.000,290.000
393.500,79.300,502.600,79.300,502.600,289.500,393.500,289.500
396.000,82.000,507.000,82.000,507.000,289.000,396.000,289.000
395.450,81.360,503.270,81.360,503.270,289.000,395.450,289.000
394.910,80.730,499.550,80.730,499.550,289.000,394.910,289.000
394.360,80.090,495.820,80.090,495.820,289.000,394.360,289.000
393.820,79.450,492.090,79.450,492.090,289.000,393.820,289.000
393.270,78.820,488.360,78.820,488.360,289.000,393.270,289.000
392.730,78.180,484.640,78.180,484.640,289.000,392.730,289.000
392.180,77.550,480.910,77.550,480.910,289.000,392.180,289.000
391.640,76.910,477.180,76.910,477.180,289.000,391.640,289.000
391.090,76.270,473.450,76.270,473.450,289.000,391.090,289.000
390.550,75.640,469.730,75.640,469.730,289.000,390.550,289.000
390.000,75.000,466.000,75.000,466.000,289.000,390.000,289.000
390.000,289.300,464.400,289.300,464.400,73.100,390.000,73.100
390.000,289.600,462.800,289.600,462.800,71.200,390.000,71.200
390.000,290.730,461.200,290.730,461.200,70.130,390.000,70.130
390.000,291.870,459.600,291.870,459.600,69.070,390.000,69.070
390.000,293.000,458.000,293.000,458.000,68.000,390.000,68.000
389.880,292.880,457.250,292.880,457.250,69.750,389.880,69.750
389.750,292.750,456.500,292.750,456.500,71.500,389.750,71.500
389.620,292.620,455.750,292.620,455.750,73.250,389.620,73.250
389.500,292.500,455.000,292.500,455.000,75.000,389.500,75.000
389.380,292.380,454.250,292.380,454.250,76.750,389.380,76.750
389.250,292.250,453.500,292.250,453.500,78.500,389.250,78.500
389.120,292.120,452.750,292.120,452.750,80.250,389.120,80.250
389.000,82.000,452.000,82.000,452.000,292.000,389.000,292.000
387.670,292.500,451.170,292.500,451.170,79.830,387.670,79.830
386.330,293.000,450.330,293.000,450.330,77.670,386.330,77.670
385.000,293.500,449.500,293.500,449.500,75.500,385.000,75.500
383.670,294.000,448.670,294.000,448.670,73.330,383.670,73.330
382.330,294.500,447.830,294.500,447.830,71.170,382.330,71.170
381.000,295.000,447.000,295.000,447.000,69.000,381.000,69.000
379.170,294.920,445.720,294.920,445.720,71.100,379.170,71.100
377.340,294.840,444.430,294.840,444.430,73.210,377.340,73.210
375.510,294.760,443.150,294.760,443.150,75.310,375.510,75.310
373.680,294.680,441.860,294.680,441.860,77.410,373.680,77.410
371.850,294.600,440.580,294.600,440.580,79.510,371.850,79.510
370.020,294.520,439.300,294.520,439.300,81.610,370.020,81.610
368.190,294.440,438.010,294.440,438.010,83.720,368.190,83.720
366.360,294.360,436.730,294.360,436.730,85.820,366.360,85.820
365.910,292.910,436.820,292.910,436.820,86.540,365.910,86.540
365.450,291.450,436.910,291.450,436.910,87.270,365.450,87.270
365.000,88.000,437.000,88.000,437.000,290.000,365.000,290.000
362.780,290.170,435.330,290.170,435.330,88.500,362.780,88.500
360.560,290.330,433.670,290.330,433.670,89.000,360.560,89.000
358.330,290.500,432.000,290.500,432.000,89.500,358.330,89.500
356.110,290.670,430.330,290.670,430.330,90.000,356.110,90.000
353.890,290.830,428.670,290.830,428.670,90.500,353.890,90.500
351.670,291.000,427.000,291.000,427.000,91.000,351.670,91.000
353.440,290.670,429.330,290.670,429.330,91.000,353.440,91.000
355.220,290.330,431.670,290.330,431.670,91.000,355.220,91.000
357.000,91.000,434.000,91.000,434.000,290.000,357.000,290.000
355.140,93.570,434.710,93.570,434.710,289.710,355.140,289.710
353.290,96.140,435.430,96.140,435.430,289.430,353.290,289.430
351.430,98.710,436.140,98.710,436.140,289.140,351.430,289.140
349.570,101.290,436.860,101.290,436.860,288.860,349.570,288.860
347.710,103.860,437.570,103.860,437.570,288.570,347.710,288.570
345.860,106.430,438.290,106.430,438.290,288.290,345.860,288.290
344.000,109.000,439.000,109.000,439.000,288.000,344.000,288.000
338.500,110.500,431.250,110.500,431.250,288.750,338.500,288.750
333.000,112.000,423.500,112.000,423.500,289.500,333.000,289.500
327.500,113.500,415.750,113.500,415.750,290.250,327.500,290.250
322.000,115.000,408.000,115.000,408.000,291.000,322.000,291.000
314.090,288.050,397.890,294.390,411.770,119.090,327.970,112.750
306.180,285.110,387.780,297.780,415.530,123.180,333.940,110.510
298.270,282.160,377.670,301.170,419.300,127.270,339.910,108.260
292.790,280.510,369.630,301.900,418.140,129.570,341.300,108.180
287.300,278.850,361.600,302.630,416.980,131.860,342.690,108.090
281.820,277.200,353.570,303.360,415.830,134.160,344.080,108.000
276.330,275.550,345.530,304.090,414.670,136.450,345.470,107.910
274.860,282.710,347.130,305.390,402.940,126.490,330.670,103.810
273.390,289.870,348.730,306.690,391.210,116.530,315.860,99.710
273.430,288.710,346.440,306.620,392.640,118.890,319.630,100.980
273.470,287.560,344.140,306.540,394.070,121.240,323.400,102.260
273.500,286.410,341.840,306.460,395.500,123.590,327.160,103.540
272.260,288.880,343.140,310.830,401.740,121.620,330.860,99.670
301.000,111.000,372.000,111.000,372.000,300.000,301.000,300.000
301.000,105.500,372.500,105.500,372.500,300.250,301.000,300.250
301.000,100.000,373.000,100.000,373.000,300.500,301.000,300.500
301.000,94.500,373.500,94.500,373.500,300.750,301.000,300.750
301.000,89.000,374.000,89.000,374.000,301.000,301.000,301.000
303.830,90.000,375.500,90.000,375.500,301.500,303.830,301.500
306.670,91.000,377.000,91.000,377.000,302.000,306.670,302.000
309.500,92.000,378.500,92.000,378.500,302.500,309.500,302.500
312.330,93.000,380.000,93.000,380.000,303.000,312.330,303.000
315.170,94.000,381.500,94.000,381.500,303.500,315.170,303.500
318.000,95.000,383.000,95.000,383.000,304.000,318.000,304.000
314.120,303.980,381.850,305.340,385.630,96.020,317.900,94.660
310.250,303.960,380.700,306.680,388.250,97.040,317.800,94.320
306.370,303.940,379.550,308.020,390.880,98.060,317.700,93.970
302.500,303.920,378.400,309.370,393.500,99.080,317.600,93.630
305.410,305.430,380.500,309.970,393.090,99.740,318.000,95.190
308.330,306.940,382.600,310.580,392.670,100.390,318.400,96.760
311.250,308.460,384.700,311.180,392.250,101.040,318.800,98.320
314.170,309.970,386.800,311.790,391.830,101.690,319.200,99.880
317.080,311.490,388.900,312.390,391.420,102.350,319.600,101.440
320.000,103.000,391.000,103.000,391.000,313.000,320.000,313.000
