445.190,373.200,493.500,368.800,490.360,334.290,442.050,338.690
441.200,338.250,444.270,373.060,492.930,368.770,489.860,333.960
440.350,337.810,443.350,372.920,492.370,368.730,489.370,333.620
439.490,337.380,442.430,372.790,491.800,368.700,488.870,333.290
438.640,336.940,441.500,372.650,491.240,368.660,488.380,332.950
437.790,336.500,440.580,372.510,490.670,368.630,487.880,332.610
436.940,336.060,439.660,372.380,490.100,368.590,487.380,332.280
436.090,335.630,438.740,372.240,489.540,368.560,486.890,331.940
435.240,335.190,437.820,372.100,488.970,368.520,486.390,331.610
434.390,334.750,436.900,371.970,488.410,368.490,485.900,331.270
433.530,334.310,435.980,371.830,487.840,368.450,485.400,330.940
432.680,333.880,435.050,371.690,487.280,368.420,484.900,330.600
434.130,371.560,486.710,368.380,484.410,330.260,431.830,333.440
430.050,332.590,432.530,370.910,485.340,367.490,482.860,329.180
428.280,331.750,430.930,370.260,483.960,366.610,481.310,328.090
426.500,330.900,429.330,369.610,482.590,365.720,479.760,327.010
424.720,330.050,427.730,368.970,481.220,364.840,478.210,325.920
422.950,329.210,426.130,368.320,479.840,363.950,476.660,324.840
421.170,328.360,424.530,367.670,478.470,363.070,475.110,323.750
419.390,327.510,422.930,367.020,477.100,362.180,473.560,322.670
417.620,326.670,421.330,366.380,475.720,361.290,472.010,321.580
415.840,325.820,419.730,365.730,474.350,360.410,470.460,320.500
414.060,324.970,418.130,365.080,472.980,359.520,468.910,319.410
412.290,324.130,416.530,364.430,471.600,358.640,467.360,318.330
414.930,363.790,470.230,357.750,465.810,317.240,410.510,323.280
412.420,322.340,416.800,362.810,472.570,356.800,468.200,316.330
414.340,321.410,418.660,361.840,474.910,355.840,470.590,315.410
416.250,320.470,420.520,360.870,477.250,354.890,472.980,314.490
418.170,319.530,422.380,359.890,479.580,353.940,475.370,313.580
420.080,318.590,424.240,358.920,481.920,352.990,477.760,312.660
421.990,317.660,426.100,357.940,484.260,352.030,480.150,311.750
423.910,316.720,427.970,356.970,486.600,351.080,482.540,310.830
425.820,315.780,429.830,355.990,488.940,350.130,484.930,309.920
427.740,314.850,431.690,355.020,491.280,349.170,487.320,309.000
429.650,313.910,433.550,354.050,493.620,348.220,489.710,308.080
431.560,312.970,435.410,353.070,495.950,347.270,492.100,307.170
437.270,352.100,498.290,346.310,494.500,306.250,433.480,312.040
436.050,310.710,440.220,350.930,500.640,344.740,496.480,304.530
438.620,309.380,443.160,349.750,502.990,343.170,498.450,302.800
441.200,308.050,446.100,348.580,505.330,341.600,500.430,301.080
443.770,306.730,449.040,347.410,507.680,340.030,502.410,299.350
446.340,305.400,451.980,346.240,510.030,338.460,504.390,297.630
448.920,304.080,454.920,345.060,512.380,336.890,506.370,295.900
451.490,302.750,457.860,343.890,514.720,335.320,508.350,294.180
454.060,301.420,460.810,342.720,517.070,333.750,510.330,292.450
456.640,300.100,463.750,341.550,519.420,332.180,512.310,290.730
459.210,298.770,466.690,340.370,521.770,330.610,514.290,289.010
461.780,297.440,469.630,339.200,524.110,329.040,516.270,287.280
469.820,338.720,523.710,328.160,515.500,286.240,461.610,296.800
464.290,293.280,473.140,335.650,527.120,324.430,518.270,282.070
464.670,290.390,474.150,333.210,528.230,321.340,518.740,278.520
465.050,287.500,475.170,330.770,529.330,318.250,519.210,274.980
465.430,284.600,476.180,328.330,530.440,315.160,519.680,271.430
465.810,281.710,477.200,325.890,531.540,312.060,520.150,267.890
466.190,278.820,478.210,323.450,532.650,308.970,520.620,264.340
464.490,274.770,477.150,319.850,531.680,304.720,519.010,259.640
462.790,270.720,476.080,316.260,530.700,300.480,517.410,254.940
461.090,266.680,475.020,312.670,529.730,296.230,515.800,250.240
459.390,262.630,473.960,309.070,528.760,291.980,514.190,245.540
457.690,258.580,472.890,305.480,527.790,287.730,512.580,240.840
471.830,301.880,526.810,283.490,510.970,236.140,455.990,254.530
456.070,251.300,471.860,298.420,527.440,279.790,511.650,232.670
456.160,248.070,471.900,294.960,528.070,276.090,512.330,229.200
456.240,244.840,471.940,291.500,528.690,272.390,513.000,225.730
456.330,241.600,471.970,288.040,529.320,268.700,513.680,222.260
456.410,238.370,472.010,284.570,529.950,265.000,514.360,218.800
456.500,235.140,472.040,281.110,530.580,261.300,515.030,215.330
456.580,231.900,472.080,277.650,531.200,257.610,515.710,211.860
453.860,230.180,469.310,275.700,529.020,255.420,513.580,209.900
451.140,228.460,466.530,273.750,526.840,253.240,511.450,207.950
448.410,226.740,463.760,271.800,524.660,251.050,509.320,205.990
445.690,225.020,460.990,269.850,522.480,248.870,507.180,204.030
458.220,267.900,520.300,246.680,505.050,202.080,442.970,223.300
445.280,221.310,460.430,266.460,522.670,245.540,507.520,200.380
447.580,219.310,462.640,265.020,525.050,244.400,509.990,198.690
449.890,217.320,464.850,263.580,527.420,243.260,512.460,197.000
452.200,215.320,467.060,262.130,529.790,242.120,514.930,195.310
455.920,215.690,470.690,263.050,533.580,243.340,518.820,195.980
459.650,216.060,474.320,263.970,537.370,244.560,522.700,196.650
469.050,219.260,483.610,267.730,546.830,248.620,532.260,200.150
482.970,220.750,497.440,269.760,560.820,250.950,546.350,201.940
496.890,222.230,511.260,271.800,574.800,253.290,560.430,203.720
513.020,225.290,527.290,275.410,590.990,257.200,576.720,207.090
529.140,228.350,543.320,279.020,607.190,261.120,593.010,210.450
541.710,279.480,605.740,261.880,591.660,210.660,527.630,228.260
537.310,235.160,551.450,286.390,615.220,268.790,601.080,217.560
546.980,242.060,561.190,293.300,624.710,275.690,610.510,224.460
549.100,245.810,563.370,297.060,626.640,279.450,612.370,228.200
551.220,249.560,565.550,300.820,628.560,283.210,614.230,231.950
553.330,253.940,567.720,305.210,630.490,287.600,616.100,236.330
555.450,258.320,569.900,309.600,632.420,291.990,617.960,240.710
564.070,265.010,578.590,316.300,640.850,298.680,626.340,247.400
572.700,271.700,587.280,322.990,649.290,305.380,634.710,254.090
581.330,278.390,595.970,329.690,657.730,312.080,643.090,260.770
586.070,284.550,600.770,335.870,662.280,318.250,647.580,266.940
590.810,290.720,605.570,342.040,666.830,324.420,652.070,273.100
605.650,343.490,666.660,325.870,651.830,274.540,590.820,292.160
594.350,295.790,609.170,347.200,670.430,329.540,655.610,278.130
597.880,299.420,612.690,350.900,674.200,333.210,659.390,281.720
601.530,302.730,616.330,354.290,678.100,336.560,663.290,285.000
605.180,306.050,619.980,357.680,682.000,339.910,667.200,288.280
607.250,307.400,622.050,359.110,684.320,341.290,669.530,289.580
609.330,308.740,624.120,360.530,686.640,342.680,671.860,290.890
611.410,310.090,626.180,361.950,688.970,344.060,674.190,292.200
613.480,311.440,628.250,363.370,691.290,345.440,676.520,293.510
615.560,312.780,630.320,364.790,693.610,346.830,678.850,294.820
617.640,314.130,632.390,366.210,695.940,348.210,681.180,296.130
619.710,315.480,634.460,367.640,698.260,349.590,683.510,297.430
636.530,369.060,700.580,350.980,685.840,298.740,621.790,316.820
622.170,316.820,636.780,369.150,701.070,351.200,686.460,298.880
622.560,316.810,637.030,369.230,701.550,351.430,687.080,299.010
622.950,316.810,637.280,369.320,702.040,351.660,687.700,299.140
623.340,316.800,637.530,369.410,702.520,351.880,688.320,299.270
623.720,316.790,637.780,369.500,703.010,352.110,688.940,299.400
624.110,316.790,638.040,369.590,703.490,352.330,689.560,299.540
624.500,316.780,638.290,369.670,703.970,352.560,690.180,299.670
624.880,316.780,638.540,369.760,704.460,352.790,690.810,299.800
625.270,316.770,638.790,369.850,704.940,353.010,691.430,299.930
625.660,316.770,639.040,369.940,705.430,353.240,692.050,300.070
624.530,315.630,637.780,368.890,704.400,352.330,691.160,299.070
636.510,367.850,703.370,351.420,690.270,298.060,623.410,314.490
619.850,314.480,633.280,368.030,699.640,351.430,686.200,297.880
616.290,314.480,630.050,368.220,695.900,351.430,682.130,297.690
614.990,314.470,629.090,368.410,694.430,351.440,680.340,297.500
613.700,314.470,628.120,368.600,692.960,351.440,678.540,297.310
612.410,314.460,627.160,368.780,691.490,351.450,676.740,297.130
611.120,314.460,626.200,368.970,690.020,351.450,674.940,296.940
609.830,314.450,625.230,369.160,688.550,351.460,673.140,296.750
608.530,314.450,624.270,369.350,687.080,351.460,671.350,296.560
607.240,314.440,623.310,369.540,685.610,351.470,669.550,296.370
605.950,314.440,622.340,369.720,684.140,351.470,667.750,296.190
604.660,314.430,621.380,369.910,682.670,351.480,665.950,296.000
620.420,370.100,681.200,351.480,664.150,295.810,603.370,314.430
602.830,315.260,619.590,370.460,680.430,352.010,663.670,296.810
602.300,316.100,618.760,370.830,679.650,352.540,663.180,297.810
601.760,316.930,617.940,371.190,678.870,353.080,662.700,298.820
598.710,316.920,614.590,370.710,675.570,352.770,659.690,298.980
595.660,316.920,611.240,370.240,672.270,352.460,656.690,299.140
592.600,316.910,607.900,369.760,668.970,352.150,653.680,299.300
589.550,316.900,604.550,369.280,665.670,351.840,650.670,299.460
586.490,316.900,601.200,368.810,662.380,351.530,647.670,299.620
583.440,316.890,597.850,368.330,659.080,351.220,644.660,299.780
580.390,316.890,594.510,367.850,655.780,350.910,641.660,299.950
577.330,316.880,591.160,367.380,652.480,350.610,638.650,300.110
587.810,366.900,649.180,350.300,635.650,300.270,574.280,316.870
571.000,316.500,584.480,366.810,645.420,350.460,631.950,300.150
567.730,316.120,581.140,366.710,641.660,350.630,628.250,300.040
564.450,315.750,577.800,366.620,637.900,350.790,624.550,299.920
561.180,315.370,574.470,366.530,634.140,350.960,620.850,299.800
559.790,314.760,573.020,366.200,632.270,350.890,619.040,299.450
558.400,314.150,571.580,365.870,630.410,350.820,617.230,299.100
557.020,313.530,570.130,365.540,628.540,350.750,615.430,298.740
555.630,312.920,568.680,365.210,626.670,350.680,613.620,298.390
554.250,312.310,567.240,364.880,624.800,350.610,611.810,298.040
552.860,311.700,565.790,364.550,622.930,350.540,610.000,297.680
551.480,311.080,564.340,364.220,621.060,350.470,608.190,297.330
562.900,363.890,619.190,350.400,606.380,296.980,550.090,310.470
546.500,310.090,559.830,363.040,615.850,348.890,602.520,295.940
542.900,309.700,556.760,362.180,612.520,347.390,598.660,294.910
539.310,309.320,553.700,361.320,609.180,345.880,594.790,293.880
535.710,308.930,550.630,360.470,605.850,344.380,590.930,292.840
532.110,308.550,547.570,359.610,602.520,342.870,587.060,291.810
528.520,308.170,544.500,358.760,599.180,341.360,583.200,290.770
524.920,307.780,541.440,357.900,595.850,339.860,579.330,289.740
521.330,307.400,538.370,357.040,592.510,338.350,575.470,288.710
517.730,307.010,535.300,356.190,589.180,336.850,571.610,287.670
514.140,306.630,532.240,355.330,585.840,335.340,567.740,286.640
510.540,306.240,529.170,354.480,582.510,333.840,563.880,285.600
526.110,353.620,579.170,332.330,560.010,284.570,506.950,305.860
500.310,302.600,519.500,350.670,572.440,329.530,553.250,281.450
493.670,299.330,512.900,347.720,565.720,326.720,546.490,278.330
487.030,296.070,506.300,344.780,558.990,323.920,539.720,275.210
480.390,292.800,499.700,341.830,552.260,321.110,532.960,272.080
473.760,289.540,493.090,338.880,545.530,318.300,526.190,268.960
473.040,289.230,492.410,338.890,544.730,318.450,525.350,268.790
473.840,273.130,529.840,273.130,529.840,326.740,473.840,326.740
466.890,269.070,522.710,269.070,522.710,322.990,466.890,322.990
459.930,265.010,515.590,265.010,515.590,319.240,459.930,319.240
452.980,260.950,508.460,260.950,508.460,315.490,452.980,315.490
446.020,256.890,501.340,256.890,501.340,311.740,446.020,311.740
445.870,258.130,501.020,258.130,501.020,313.280,445.870,313.280
437.200,254.350,492.050,254.350,492.050,309.450,437.200,309.450
428.530,250.570,483.080,250.570,483.080,305.610,428.530,305.610
419.860,246.790,474.110,246.790,474.110,301.780,419.860,301.780
410.700,243.500,465.630,243.500,465.630,297.460,410.700,297.460
404.270,242.920,459.140,242.920,459.140,296.570,404.270,296.570
397.840,242.330,452.660,242.330,452.660,295.690,397.840,295.690
391.410,241.750,446.180,241.750,446.180,294.800,391.410,294.800
384.980,241.160,439.690,241.160,439.690,293.920,384.980,293.920
378.550,240.580,433.210,240.580,433.210,293.030,378.550,293.030
375.120,240.990,429.720,240.990,429.720,293.150,375.120,293.150
369.632,293.868,424.118,293.868,424.118,241.804,369.632,241.804
364.144,294.586,418.516,294.586,418.516,242.618,364.144,242.618
358.656,295.304,412.914,295.304,412.914,243.432,358.656,243.432
353.168,296.022,407.312,296.022,407.312,244.246,353.168,244.246
347.680,245.060,401.710,245.060,401.710,296.740,347.680,296.740
343.810,247.130,397.700,247.130,397.700,298.870,343.810,298.870
341.360,252.040,395.110,252.040,395.110,303.830,341.360,303.830
338.910,256.950,392.520,256.950,392.520,308.790,338.910,308.790
337.820,260.280,391.300,260.280,391.300,312.180,337.820,312.180
336.730,263.610,390.080,263.610,390.080,315.570,336.730,315.570
336.590,270.240,389.800,270.240,389.800,322.280,336.590,322.280
336.430,276.870,389.540,276.870,389.540,328.980,336.430,328.980
336.280,283.500,389.270,283.500,389.270,335.690,336.280,335.690
336.130,290.130,389.000,290.130,389.000,342.390,336.130,342.390
337.650,288.890,390.790,288.890,390.790,340.950,337.650,340.950
339.480,294.420,392.890,294.420,392.890,346.260,339.480,346.260
341.320,299.940,395.000,299.940,395.000,351.580,341.320,351.580
343.150,305.460,397.100,305.460,397.100,356.900,343.150,356.900
339.920,317.630,351.380,367.580,404.260,355.560,392.810,305.620
341.900,322.970,352.990,372.800,406.230,361.060,395.130,311.240
343.880,328.310,354.600,378.020,408.190,366.560,397.460,316.860
345.160,330.880,355.520,380.460,409.450,369.290,399.090,319.710
346.440,333.440,356.440,382.910,410.720,372.020,400.720,322.560
347.730,336.010,357.360,385.350,411.990,374.750,402.360,325.410
349.010,338.580,358.280,387.800,413.260,377.480,403.990,328.260
359.200,390.250,414.530,380.210,405.620,331.100,350.290,341.140
351.690,340.800,360.420,389.550,415.340,379.710,406.600,330.960
353.090,340.460,361.650,388.850,416.140,379.210,407.580,330.820
354.490,340.120,362.870,388.150,416.950,378.710,408.570,330.680
355.880,339.780,364.090,387.450,417.760,378.210,409.550,330.540
357.280,339.440,365.310,386.750,418.560,377.710,410.530,330.400
358.680,339.090,366.540,386.050,419.370,377.220,411.510,330.260
360.080,338.750,367.760,385.360,420.180,376.720,412.500,330.110
361.480,338.410,368.980,384.660,420.980,376.220,413.480,329.970
362.870,338.070,370.200,383.960,421.790,375.720,414.460,329.830
364.270,337.730,371.420,383.260,422.600,375.220,415.450,329.690
365.670,337.390,372.650,382.560,423.400,374.720,416.430,329.550
373.870,381.860,424.210,374.220,417.410,329.410,367.070,337.050
367.400,336.090,374.190,380.640,424.690,372.940,417.910,328.390
367.740,335.130,374.510,379.410,425.180,371.660,418.410,327.380
368.070,334.170,374.830,378.180,425.660,370.370,418.910,326.360
368.400,333.210,375.140,376.960,426.150,369.090,419.410,325.340
368.740,332.250,375.460,375.730,426.630,367.810,419.900,324.330
369.070,331.290,375.780,374.500,427.110,366.520,420.400,323.310
369.400,330.330,376.100,373.280,427.600,365.240,420.900,322.290
368.440,328.730,375.120,371.400,426.790,363.310,420.100,320.630
367.480,327.120,374.150,369.530,425.970,361.370,419.310,318.970
366.520,325.510,373.170,367.650,425.160,359.440,418.510,317.300
365.560,323.910,372.190,365.780,424.350,357.510,417.710,315.640
371.210,363.910,423.540,355.580,416.920,313.970,364.590,322.300
363.540,320.970,370.160,362.630,422.330,354.340,415.710,312.670
362.480,319.640,369.110,361.360,421.130,353.100,414.500,311.370
361.430,318.310,368.060,360.090,419.930,351.850,413.300,310.080
360.370,316.980,367.010,358.810,418.730,350.610,412.090,308.780
357.190,315.650,363.830,357.540,415.400,349.370,408.760,307.480
354.010,314.320,360.650,356.270,412.070,348.130,405.430,306.180
350.830,312.990,357.480,355.000,408.740,346.890,402.090,304.880
347.650,311.660,354.300,353.720,405.410,345.640,398.760,303.580
344.470,310.330,351.120,352.450,402.080,344.400,395.430,302.280
341.290,309.000,347.950,351.180,398.750,343.160,392.090,300.980
338.110,307.670,344.770,349.900,395.420,341.920,388.760,299.680
341.590,348.630,392.090,340.680,385.430,298.380,334.930,306.330
334.580,305.900,340.690,348.400,390.550,341.110,384.440,298.610
334.230,305.470,339.780,348.170,389.010,341.540,383.460,298.840
333.880,305.040,338.880,347.940,387.470,341.970,382.470,299.070
333.530,304.600,337.980,347.710,385.930,342.410,381.480,299.300
333.190,304.170,337.070,347.480,384.380,342.840,380.500,299.530
332.840,303.740,336.170,347.250,382.840,343.270,379.510,299.760
332.490,303.300,335.270,347.020,381.300,343.710,378.520,299.990
333.210,301.520,378.690,301.520,378.690,345.490,333.210,345.490
332.600,301.430,377.410,301.430,377.410,345.580,332.600,345.580
331.990,301.340,376.130,301.340,376.130,345.670,331.990,345.670
331.370,301.240,374.860,301.240,374.860,345.770,331.370,345.770
330.750,345.870,373.590,345.870,373.590,301.140,330.750,301.140
330.280,346.030,372.960,346.030,372.960,301.300,330.280,301.300
329.800,346.180,372.330,346.180,372.330,301.450,329.800,301.450
329.330,346.340,371.700,346.340,371.700,301.610,329.330,301.610
328.860,346.500,371.070,346.500,371.070,301.770,328.860,301.770
328.390,346.660,370.440,346.660,370.440,301.930,328.390,301.930
327.920,346.820,369.810,346.820,369.810,302.080,327.920,302.080
327.440,346.970,369.180,346.970,369.180,302.240,327.440,302.240
326.970,347.130,368.550,347.130,368.550,302.400,326.970,302.400
326.500,347.290,367.920,347.290,367.920,302.560,326.500,302.560
326.020,347.450,367.290,347.450,367.290,302.710,326.020,302.710
325.550,347.600,366.660,347.600,366.660,302.870,325.550,302.870
325.080,347.760,366.030,347.760,366.030,303.030,325.080,303.030
325.700,347.410,366.420,347.490,366.510,302.910,325.790,302.830
326.320,347.060,366.810,347.220,366.990,302.790,326.510,302.620
326.940,346.710,367.200,346.950,367.480,302.670,327.220,302.420
327.560,346.360,367.590,346.680,367.960,302.540,327.930,302.220
328.180,346.010,367.980,346.420,368.440,302.420,328.640,302.010
328.800,345.660,368.370,346.150,368.920,302.300,329.350,301.810
329.420,345.300,368.760,345.880,369.410,302.180,330.070,301.600
330.040,344.950,369.150,345.610,369.890,302.060,330.780,301.400
330.660,344.600,369.540,345.340,370.370,301.940,331.490,301.200
331.280,344.250,369.930,345.070,370.850,301.810,332.200,300.990
331.900,343.900,370.320,344.800,371.340,301.690,332.920,300.790
332.520,343.550,370.710,344.530,371.820,301.570,333.630,300.590
332.270,341.490,370.580,342.390,371.600,299.380,333.280,298.480
332.020,339.420,370.460,340.240,371.380,297.190,332.940,296.370
331.760,337.360,370.330,338.100,371.160,295.010,332.590,294.270
330.760,335.290,369.450,335.950,370.190,292.820,331.500,292.160
329.760,333.230,368.570,333.800,369.220,290.630,330.400,290.050
328.760,331.170,367.700,331.660,368.250,288.440,329.310,287.950
331.170,332.670,370.230,333.080,370.690,289.820,331.630,289.410
328.540,327.770,367.730,328.100,368.090,284.800,328.900,284.470
325.910,322.870,365.220,323.120,365.500,279.770,326.180,279.530
323.280,317.030,362.710,317.190,362.900,273.810,323.460,273.640
318.820,314.120,358.390,314.210,358.480,270.780,318.910,270.700
314.370,311.220,354.060,311.220,354.060,267.750,314.370,267.750
314.340,309.940,353.570,310.140,353.830,266.830,314.590,266.620
310.090,305.330,348.870,305.750,349.370,262.580,310.590,262.170
305.840,300.730,344.160,301.350,344.910,258.340,306.590,257.720
301.580,296.120,339.450,296.950,340.450,254.090,302.590,253.270
297.330,291.520,334.740,292.550,335.990,249.850,298.590,248.820
296.520,289.530,333.470,290.760,334.980,248.220,298.030,246.980
295.710,287.530,332.210,288.980,333.960,246.580,297.470,245.140
291.820,284.650,327.850,286.300,329.860,244.070,293.820,242.420
287.920,281.780,323.500,283.630,325.760,241.550,290.180,239.690
284.020,278.900,319.150,280.960,321.660,239.030,286.530,236.970
280.130,276.030,314.790,278.290,317.550,236.520,282.890,234.250
276.230,273.150,310.440,275.620,313.450,234.000,279.240,231.530
275.860,273.680,310.120,276.420,313.450,234.790,279.190,232.040
271.710,271.370,306.020,274.390,309.680,232.740,275.370,229.720
267.560,269.060,301.920,272.350,305.900,230.690,271.540,227.400
260.890,267.210,295.300,270.770,299.600,229.090,265.190,225.530
254.220,265.350,288.680,269.190,293.310,227.500,258.840,223.660
247.550,263.500,282.060,267.610,287.010,225.910,252.500,221.800
247.170,263.220,281.740,267.600,287.010,225.890,252.450,221.510
243.020,264.460,277.640,269.110,283.240,227.380,248.620,222.730
238.870,265.690,273.540,270.610,279.460,228.870,244.790,223.950
234.720,266.920,269.440,272.120,275.680,230.360,240.970,225.170
230.570,268.160,265.340,273.630,271.910,231.860,237.140,226.390
226.420,269.390,261.240,275.130,268.130,233.350,233.310,227.610
226.660,269.780,261.820,275.220,268.280,234.120,233.120,228.690
225.760,273.770,261.260,278.900,267.300,238.480,231.800,233.350
224.860,277.750,260.700,282.580,266.320,242.850,230.480,238.020
224.600,282.050,260.770,286.580,265.960,247.520,229.790,243.000
226.590,249.940,263.350,249.940,263.350,288.610,226.590,288.610
229.280,256.690,266.340,256.690,266.340,294.630,229.280,294.630
229.820,256.030,267.030,256.030,267.030,293.400,229.820,293.400
232.510,263.940,270.190,263.940,270.190,300.420,232.510,300.420
232.850,305.960,270.730,308.960,273.800,273.320,235.930,270.320
236.770,312.600,274.980,315.290,277.630,280.340,239.410,277.640
242.710,319.940,281.270,322.330,283.490,288.060,244.940,285.670
248.660,327.290,287.560,329.370,289.360,295.780,250.460,293.700
248.310,327.000,287.950,328.910,289.600,296.070,249.960,294.160
255.020,331.880,295.410,333.610,296.910,301.530,256.510,299.790
257.100,336.390,298.240,337.950,299.590,306.610,258.450,305.050
259.180,340.900,301.070,342.280,302.270,311.700,260.380,310.310
261.270,345.410,303.910,346.620,304.960,316.790,262.320,315.570
261.670,348.230,305.060,349.280,305.960,320.200,262.570,319.150
260.900,347.320,305.040,348.180,305.780,319.850,261.650,318.990
262.770,347.030,307.660,347.720,308.260,320.140,263.370,319.450
260.710,348.470,306.340,348.990,306.790,322.170,261.160,321.640
255.710,346.550,302.090,346.900,302.390,320.830,256.010,320.480
248.810,344.640,295.950,344.810,296.090,319.490,248.960,319.310
241.920,342.720,289.800,342.720,289.800,318.150,241.920,318.150
242.660,342.400,290.540,342.400,290.540,318.100,242.660,318.100
236.410,340.420,284.290,340.420,284.290,316.380,236.410,316.380
230.170,338.440,278.050,338.440,278.050,314.660,230.170,314.660
223.930,336.450,271.810,336.450,271.810,312.930,223.930,312.930
217.680,334.470,265.560,334.470,265.560,311.210,217.680,311.210
211.440,332.490,259.320,332.490,259.320,309.490,211.440,309.490
212.760,333.530,260.640,333.530,260.640,310.800,212.760,310.800
205.240,331.590,253.120,331.590,253.120,309.120,205.240,309.120
197.710,329.640,245.590,329.640,245.590,307.440,197.710,307.440
190.190,327.700,238.070,327.700,238.070,305.760,190.190,305.760
182.660,325.760,230.540,325.760,230.540,304.080,182.660,304.080
175.140,323.820,223.020,323.820,223.020,302.400,175.140,302.400
175.720,324.060,223.230,324.060,223.230,302.480,175.720,302.480
168.210,322.520,215.350,322.520,215.350,300.780,168.210,300.780
160.700,320.970,207.480,320.970,207.480,299.080,160.700,299.080
154.190,319.900,200.600,319.900,200.600,297.850,154.190,297.850
147.680,318.830,193.730,318.830,193.730,296.620,147.680,296.620
141.170,317.750,186.850,317.750,186.850,295.390,141.170,295.390
143.900,316.680,189.210,316.680,189.210,294.160,143.900,294.160
137.550,316.970,182.490,316.970,182.490,294.290,137.550,294.290
131.200,317.270,175.770,317.270,175.770,294.430,131.200,294.430
124.850,317.560,169.050,317.560,169.050,294.570,124.850,294.570
123.220,319.430,167.060,319.430,167.060,296.280,123.220,296.280
121.590,321.300,165.060,321.300,165.060,297.990,121.590,297.990
120.330,322.820,164.120,322.820,164.120,299.360,120.330,299.360
128.520,327.180,172.620,327.180,172.620,303.550,128.520,303.550
136.710,331.540,181.120,331.540,181.120,307.760,136.710,307.760
152.360,339.850,197.090,339.850,197.090,315.910,152.360,315.910
168.010,348.160,213.060,348.160,213.060,324.070,168.010,324.070
183.670,356.470,229.030,356.470,229.030,332.220,183.670,332.220
185.460,354.180,231.130,354.180,231.130,329.770,185.460,329.770
199.220,362.600,245.210,362.600,245.210,338.030,199.220,338.030
209.740,368.810,256.040,368.810,256.040,344.090,209.740,344.090
220.250,375.030,266.870,375.030,266.870,350.140,220.250,350.140
225.100,378.720,272.040,378.720,272.040,353.680,225.100,353.680
229.950,382.410,277.200,382.410,277.200,357.210,229.950,357.210
229.800,383.200,276.950,383.200,276.950,357.210,229.800,357.210
233.910,386.030,280.950,386.030,280.950,359.260,233.910,359.260
238.010,388.870,284.950,388.870,284.950,361.300,238.010,361.300
242.120,391.700,288.950,391.700,288.950,363.350,242.120,363.350
246.220,394.540,292.950,394.540,292.950,365.400,246.220,365.400
252.930,397.280,299.550,397.280,299.550,367.350,252.930,367.350
259.640,400.020,306.160,400.020,306.160,369.310,259.640,369.310
259.730,401.810,306.140,401.810,306.140,370.310,259.730,370.310
270.430,403.610,316.740,403.610,316.740,371.320,270.430,371.320
281.130,405.400,327.330,405.400,327.330,372.330,281.130,372.330
290.190,409.970,336.280,409.970,336.280,376.110,290.190,376.110
299.250,414.540,345.240,414.540,345.240,379.890,299.250,379.890
308.960,417.930,354.900,417.930,354.900,383.120,308.960,383.120
310.070,417.110,355.950,417.110,355.950,382.150,310.070,382.150
317.780,420.080,363.610,420.080,363.610,384.960,317.780,384.960
325.500,423.050,371.280,423.050,371.280,387.770,325.500,387.770
331.430,425.800,377.160,425.800,377.160,390.360,331.430,390.360
337.360,428.560,383.040,428.560,383.040,392.960,337.360,392.960
345.820,430.050,391.440,430.050,391.440,394.300,345.820,394.300
345.450,431.550,391.020,431.550,391.020,395.640,345.450,395.640
353.590,433.440,399.110,433.440,399.110,397.370,353.590,397.370
361.730,435.330,407.190,435.330,407.190,399.110,361.730,399.110
369.860,437.220,415.280,437.220,415.280,400.840,369.860,400.840
378.000,439.110,423.360,439.110,423.360,402.570,378.000,402.570
388.240,440.580,434.070,440.580,434.070,404.140,388.240,404.140
388.390,440.790,434.700,440.790,434.700,404.460,388.390,404.460
397.370,443.520,444.150,443.520,444.150,407.300,397.370,407.300
405.200,444.990,452.450,444.990,452.450,408.870,405.200,408.870
415.540,446.460,463.260,446.460,463.260,410.450,415.540,410.450
424.300,448.560,472.500,448.560,472.500,412.650,424.300,412.650
433.070,450.660,481.740,450.660,481.740,414.860,433.070,414.860
434.150,451.000,483.290,451.000,483.290,415.300,434.150,415.300
444.210,453.380,493.830,453.380,493.830,417.780,444.210,417.780
454.270,455.760,504.360,455.760,504.360,420.270,454.270,420.270
461.180,456.260,511.740,456.260,511.740,420.870,461.180,420.870
468.090,456.750,519.120,456.750,519.120,421.470,468.090,421.470
471.190,457.900,521.800,457.900,521.800,421.990,471.190,421.990
474.280,459.060,524.470,459.060,524.470,422.520,474.280,422.520
486.830,458.330,536.600,458.330,536.600,421.150,486.830,421.150
491.520,458.390,540.870,458.390,540.870,420.590,491.520,420.590
502.500,458.450,551.430,458.450,551.430,420.020,502.500,420.020
517.260,459.140,565.770,459.140,565.770,420.080,517.260,420.080
529.500,458.580,577.590,458.580,577.590,418.890,529.500,418.890
528.360,458.640,576.030,458.640,576.030,418.320,528.360,418.320
541.480,457.850,588.730,457.850,588.730,416.900,541.480,416.900
554.610,457.070,601.440,457.070,601.440,415.480,554.610,415.480
567.740,456.280,614.140,456.280,614.140,414.070,567.740,414.070
580.860,455.490,626.850,455.490,626.850,412.650,580.860,412.650
593.310,410.560,593.380,453.350,639.500,453.280,639.430,410.480
592.430,408.940,592.570,451.690,638.820,451.540,638.680,408.790
602.890,408.280,603.100,450.980,649.480,450.750,649.280,408.050
613.350,407.610,613.630,450.260,660.140,449.960,659.870,407.300
619.380,405.100,619.720,447.710,666.370,447.330,666.030,404.720
620.160,403.750,620.570,446.310,667.340,445.850,666.940,403.290
620.930,402.400,621.410,444.910,668.320,444.380,667.840,401.860
619.820,400.100,620.360,442.570,667.410,441.960,666.860,399.490
619.070,398.860,619.680,441.280,666.860,440.590,666.250,398.170
618.330,397.610,619.010,439.990,666.310,439.220,665.630,396.850
617.580,396.360,618.330,438.690,665.760,437.850,665.020,395.520
617.650,437.400,665.220,436.480,664.400,394.200,616.830,395.120
615.230,394.220,616.260,436.570,663.770,435.430,662.750,393.080
613.630,393.330,614.860,435.750,662.330,434.390,661.100,391.970
609.390,392.440,610.820,434.920,658.240,433.340,656.800,390.850
605.140,391.540,606.780,434.100,654.150,432.290,652.500,389.730
600.890,390.650,602.740,433.270,650.060,431.240,648.210,388.620
596.650,389.750,598.700,432.440,645.970,430.190,643.910,387.500
592.400,388.860,594.660,431.620,641.870,429.140,639.610,386.380
588.150,387.960,590.620,430.790,637.780,428.100,635.320,385.270
583.910,387.070,586.580,429.970,633.690,427.050,631.020,384.150
579.660,386.180,582.540,429.140,629.600,426.000,626.720,383.030
575.410,385.280,578.500,428.310,625.510,424.950,622.430,381.920
574.460,427.490,621.420,423.900,618.130,380.800,571.170,384.390
568.720,383.750,571.740,426.780,618.620,423.490,615.600,380.460
566.270,383.110,569.020,426.070,615.820,423.080,613.070,380.120
563.830,382.480,566.300,425.350,613.010,422.660,610.540,379.790
561.380,381.840,563.570,424.640,610.210,422.250,608.020,379.450
558.930,381.200,560.850,423.930,607.410,421.840,605.490,379.110
556.480,380.560,558.130,423.220,604.610,421.430,602.960,378.770
554.040,379.930,555.410,422.510,601.800,421.010,600.430,378.430
551.590,379.290,552.690,421.800,599.000,420.600,597.900,378.090
549.140,378.650,549.960,421.080,596.200,420.190,595.380,377.760
546.700,378.010,547.240,420.370,593.400,419.780,592.850,377.420
544.250,377.380,544.520,419.660,590.590,419.360,590.320,377.080
541.800,418.950,587.790,418.950,587.790,376.740,541.800,376.740
540.470,419.020,586.510,419.020,586.510,376.760,540.470,376.760
539.140,419.090,585.230,419.090,585.230,376.780,539.140,376.780
537.810,419.160,583.960,419.160,583.960,376.790,537.810,376.790
536.480,419.230,582.680,419.230,582.680,376.810,536.480,376.810
535.150,419.300,581.400,419.300,581.400,376.830,535.150,376.830
533.820,419.370,580.120,419.370,580.120,376.850,533.820,376.850
532.490,419.440,578.850,419.440,578.850,376.860,532.490,376.860
531.160,419.510,577.570,419.510,577.570,376.880,531.160,376.880
529.830,419.580,576.290,419.580,576.290,376.900,529.830,376.900
530.460,419.370,576.970,419.370,576.970,376.630,530.460,376.630
531.090,419.160,577.660,419.160,577.660,376.370,531.090,376.370
531.720,418.950,578.340,418.950,578.340,376.110,531.720,376.110
533.730,419.000,580.250,419.000,580.250,376.320,533.730,376.320
535.750,419.060,582.160,419.060,582.160,376.530,535.750,376.530
537.760,419.110,584.060,419.110,584.060,376.740,537.760,376.740
539.770,419.160,585.970,419.160,585.970,376.950,539.770,376.950
541.780,419.210,587.880,419.210,587.880,377.160,541.780,377.160
543.800,419.270,589.790,419.270,589.790,377.370,543.800,377.370
545.810,419.320,591.690,419.320,591.690,377.580,545.810,377.580
547.820,419.370,593.600,419.370,593.600,377.790,547.820,377.790
549.830,419.420,595.510,419.420,595.510,378.000,549.830,378.000
555.770,419.470,601.340,419.470,601.340,378.210,555.770,378.210
561.700,419.530,607.160,419.530,607.160,378.420,561.700,378.420
567.630,419.580,612.990,419.580,612.990,378.630,567.630,378.630
574.190,419.110,619.760,419.110,619.760,378.320,574.190,378.320
573.190,418.640,618.970,418.640,618.970,378.000,573.190,378.000
580.640,417.620,626.630,417.620,626.630,377.140,580.640,377.140
588.080,416.600,634.280,416.600,634.280,376.280,588.080,376.280
595.530,415.580,641.940,415.580,641.940,375.420,595.530,375.420
603.690,414.890,650.310,414.890,650.310,374.890,603.690,374.890
610.180,415.360,657.010,415.360,657.010,375.510,610.180,375.510
610.240,414.190,657.280,414.190,657.280,374.500,610.240,374.500
617.280,412.230,664.530,412.230,664.530,372.690,617.280,372.690
624.320,410.270,671.780,410.270,671.780,370.890,624.320,370.890
631.360,408.310,679.030,408.310,679.030,369.090,631.360,369.090
635.040,406.350,682.920,406.350,682.920,367.290,635.040,367.290
639.480,405.670,687.620,405.670,687.620,366.550,639.480,366.550
638.870,404.980,687.280,404.980,687.280,365.820,638.870,365.820
641.730,402.890,690.400,402.890,690.400,363.670,641.730,363.670
644.600,400.790,693.520,400.790,693.520,361.510,644.600,361.510
647.460,398.680,696.650,398.680,696.650,359.360,647.460,359.360
650.320,396.580,699.770,396.580,699.770,357.210,650.320,357.210
651.600,394.960,701.320,394.960,701.320,355.530,651.600,355.530
652.890,393.330,702.870,393.330,702.870,353.850,652.890,353.850
652.990,391.700,703.240,391.700,703.240,352.170,652.990,352.170
653.100,390.080,703.600,390.080,703.600,350.490,653.100,350.490
653.200,388.450,703.970,388.450,703.970,348.810,653.200,348.810
653.310,386.820,704.340,386.820,704.340,347.130,653.310,347.130
652.260,385.880,703.290,385.880,703.290,346.290,652.260,346.290
651.210,384.930,702.240,384.930,702.240,345.450,651.210,345.450
650.160,383.980,701.190,383.980,701.190,344.610,650.160,344.610
647.010,382.200,698.040,382.200,698.040,342.930,647.010,342.930
643.860,380.410,694.890,380.410,694.890,341.250,643.860,341.250
640.710,378.630,691.740,378.630,691.740,339.570,640.710,339.570
638.610,377.050,689.640,377.050,689.640,338.100,638.610,338.100
636.510,375.480,687.540,375.480,687.540,336.630,636.510,336.630
632.520,373.900,683.550,373.900,683.550,335.160,632.520,335.160
628.530,372.330,679.560,372.330,679.560,333.690,628.530,333.690
624.540,370.760,675.570,370.760,675.570,332.220,624.540,332.220
620.550,369.180,671.580,369.180,671.580,330.750,620.550,330.750
618.950,368.420,669.660,368.420,669.660,330.200,618.950,330.200
617.350,367.660,667.750,367.660,667.750,329.650,617.350,329.650
615.750,366.900,665.830,366.900,665.830,329.100,615.750,329.100
614.140,366.140,663.910,366.140,663.910,328.550,614.140,328.550
613.800,365.690,663.260,365.690,663.260,328.310,613.800,328.310
613.460,365.240,662.600,365.240,662.600,328.070,613.460,328.070
613.120,364.800,661.950,364.800,661.950,327.840,613.120,327.840
612.780,364.350,661.290,364.350,661.290,327.600,612.780,327.600
613.930,363.510,662.130,363.510,662.130,326.970,613.930,326.970
615.090,362.670,662.970,362.670,662.970,326.340,615.090,326.340
616.250,361.830,663.810,361.830,663.810,325.710,616.250,325.710
617.400,360.990,664.650,360.990,664.650,325.080,617.400,325.080
618.800,360.680,666.340,360.680,666.340,324.920,618.800,324.920
620.200,360.370,668.040,360.370,668.040,324.750,620.200,324.750
621.590,360.050,669.730,360.050,669.730,324.590,621.590,324.590
622.990,359.740,671.430,359.740,671.430,324.420,622.990,324.420
624.390,359.430,673.120,359.430,673.120,324.260,624.390,324.260
625.790,359.120,674.810,359.120,674.810,324.100,625.790,324.100
627.180,358.800,676.510,358.800,676.510,323.930,627.180,323.930
627.420,358.260,677.050,358.260,677.050,323.530,627.420,323.530
627.660,357.710,677.580,357.710,677.580,323.130,627.660,323.130
627.900,357.160,678.120,357.160,678.120,322.730,627.900,322.730
628.140,356.610,678.650,356.610,678.650,322.330,628.140,322.330
627.440,354.650,678.240,354.650,678.240,320.520,627.440,320.520
626.730,352.680,677.840,352.680,677.840,318.700,626.730,318.700
626.130,351.140,677.530,351.140,677.530,317.300,626.130,317.300
625.530,349.590,677.230,349.590,677.230,315.900,625.530,315.900
624.930,348.050,676.920,348.050,676.920,314.510,624.930,314.510
624.330,346.500,676.620,346.500,676.620,313.110,624.330,313.110
