585.76,217.27,602.38,193.51,646.15,224.13,629.53,247.89
592.06,196.06,642.61,217.04,632.1,242.37,581.55,221.39
578.56,218.06,602.4,188.08,647.88,224.24,624.05,254.22
576.55,216.99,600.24,188.12,646.3,225.91,622.61,254.78
575.02,216.28,599.32,188.3,644.16,227.24,619.86,255.22
573.54,214.89,594.75,187.99,641,224.45,619.78,251.35
571.8,214.14,595.09,186.62,641.22,225.65,617.93,253.17
573.66,211.93,595.49,187.29,637.87,224.83,616.04,249.47
580.67,203.3,600.46,189.87,628.62,231.39,608.83,244.81
589.2,195.43,604.59,192.11,615.55,243.07,600.16,246.38
592.24,193.42,607.9,194.46,604.82,240.65,589.16,239.61
593.49,190.48,611.5,195.81,598.35,240.18,580.34,234.84
592.97,189.16,609.72,194.55,595.77,237.96,579.01,232.57
592.6,186.97,610.81,194.5,593.02,237.53,574.8,230
590.65,185.7,610.92,194.79,591.95,237.11,571.68,228.03
592.12,185.75,608.68,194.43,587.12,235.59,570.56,226.91
589.44,183.3,606.95,191.75,585.73,235.75,568.22,227.31
586.19,182.5,606.92,191.79,586.83,236.61,566.1,227.32
586.06,182.4,604.78,190.28,585.87,235.25,567.15,227.37
576,186,599,186,599,233,576,233
584.62,181.65,603.92,190.06,584.37,234.9,565.07,226.49
575,185,598,185,598,234,575,234
583.25,180.88,602.02,188.24,584.12,233.85,565.36,226.49
582.22,180.63,600.69,187.33,583.32,235.19,564.85,228.49
581.56,179.95,601.85,188.04,583.73,233.49,563.44,225.4
581.12,181.06,599.18,187.5,582.9,233.12,564.84,226.68
582.63,181.29,599.76,187.75,582.64,233.13,565.51,226.67
581.28,180.91,600.02,188.6,582.01,232.51,563.26,224.82
580.14,181.33,600.48,189.75,581.83,234.83,561.49,226.41
579.73,180.97,599.41,189.17,580.58,234.33,560.9,226.13
578.39,180.84,598.11,188.07,580.73,235.47,561.01,228.24
577.11,181.12,596.12,187.27,580.34,236.05,561.33,229.9
570,184,591,184,591,236,570,236
574.85,180.13,592.91,184.78,579.57,236.69,561.5,232.04
570.31,181.49,586.46,182.26,584.31,227.54,568.15,226.77
566.77,182.92,583.55,180.44,590.57,227.88,573.79,230.36
552.69,192.3,571.46,177.8,600.25,215.05,581.48,229.55
544.83,199.59,561.9,177.43,602.73,208.89,585.66,231.05
541.24,199.25,560.67,174.83,604.4,209.62,584.97,234.04
540.34,199.79,559.36,175.82,602.97,210.44,583.94,234.41
539.93,199.58,558.72,176.18,603.23,211.91,584.44,235.32
540.26,197.61,562.79,174.92,604.18,216.01,581.65,238.7
539.65,199.35,561.21,176.9,602.8,216.86,581.23,239.31
538.61,198.03,561.79,175.82,603.69,219.54,580.5,241.75
537.77,199.27,560.9,176.06,603.46,218.47,580.33,241.68
537.16,199.91,557.44,177,601.26,215.78,580.98,238.7
537.27,200.44,558,177.22,601.55,216.12,580.82,239.33
539.31,198.27,559.94,177.92,600.87,219.4,580.24,239.75
537.27,201.98,558.3,178.91,600.84,217.69,579.82,240.75
535.93,200.82,560.08,177.34,603.03,221.52,578.89,245
538.09,200.53,560.52,179.01,601.3,221.53,578.87,243.04
538.71,201.59,561.21,180.02,602.2,222.77,579.7,244.34
540.73,201.5,560.67,180.6,602.86,220.85,582.93,241.75
540.41,202.96,561.83,180.61,603.41,220.48,581.99,242.82
541.39,201.82,564.92,180.98,605.61,226.94,582.09,247.77
544.36,201.7,568,182.04,606.35,228.15,582.71,247.81
552.41,197.21,574.26,184.2,602.78,232.11,580.93,245.12
569.49,190.29,586.02,189.42,588.67,239.75,572.14,240.62
579.41,186.16,601.42,198.99,577.41,240.16,555.4,227.32
592.48,185.25,609.98,206.36,571.01,238.65,553.51,217.53
598.88,184.03,615.92,208.39,570.23,240.35,553.19,215.99
603.23,184.24,619.43,208.66,570.93,240.85,554.73,216.43
606.61,184.75,622.54,210.44,572.39,241.52,556.47,215.83
605.56,183.47,624.43,207.8,575.05,246.1,556.18,221.77
605.51,184.67,625.41,208.93,577.79,248,557.89,223.73
607.37,185.72,628.47,210.81,581.62,250.19,560.53,225.1
608.34,186.39,629.37,211.32,584.5,249.17,563.47,224.24
611.84,187.75,630.77,211.46,584.92,248.07,565.99,224.36
614.35,187.84,633.55,212.56,586.19,249.35,566.99,224.64
615.73,188.12,636.34,213.11,588.82,252.31,568.21,227.32
620.88,189.7,637.48,213.86,589.52,246.82,572.92,222.66
619.55,188.6,639.27,213.33,592.88,250.33,573.16,225.6
625.72,189.9,642.68,216.28,592.79,248.35,575.83,221.96
624.6,189.8,643.11,214.47,595.24,250.38,576.73,225.7
623.55,189.24,645.42,214.01,597.8,256.06,575.93,231.29
624.69,189.98,646.4,213.84,600.5,255.61,578.78,231.75
627.74,190.26,648.64,215.04,602.1,254.31,581.2,229.53
630.78,191.56,650.34,216.25,603.2,253.59,583.64,228.9
630.19,190.99,652.19,216.11,605.51,256.99,583.51,231.87
635.3,192.43,655.08,218.11,607.56,254.7,587.79,229.02
633.2,191.6,656.09,216.22,609.06,259.94,586.18,235.32
641.26,193.77,659.45,220.46,609.72,254.36,591.52,227.67
635.12,191.54,658.75,215.08,612.57,261.45,588.94,237.91
637.48,192.57,662.31,217.7,614.69,264.74,589.87,239.62
637.87,193.11,661.79,216.43,615.19,264.22,591.27,240.9
640.46,193.92,663.31,219.01,616.8,261.36,593.96,236.28
639.35,194.51,664.89,219.66,618.35,266.92,592.81,241.77
641.78,194.88,667,221.08,619.5,266.81,594.28,240.61
642.94,195.26,666.19,218.13,619.2,265.91,595.95,243.04
643.82,196.2,666.41,217.52,622.68,263.85,600.09,242.52
646.07,195.09,671.95,222.21,622.48,269.42,596.6,242.3
651.9,195.51,674.42,223.27,621.42,266.28,598.9,238.53
656.78,195.32,678.14,225.84,620.52,266.17,599.16,235.64
659.38,195.8,678.26,224.94,619.75,262.86,600.87,233.73
660.02,196.27,678.63,225.33,620.33,262.66,601.72,233.6
659.73,195.2,681.68,227.57,622.74,267.54,600.79,235.18
659.45,195.96,680.47,225.35,621.73,267.37,600.71,237.98
658.77,196.43,681.56,226.56,623.09,270.78,600.3,240.64
658.55,196.95,681.15,227.09,624.03,269.9,601.44,239.76
662.68,198.1,680.55,225.33,621.96,263.78,604.09,236.55
654.43,197.63,678.16,224.22,627.51,269.42,603.78,242.83
654.8,197.92,677.08,221.13,625.48,270.65,603.21,247.45
654.29,200.33,674.81,224.26,627.72,264.63,607.2,240.69
643.77,203.88,664.78,217.85,633.06,265.54,612.05,251.57
631,210,648,210,648,264,631,264
621.9,213.5,642.1,206.6,657.98,253.09,637.78,259.99
614.25,218.45,636.15,205.33,662.71,249.66,640.81,262.79
611.61,219.26,633.96,204.51,664.68,251.08,642.33,265.83
609.99,219.51,632.73,204,664.02,249.87,641.27,265.38
608.97,218.94,630.68,204.4,661.44,250.32,639.74,264.87
608.59,216.81,631.11,203.84,659.18,252.55,636.65,265.53
607.65,215.41,630.37,203.58,656.55,253.86,633.83,265.69
607.05,214.15,630.15,203.14,654.49,254.2,631.39,265.21
604.55,213.41,628.45,202.35,652.58,254.48,628.67,265.54
602.54,213.04,625.75,201.77,650.49,252.71,627.28,263.98
601.35,212.32,626.05,201.61,648.71,253.88,624.02,264.58
599.07,210.83,623.8,200.08,647.11,253.71,622.38,264.45
597.71,210.79,622.24,200.7,644.65,255.15,620.13,265.25
596.21,210.53,619.87,201.02,641.85,255.68,618.19,265.19
596.83,207.82,620.16,200.47,638.16,257.61,614.83,264.96
592.88,207.64,616.92,199.09,637.81,257.83,613.78,266.38
592.31,206.66,615.64,199.12,635.27,259.88,611.94,267.42
591.04,206.82,613.79,199.44,633.53,260.31,610.78,267.69
589.6,205.36,612.21,198.56,630.76,260.2,608.14,267.01
587.4,205.73,610.6,198.6,629.61,260.41,606.41,267.54
585.63,206.18,609.45,198.1,629.35,256.8,605.52,264.88
587.27,204.52,608.8,198.99,624.43,259.82,602.9,265.35
592.75,200.93,610.18,198.96,617.55,264.03,600.11,266.01
595.54,197.69,614,200,606.83,257.35,588.37,255.05
604.27,194.47,627.75,209.34,596.59,258.54,573.11,243.67
609.72,192.58,632.08,213.42,592.95,255.42,570.59,234.59
611.62,191.79,632.73,214.31,589.44,254.87,568.33,232.35
613.48,192.6,633.63,215.96,586.35,256.75,566.2,233.39
612.31,191.65,632,215.73,584.79,254.34,565.1,230.26
607.54,191.23,629.93,213.02,585.51,258.66,563.13,236.88
606.77,191.1,629.77,213.11,586.44,258.4,563.44,236.39
609.8,192.04,630.99,216.65,583.32,257.7,562.13,233.09
605.29,190.76,629.4,213.37,585.51,260.17,561.4,237.55
603.83,191.05,628.78,213.26,585.16,262.27,560.21,240.06
606.01,192.14,627.36,213.73,583.62,256.97,562.28,235.38
603.68,191.54,626.34,212.58,585.12,256.97,562.46,235.93
601.65,191.74,625.62,211.03,585.5,260.9,561.53,241.61
602.88,191.79,626.66,213.2,584.89,259.6,561.11,238.19
602.95,191.54,626.86,212.82,584.97,259.89,561.06,238.61
600.3,191.33,626.31,210.99,586.12,264.15,560.12,244.49
600.72,191.04,626.86,210.93,586.48,264,560.34,244.11
600.75,190.3,626.86,209.43,587.81,262.72,561.7,243.58
601.51,190.17,628.59,210.13,589.53,263.13,562.44,243.16
600.73,190.02,628.57,208.72,590.82,264.95,562.97,246.25
601.26,190.61,629.76,209.24,592.43,266.38,563.92,247.75
602.5,190.15,631.05,208.72,593.14,267.01,564.59,248.45
601.14,190.51,628.88,205.9,594.86,267.21,567.12,251.82
601.16,190.07,630.94,205.35,597.03,271.42,567.26,256.14
605.44,188.92,635.38,207.74,596.91,268.95,566.97,250.13
607.49,188.66,637.81,208.82,597.85,268.89,567.54,248.74
613.99,186.39,641.83,210.32,596.3,263.27,568.46,239.33
626.29,185.95,647.68,214.33,592.74,255.73,571.36,227.35
631.62,184.94,653.29,216.43,592.88,258.02,571.21,226.52
640.27,188.9,655.07,217.48,590.86,250.74,576.06,222.15
642.07,189.16,657.4,218.81,592.97,252.12,577.64,222.47
640.05,187.07,657.95,217.05,596.41,253.8,578.51,223.82
638.52,185.99,659.66,217.92,599.83,257.52,578.69,225.59
637.38,185.84,659.43,215.73,601.13,258.75,579.08,228.86
640.72,187.05,660.43,214.55,603.1,255.65,583.39,228.15
645.87,187.06,664.75,218.03,602.84,255.75,583.97,224.78
640.85,185.33,664.26,214.9,605.58,261.36,582.17,231.8
645.99,186.14,667.45,216.92,606.67,259.31,585.2,228.53
642.86,184.08,668.23,214.67,609.2,263.61,583.84,233.01
642.88,184,668.83,213.94,610.44,264.55,584.48,234.6
639.61,184.45,665.9,211.65,612.77,263.01,586.48,235.81
634.95,186.43,657.92,206.53,612.44,258.48,589.48,238.37
626.73,193.13,651.16,211.56,615.11,259.36,590.67,240.93
617.56,200.4,641.74,212.63,617.64,260.26,593.47,248.02
606.4,207.44,635.67,208.11,634.46,261.06,605.19,260.39
660.55,192.23,673.29,212.62,611.34,251.33,598.6,230.94
641.7,196.89,678.49,201.96,675.83,221.25,639.04,216.18
623.61,209.5,665.75,193.82,673.18,213.81,631.05,229.48
614.01,213.59,667.01,192.92,676.39,216.97,623.39,237.63
658.28,186.73,677.54,217.43,614.68,256.86,595.42,226.16
656.63,185.57,677.1,215.26,617.3,256.5,596.83,226.81
659.04,185.98,678.86,217.26,617.4,256.22,597.58,224.94
656.39,185.96,674.6,212.2,615.99,252.88,597.78,226.63
662.07,187.98,678.69,218.41,615.85,252.72,599.24,222.29
657.15,187.19,676.27,215.84,616.33,255.85,597.21,227.19
657.28,186.11,678.09,216.94,616.55,258.47,595.75,227.64
655.1,185.79,676.22,215.55,617.93,256.91,596.81,227.15
647.44,186.72,670.27,211.28,619.42,258.55,596.59,233.99
638.62,189.35,661.51,206.18,624.24,256.87,601.34,240.04
630.24,193.61,649.12,199.92,629.7,258.01,610.82,251.7
622.77,196.29,641.26,195.55,643.65,255.29,625.16,256.03
610.77,201.91,634.82,192.98,654.92,247.09,630.87,256.02
609.73,201.64,633.61,192.47,653.55,244.37,629.67,253.54
608.38,201.62,630.69,192.7,652.66,247.67,630.34,256.58
605.98,203.73,629.22,193.37,653.48,247.83,630.23,258.18
605.73,202.22,629.6,192.8,651.33,247.84,627.46,257.26
604.77,202.38,628.58,193.12,650.47,249.4,626.66,258.66
605.61,201.23,628.13,193.58,648.37,253.13,625.84,260.78
605.22,200.36,627.89,192.87,648.01,253.71,625.34,261.21
604.4,201.13,627.06,193.46,646.72,251.54,624.06,259.2
603,200.32,626.53,192.66,646.5,254.07,622.97,261.72
602.66,201.74,625.77,193.73,645.4,250.35,622.29,258.37
600.84,201.3,623.86,192.66,644.81,248.51,621.78,257.15
601.96,200.85,625.5,193.68,643.77,253.62,620.23,260.8
600.21,201.28,622.05,192.78,643.82,248.72,621.98,257.22
599.2,201.19,622.31,193.03,643.29,252.4,620.18,260.57
597.61,202.36,619.92,192.88,643.26,247.78,620.94,257.27
596.51,203.42,618.28,193.61,641.91,246.02,620.14,255.84
595.27,202.96,617.87,193.11,641.3,246.9,618.71,256.74
594.49,203.19,616.9,193.36,640.6,247.41,618.2,257.24
593.64,202.3,616.52,192.71,639.7,248,616.82,257.59
592.72,202.83,616.28,193.27,638.26,247.46,614.7,257.01
590.64,203.7,615.48,192.87,639.28,247.47,614.44,258.3
590.47,202.55,615.12,192.81,637.67,249.89,613.03,259.63
589.7,203.11,614.41,193.41,636.52,249.74,611.82,259.44
589.17,203.39,612.35,194.08,634.16,248.39,610.98,257.7
587,204.12,609.27,192.83,634.79,243.12,612.52,254.41
587.81,203.39,611.26,193.66,633.73,247.8,610.27,257.54
586.51,204.17,610.56,193.81,633.54,247.16,609.49,257.51
585.07,204.67,608.63,193.6,633.64,246.8,610.07,257.88
585.38,203.62,608.78,193.55,632.1,247.75,608.7,257.82
585.01,203.72,609.29,193.57,632.9,250.08,608.62,260.22
584.46,203.5,608.55,193.2,632.98,250.33,608.89,260.63
584.77,204.91,608.63,194.13,632.31,246.55,608.45,257.33
583.95,206.05,608,193.94,634.09,245.73,610.04,257.84
581.52,207.21,605.46,194.27,634.04,247.18,610.1,260.11
574.63,215.55,595.88,194.98,636.93,237.39,615.69,257.96
567.6,219.02,590.87,192.06,639.93,234.4,616.66,261.36
561.21,223.53,580.29,192.8,639.99,229.86,620.91,260.59
557.65,226.24,577.57,192.74,640.39,230.1,620.47,263.59
554.9,227.58,572.06,194.83,639.71,230.27,622.55,263.03
552.04,227.47,570.34,194.37,638.48,232.05,620.18,265.15
549.28,230.24,566.48,196.82,636.46,232.83,619.26,266.25
549.06,228.39,570.25,194.72,636.98,236.72,615.79,270.39
545.81,230.28,566,196.12,633.12,235.8,612.93,269.96
541.29,231.6,561.98,196.41,631.13,237.08,610.44,272.26
538.57,230.85,560.37,196.24,628.02,238.84,606.22,273.45
533.9,232.52,556.96,195.92,626.76,239.89,603.7,276.49
529.77,233.7,553.47,196.05,622.84,239.72,599.14,277.37
527.45,231.26,550.28,196.51,618.27,241.19,595.44,275.94
521.32,234.77,542.36,197.83,614,238.65,592.96,275.59
516.65,235.95,541.9,197.17,611.31,242.37,586.06,281.15
512.51,236.02,538.47,197.39,608.12,244.2,582.16,282.82
512.51,233.55,538.42,198.36,602.8,245.76,576.89,280.95
507.47,236.19,534.6,200,597.9,247.45,570.78,283.64
501.88,239.44,527.71,200.95,593.46,245.07,567.63,283.56
498.89,238.61,527.75,201.53,589.37,249.48,560.52,286.56
493.26,240.43,523.02,201.63,585.9,249.84,556.14,288.65
489.32,240.31,519.99,201.83,582.07,251.3,551.39,289.78
484.51,240.68,511.58,203.49,575.84,250.26,548.77,287.45
479.57,240.54,510.54,202.18,572.88,252.5,541.91,290.86
475.81,238.25,510.49,202.33,568.35,258.2,533.67,294.12
470.27,242.33,499.76,204.65,562.29,253.59,532.8,291.27
466.28,240.95,496.7,205.11,556.86,256.18,526.44,292.02
461.23,238.48,481.12,207.34,548.91,250.65,529.02,281.79
456.36,243.59,488.03,206.89,548.41,258.99,516.75,295.69
451.93,245.14,482.8,207.5,543.6,257.36,512.73,295
448.51,244.04,480.35,208.8,539.42,262.17,507.58,297.41
445.08,244.2,475.79,208.61,534.78,259.53,504.06,295.11
441.95,244.3,475.95,209.03,532.98,264.02,498.98,299.28
437.39,248.56,456.04,212.75,519.81,245.95,501.16,281.77
437.13,243.58,470.22,210.85,526.04,267.29,492.95,300.02
434.11,242.07,469.89,210.76,522.7,271.1,486.92,302.42
433.12,241.14,468.28,211.45,520.83,273.67,485.67,303.36
437.47,236.35,469.66,215.68,512.37,282.17,480.18,302.85
436.64,242.03,463.15,218.29,508.18,268.58,481.67,292.32
442.28,230.73,484.48,231.79,483,291,440.8,289.95
442,232,480,232,480,286,442,286
440,233,478,233,478,284,440,284
439,234,476,234,476,284,439,284
437,235,474,235,474,285,437,285
430.66,251.32,450.39,227.19,485.97,256.28,466.24,280.41
435.23,235.69,472.47,236.17,471.85,284.15,434.61,283.67
434,237,471,237,471,285,434,285
427.58,250.87,449.15,228.82,485.88,264.76,464.31,286.81
432,238,469,238,469,288,432,288
433,238,469,238,469,288,433,288
433,238,468,238,468,290,433,290
432.41,240.64,469.41,241.7,467.99,291.29,430.99,290.23
432,241,468,241,468,292,432,292
431,241,468,241,468,294,431,294
430,241,468,241,468,295,430,295
429.26,242.3,467.5,241.11,469.28,297.99,431.04,299.19
427,242,469,242,469,290,427,290
434.81,230.81,486.03,259.25,468.22,291.33,417,262.89
429.69,228.15,490.38,259.68,472.38,294.32,411.69,262.79
424.84,227.35,490.06,259.21,473.44,293.22,408.23,261.36
412.84,235.09,481.4,251.68,474.45,280.43,405.88,263.84
421.89,229.6,490.17,263.05,473.39,297.3,405.11,263.84
422.35,230.17,491.25,265.26,473.19,300.73,404.29,265.64
404.54,265.09,423.35,230.03,490.28,265.93,471.47,300.99
403.44,266.54,420.75,232.17,487.8,265.96,470.48,300.33
402.55,268.5,420.44,234.18,486.79,268.76,468.9,303.08
402,269.37,420.96,235.77,485.98,272.46,467.02,306.07
401.36,270.49,421.17,236.07,485.51,273.1,465.7,307.52
400.45,271.9,421.3,236.9,483.75,274.11,462.89,309.11
399.97,272.03,420.05,238.22,481.35,274.64,461.27,308.45
398.46,273.4,420.43,237.95,481.66,275.9,459.69,311.35
397.44,274.06,420.5,238.36,480.58,277.16,457.52,312.86
413.17,243.89,473.6,271.14,458.8,303.97,398.37,276.72
420.03,244.39,473.52,273.47,455.93,305.8,402.45,276.72
407.61,275.86,426.59,247.52,470.61,277,451.62,305.35
418.08,256.44,462.14,264.49,454.76,304.87,410.7,296.82
420.61,256.74,461.43,264.39,453.69,305.63,412.88,297.98
421.76,258.4,463.58,267.18,455.41,306.02,413.6,297.23
421.14,259.89,460.89,264.86,455.85,305.23,416.09,300.26
421.78,259.86,462.33,265.64,456.67,305.3,416.12,299.52
420.67,262.14,460.22,264.16,458.15,304.9,418.59,302.89
421.91,261.77,463.51,266.39,458.88,308.1,417.28,303.48
422.62,261.15,464.01,264.91,459.93,309.81,418.54,306.05
423.28,262.33,464.35,265.49,460.95,309.69,419.88,306.53
417.63,279.28,437.73,253.93,477.74,285.66,457.64,311.01
423,263,464,263,464,311,423,311
418.59,282.21,438.84,253.91,480.75,283.9,460.5,312.2
418.13,279.33,440.87,251.36,485.63,287.75,462.88,315.73
428.87,251.57,482.06,278.66,466.78,308.67,413.59,281.58
412.4,273.99,430.34,246.22,486.99,282.81,469.05,310.58
413.36,273.31,429.3,246.99,485.67,281.13,469.73,307.45
409.85,277.53,426.57,247.61,484.96,280.26,468.24,310.17
410.17,277,427.12,248.33,484.3,282.14,467.35,310.81
411.62,276.5,429.38,248.44,485.04,283.67,467.27,311.73
411.21,278.34,428.81,248.93,485.07,282.6,467.48,312.01
411.39,276.64,430.43,247.57,485.15,283.41,466.11,312.48
412.28,276.28,433.08,247,487.17,285.42,466.38,314.7
411.8,276.87,432.77,247.27,487.45,286.01,466.48,315.61
413.1,274.82,431.85,247.17,487.11,284.63,468.37,312.29
413.28,275.93,433.04,247.18,487.94,284.9,468.19,313.65
414.22,274.98,433.75,246.51,488.29,283.92,468.77,312.39
414.77,277.33,430.32,249.03,486.07,279.65,470.52,307.96
416.85,277.7,433.2,249.34,489.42,281.75,473.07,310.11
418.43,277.09,435.1,248.8,489.87,281.06,473.2,309.36
421.25,276.58,439.93,247.78,493.58,282.59,474.91,311.38
422.43,276.39,441.18,247.41,495.77,282.73,477.02,311.71
424.05,276.91,440.86,248.3,496.08,280.73,479.27,309.35
426.75,276.66,444,247.81,499.2,280.82,481.94,309.67
430.04,275.49,447.99,247.37,501.02,281.23,483.07,309.34
433.51,275.2,449.84,247.54,503.49,279.22,487.16,306.88
439.94,274.72,456.07,248.71,503.74,278.27,487.61,304.28
447.5,269.62,465.52,249.29,504.83,284.14,486.81,304.47
456.46,265,473.71,250.41,504.03,286.26,486.78,300.85
463.99,258.68,483.51,248.54,505.7,291.28,486.18,301.41
470.61,253.49,488.88,247.37,504.09,292.81,485.83,298.92
475.35,252.16,492.5,246.92,506.39,292.44,489.24,297.68
478.11,251.03,495.31,245.28,510.76,291.46,493.56,297.22
481.19,250.46,498.35,244.28,515.27,291.32,498.11,297.5
484.76,248.68,501.27,242.85,517.98,290.17,501.48,296
487.63,248.28,505.46,241.3,522.99,286.09,505.16,293.07
491.18,246.03,508.32,240.35,523.61,286.48,506.47,292.16
493.75,245.35,511.42,238.79,528.62,285.06,510.95,291.62
497.79,244.61,513.24,238.91,530.33,285.21,514.88,290.91
500.94,243.73,519.17,237.39,535.88,285.37,517.66,291.72
504.95,243.49,524.04,236.86,540.55,284.33,521.47,290.97
508.3,242.26,525.96,236.22,542.33,284.02,524.66,290.07
512.35,240.66,529.79,235.2,545.16,284.22,527.71,289.69
514.96,239.57,532.61,233.72,549.17,283.64,531.52,289.5
517.78,238.49,535.68,232.19,553.65,283.19,535.76,289.5
521.67,237.12,540.91,230.95,557.97,284.2,538.73,290.36
526.08,234.39,546.17,230.37,557.4,286.41,537.3,290.44
530.38,233.73,547.47,229.19,562,283.87,544.92,288.41
531.09,232.64,550.09,226.31,568.09,280.33,549.09,286.66
535.47,231.24,554.79,225.69,570.85,281.61,551.53,287.15
538.54,230.56,557.87,224.71,575,281.37,555.67,287.22
541.08,227.71,557.93,222.02,576.12,275.88,559.27,281.57
543.61,227.52,562.54,221.31,580.36,275.6,561.44,281.82
548.2,225.98,565.51,220.84,581.04,273.16,563.73,278.3
547.43,226.45,564.76,219.53,585.55,271.61,568.21,278.53
547.77,226.43,567.41,217,590.48,265.03,570.84,274.46
545.34,229.79,565.11,215.03,595.24,255.39,575.46,270.15
540.83,234.53,558.64,213.61,599.57,248.43,581.77,269.36
537.19,237.69,551.74,211.88,602.13,240.27,587.59,266.08
535.43,234.99,549.21,208.91,605.33,238.56,591.55,264.64
533.51,235.57,547.27,207.47,606.55,236.51,592.78,264.61
532.42,235.47,544.97,206.8,607.93,234.37,595.37,263.04
533.71,232.85,547.89,204.04,610.59,234.92,596.4,263.72
535.62,229.33,552.51,200.24,612.89,235.29,596,264.38
536.19,227.29,553.55,197.89,614.07,233.64,596.71,263.03
537.92,226.74,555.82,197.31,615.62,233.69,597.71,263.12
538.42,224.93,556.08,195.64,616.09,231.82,598.43,261.11
540.35,223.66,555.87,195.57,615.61,228.58,600.09,256.67
539.21,223.02,556.06,193.86,617.13,229.16,600.28,258.32
540.59,220.44,561.86,189.65,620.64,230.26,599.38,261.05
540.9,221.13,559.9,190.11,618.87,226.23,599.87,257.25
558.47,190.16,617.44,222.89,602.19,250.37,543.22,217.64
558.03,187.84,618.06,221.29,601.85,250.38,541.83,216.94
559.7,186.83,617.89,220.11,602.13,247.68,543.93,214.4
542.81,213.47,564.37,182.96,622.4,223.97,600.84,254.48
558.68,184.81,618.27,218.25,602.24,246.82,542.65,213.38
544.18,210.73,560.52,183.13,618.12,217.25,601.77,244.85
542.36,211.19,561.38,180.68,619.38,216.83,600.36,247.35
544.19,208.27,565.35,178.63,620.16,217.77,599,247.4
542.83,208.31,562.09,177.67,619.46,213.75,600.19,244.38
543.7,203.97,566.23,174.19,621.28,215.82,598.75,245.6
543.99,203.06,567.49,172.67,622.36,215.09,598.86,245.48
561.62,173.14,619.12,208.2,602.12,236.09,544.61,201.04
543.8,198.49,570.08,167.95,625.14,215.32,598.87,245.86
545.14,195.77,571.36,166.34,625.15,214.27,598.92,243.7
545.75,193.22,570.67,164.36,623.35,209.85,598.43,238.71
550.85,189.15,578.02,163.91,623.61,213,596.45,238.23
560.13,182.73,580.95,165.84,615.87,208.88,595.05,225.77
572.94,169.76,588.35,165.81,601.39,216.68,585.98,220.63
580.02,166.58,594.34,167.13,592.37,218.28,578.05,217.73
582.79,163.41,601.32,168.62,587.67,217.16,569.14,211.95
584.6,162.06,603.32,169.3,584.75,217.33,566.03,210.09
584.25,160.61,601.17,166.36,584.16,216.49,567.23,210.74
583.68,158.72,603.46,166.2,584,217.65,564.21,210.16
586.02,158.47,601.93,163.94,584.29,215.19,568.38,209.71
586.73,156.97,602.69,163.04,582.47,216.18,566.51,210.11
582.8,155.01,602.13,161.29,584.24,216.35,564.9,210.07
582.91,154.14,600.44,159.15,584.3,215.67,566.77,210.66
581.94,153.59,599.89,158.52,583.98,216.47,566.02,211.53
582,151.99,599.48,156.61,583.73,216.23,566.25,211.61
581.01,150.76,599.43,155.42,584.06,216.27,565.64,211.62
581.11,149.78,598.9,153.98,584.29,215.88,566.5,211.68
579.09,148.53,599.03,153.04,584.56,216.94,564.62,212.42
578.77,147.61,598.46,152.21,583.58,215.78,563.9,211.17
577.23,146.85,596.85,150.77,583.65,216.73,564.04,212.81
577.22,145.77,595.5,149.29,582.55,216.64,564.27,213.12
575.52,144.95,594.63,148.07,583.55,215.84,564.44,212.72
574.88,143.64,593.37,146.56,582.4,216.04,563.91,213.12
573.68,142.58,592.63,145.19,582.83,216.22,563.88,213.6
572.48,141.77,591.29,143.97,582.87,216.15,564.06,213.96
571.48,140.77,590.4,142.98,581.88,216.04,562.95,213.83
569.98,139.92,589.3,141.82,581.91,216.88,562.59,214.98
570.71,138.69,589.52,141.08,580.86,209.13,562.05,206.73
569.16,139.57,588.37,141.71,580.89,208.99,561.68,206.85
570.4,138.66,587.87,140.99,579.35,204.85,561.89,202.52
569.95,136.67,588.57,139.13,579.85,205.17,561.23,202.71
569.21,136.87,587.5,138.98,579.88,205.02,561.59,202.91
569.17,135.91,586.85,138.28,578.19,202.83,560.51,200.46
567.78,136.51,586.13,138.45,579.22,203.7,560.87,201.76
568.01,135.61,586.8,137.93,578.64,203.99,559.85,201.67
567.65,135.34,586.37,137.86,577.86,201.06,559.14,198.54
568.19,134.4,585.91,137.29,576.79,193.27,559.08,190.38
568.02,133.6,585.66,136.35,576.15,197.49,558.51,194.75
567.93,133.49,585.48,136.12,576.33,197.1,558.78,194.47
567.15,133.42,585.45,136.09,576.55,197.1,558.25,194.43
565.98,132.97,583.28,134.75,576.92,196.81,559.61,195.04
564.89,133.56,581.38,134.28,578.55,199.28,562.06,198.57
558.3,135.78,577.09,131.94,589.99,195.15,571.2,198.98
541.23,145.76,568.18,128,603.77,181.99,576.82,199.76
536.07,147.13,557.61,126.42,604.56,175.23,583.02,195.94
532.05,151.19,548,127.46,603.36,164.65,587.42,188.38
528.91,151.22,548.4,124.75,605.88,167.08,586.39,193.54
526.5,153.68,547.79,124.43,606.11,166.88,584.81,196.13
530.84,130.19,600.12,157.49,589.22,185.14,519.94,157.84
519.07,156.96,539.96,124.69,604.1,166.2,583.21,198.47
519.46,155.63,542.75,123.12,604.07,167.06,580.78,199.57
529.55,128.5,596.71,157.16,584.43,185.92,517.27,157.26
529.79,127.17,596.57,157.91,583.09,187.18,516.32,156.44
517.34,154.55,538.64,123.2,600.41,165.17,579.11,196.52
515.59,153.84,538.68,122.06,600.11,166.7,577.01,198.48
516.73,154.09,534.19,124.6,596.06,161.25,578.59,190.74
515.21,153.67,539.23,121.75,600.66,167.98,576.65,199.9
514.21,154.37,539.97,121.26,600.7,168.51,574.94,201.62
513.75,154.29,536.25,122.26,598.65,166.09,576.16,198.12
514.48,152.63,539.82,120.88,599.29,168.33,573.95,200.08
513.87,153.91,541.1,120.86,601.13,170.3,573.91,203.35
515.29,152.07,542.61,120.49,601.06,171.07,573.74,202.64
514.28,151.77,542.1,120.38,599.79,171.51,571.97,202.9
528.48,123.39,592.62,157.26,576.06,188.62,511.92,154.74
513.28,151.77,542.16,119.99,601.11,173.56,572.23,205.34
513.82,151.92,537.42,120.78,597.41,166.25,573.81,197.38
518.25,146.72,541.82,120.85,596.61,170.77,573.05,196.63
515.53,149.4,534.6,122.03,594.61,163.85,575.54,191.22
520.39,146.85,545.55,122.07,598.79,176.13,573.63,200.91
531.6,141.29,554.54,127.09,589.07,182.87,566.13,197.07
542.74,133.46,560.48,128.45,578.11,190.86,560.38,195.87
547.94,131.41,563.85,130.82,566.32,197.77,550.42,198.35
550.54,128.76,566.64,130.05,562.18,185.64,546.08,184.35
551.03,128.78,568.48,131.16,560.85,187.07,543.41,184.69
549.75,129.21,567.19,130.55,562.78,187.83,545.35,186.49
550.03,128.78,567.17,130.69,560.67,188.75,543.53,186.83
549.37,129.18,567.11,130.55,562.55,189.81,544.81,188.45
548.36,129.27,566.72,130.42,563.02,189.69,544.65,188.54
549.13,128.33,566.04,130.04,559.91,190.93,543,189.23
549.48,127.88,567.3,129.98,560.12,190.96,542.31,188.86
548.51,128.28,565.86,129.73,560.68,191.78,543.33,190.33
548.4,128.38,564.5,129.5,560.13,192.59,544.03,191.47
547.76,128.08,565.64,129.75,559.75,192.82,541.86,191.15
547.9,128.08,565.66,129.7,559.99,192.09,542.23,190.48
547.73,128.01,565.51,129.57,559.93,192.79,542.16,191.22
546.84,128.93,562.5,129.51,560.16,192.58,544.5,192
546.45,128.63,562.36,129.07,560.6,192.18,544.7,191.74
548.06,127.35,564.91,128.93,558.92,192.84,542.07,191.26
547.4,127.46,564.24,128.66,559.66,192.69,542.82,191.49
545,128,562,128,562,192,545,192
547.19,127.23,564.01,128.55,558.94,192.71,542.13,191.38
544.88,128.24,561.13,128.3,560.88,192.54,544.63,192.47
544.49,127.36,561.18,127.45,560.85,191.42,544.16,191.33
546.06,127.25,562.07,127.79,559.87,192.34,543.87,191.8
545.67,127.28,561.39,127.83,559.13,192.26,543.41,191.7
545,127,561,127,561,191,545,191
545,127,561,127,561,192,545,192
545,127,561,127,561,192,545,192
545,127,561,127,561,192,545,192
545.31,126.86,560.93,126.88,560.87,192.77,545.26,192.75
545.07,126.58,561.31,127.15,558.99,193.32,542.75,192.75
545.1,125.56,561.35,126.21,558.79,190.35,542.53,189.7
545.05,125.58,561.34,126.21,558.83,191.38,542.55,190.75
543.78,124.8,559.6,125.07,558.49,191.49,542.67,191.23
543.25,124.95,559.03,124.95,559.03,184.03,543.25,184.03
542.18,124.39,559.12,124.45,558.9,183.47,541.97,183.41
542.02,124.53,559.01,124.53,558.99,184.49,542,184.49
545.12,124.81,560.85,125.97,556.42,186.5,540.68,185.35
545.53,123.85,563.03,125.97,555.87,185.08,538.37,182.95
545.38,123.08,563.12,125.23,555.87,185.08,538.13,182.92
541.06,123.48,558.06,123.51,557.96,183.54,540.96,183.51
543.05,124.21,558.43,124.87,555.79,186.45,540.41,185.79
542.05,123.17,558.34,123.84,555.82,184.62,539.53,183.94
544.28,122.09,562.04,124.18,554.88,185.04,537.12,182.96
540.34,122.62,557.22,122.73,556.82,184.28,539.94,184.17
540.33,122.85,556.93,122.87,556.85,184.08,540.26,184.06
540.47,122.01,555.92,121.78,556.84,184.89,541.39,185.11
541.34,121.55,556.4,122.12,553.97,186.94,538.92,186.38
541.87,120.91,559.02,122.59,552.91,184.87,535.77,183.19
548.65,118.71,566.6,126.35,546.69,173.1,528.74,165.46
552.51,117.29,575.46,131.34,544.13,182.54,521.18,168.49
553.15,114.22,578.89,132.51,542.65,183.54,516.9,165.25
558.57,114.85,581.53,134.59,541.48,181.17,518.52,161.43
563.71,114.69,584.62,137.74,539.85,178.32,518.95,155.27
564.53,115.36,584.19,136.61,540.64,176.93,520.97,155.69
565.98,114.44,584.25,136.51,541.05,172.27,522.78,150.2
566.06,115.08,584.86,136.64,543.32,172.86,524.52,151.3
564.11,113.33,586.31,136.88,544.2,176.58,522,153.03
567.55,113.35,586.44,136.15,542.66,172.42,523.77,149.62
568.07,113.76,585.3,135.63,541.8,169.9,524.57,148.03
565.94,112.97,584.02,133.65,542.64,169.81,524.57,149.13
565.23,113,585.29,135,543.58,173.03,523.52,151.02
563.08,111.67,584.92,134.21,544.34,173.51,522.51,150.98
562.08,111.85,581.97,131.38,543.52,170.54,523.63,151
557.86,112.8,577.14,128.59,545.02,167.82,525.74,152.03
546.68,115.18,565.46,120.31,552.26,168.71,533.48,163.58
532.19,119.89,552.19,112.32,570.7,161.21,550.7,168.78
518.63,132.02,535.03,110.92,576.57,143.21,560.17,164.31
510.94,134.3,527.35,108.2,580.79,141.78,564.39,167.89
508.92,131.31,526.82,105.33,582.64,143.77,564.74,169.76
506.22,131.04,525.57,103.9,582.11,144.22,562.75,171.36
505.97,130.79,526.24,103.19,583.64,145.36,563.37,172.96
506.62,130.2,526.35,103.26,582.5,144.4,562.76,171.33
505.55,129.55,524.98,102.44,582.76,143.87,563.33,170.97
505.47,129.68,522.99,103.15,580.11,140.89,562.6,167.41
504.44,129.94,528.19,100.4,584.29,145.51,560.55,175.05
504.58,128.68,523.8,101.59,580.41,141.76,561.19,168.85
504.76,128.5,524.15,101.5,580.35,141.85,560.96,168.85
505.05,127.98,524.91,101.45,578.94,141.88,559.09,168.42
504.19,127.74,523.92,100.8,579.18,141.27,559.45,168.21
503.89,126.29,525.12,100.3,579.62,144.81,558.4,170.81
503.33,125.38,523.49,99.603,578.89,142.92,558.73,168.7
503.63,125.94,521.02,100.41,576.49,138.2,559.1,163.72
502.3,124.94,523.97,98.977,578.29,144.31,556.62,170.27
502.65,126.83,518.14,101.66,573.93,135.97,558.45,161.15
500.88,125.57,516.94,100.55,574.27,137.35,558.21,162.36
501.85,123.85,524.45,98.35,577.94,145.76,555.33,171.26
501.06,124.28,518.1,99.643,574.29,138.49,557.26,163.13
501.75,124.52,521.31,99.204,574.76,140.48,555.21,165.8
500.6,123.15,524.22,97.818,576.73,146.77,553.12,172.11
503.38,121.72,529.05,98.322,576.16,149.99,550.49,173.39
508.05,119.86,529.75,100.8,572.27,149.21,550.57,168.27
519.35,110.14,538.17,102.87,562.54,166.01,543.72,173.27
529,107,545,107,545,177,529,177
534.02,103.71,557.55,111.22,538.06,172.31,514.53,164.8
537.55,100.05,564.12,113.2,534.01,174.06,507.43,160.91
541.09,98.671,567.75,115.13,530.56,175.37,503.9,158.91
540.59,99.422,566.73,116.76,531.66,169.63,505.52,152.29
541.67,99.234,567.42,117.91,529.84,169.72,504.09,151.04
540.16,100.03,566.22,117.84,530.29,170.41,504.24,152.6
541.18,99.911,564.03,117.53,527.49,164.93,504.64,147.31
538.87,99.185,563.97,117.11,528.13,167.3,503.03,149.38
540.03,100.16,562.02,116.68,526.06,164.55,504.07,148.02
538.61,99.864,562.47,116.7,527.26,166.59,503.4,149.75
538.25,99.671,560.87,115.45,525.36,166.35,502.74,150.57
534.36,99.349,563.95,117.6,529.17,173.96,499.59,155.7
537.13,99.88,560.56,116.86,525.55,165.16,502.13,148.18
537.38,100.15,559.59,116.92,526.13,161.23,503.92,144.45
535.34,100.28,560.27,115.99,527.24,168.42,502.31,152.71
533.14,100.39,558.94,115.01,527.71,170.15,501.91,155.53
531.81,100.61,558.7,114.34,529.8,170.96,502.91,157.24
532.33,99.939,559.86,115.33,528.01,172.27,500.49,156.87
532.12,100.31,559.1,115.63,527.6,171.09,500.62,155.76
530.29,99.725,561.18,116.12,529.49,175.85,498.59,159.46
531.77,100.79,558.7,115.09,528.09,172.71,501.17,158.41
531.37,100.49,558.43,115.4,527.54,171.48,500.48,156.57
531.56,100.46,558.09,114.76,527.95,170.67,501.43,156.38
528.35,100.73,554.03,111.32,528.61,172.97,502.94,162.39
529.39,102.24,556.28,113.85,529.64,175.54,502.75,163.93
529.86,101.83,554.67,113.19,527.6,172.31,502.79,160.94
526.74,104.14,545.66,109.38,529.27,168.62,510.34,163.38
520.38,106.64,536.78,105.05,542.73,166.57,526.34,168.16
501.02,119.31,522.85,100.79,558.6,142.92,536.77,161.44
493.04,121.98,514.58,98.069,563.23,141.88,541.7,165.79
487.41,124.6,506.98,97.397,564.76,138.97,545.19,166.17
485.67,128.26,502.67,98.837,565.83,135.32,548.84,164.74
485.8,128.93,501.57,100.02,564.66,134.43,548.89,163.34
485.57,129.24,502.1,99.543,565.93,135.09,549.39,164.78
487.67,128.54,504.56,100.31,566.77,137.53,549.88,165.75
488.28,128.05,507.57,98.701,567.67,138.21,548.37,167.56
488.86,128.53,509.73,99.026,568.9,140.89,548.04,170.39
489.87,127.43,511.67,98.175,569.47,141.25,547.67,170.5
489.55,129.23,511.59,98.842,569.64,140.94,547.6,171.33
489.53,129.31,510.99,99.109,570.01,141.05,548.54,171.26
489.53,128.82,513.88,98.15,573.75,145.68,549.4,176.34
501.26,103.46,566.18,132.41,553.85,160.06,488.93,131.11
490.22,129.11,512.89,98.988,572.17,143.6,549.5,173.72
491.83,128.87,515.15,99.316,572.01,144.18,548.69,173.73
490.41,130.28,513.13,100.28,571.57,144.56,548.84,174.55
493.64,129.12,512.92,101.54,571.25,142.3,551.98,169.89
492.96,132.19,511.49,102.38,571.3,139.57,552.77,169.38
493.95,130,515.86,100.17,573.68,142.64,551.77,172.48
493.86,130.84,514.1,101.7,572.83,142.48,552.59,171.62
496.11,131.1,508.65,105.62,569.95,135.79,557.42,161.27
508.91,105.29,569.85,135.91,556.38,162.72,495.44,132.1
496.27,131.66,519.92,101.79,576.53,146.6,552.88,176.47
497.52,131,519.67,102.45,576.87,146.83,554.72,175.38
497.12,131.4,519.24,102.93,576.93,147.74,554.82,176.21
497.93,132.24,520.88,102.54,577.98,146.67,555.03,176.37
498.88,132.55,521.86,103.52,579.14,148.85,556.16,177.88
501.29,132.08,526.36,102.69,580.7,149.06,555.62,178.45
503.5,130.39,527.46,103.44,581.3,151.31,557.34,178.26
500.95,134.19,529.45,101.97,586.43,152.38,557.93,184.6
501.39,133.95,527.22,103.38,585.14,152.32,559.3,182.9
501.92,135.94,529.85,104.12,588.11,155.26,560.19,187.08
524.19,107.51,585.24,149.47,566.39,176.89,505.34,134.92
506.04,134.88,527.09,107.05,585.66,151.35,564.61,179.18
508.81,131.66,531.87,105.84,587.83,155.81,564.77,181.63
505.94,136.05,526.48,108.23,586.22,152.32,565.69,180.15
504.81,137.13,527.98,107.03,588.05,153.28,564.88,183.38
503.62,138.91,527.59,107.18,588.4,153.13,564.42,184.86
504.06,140.04,527.2,108.1,587.54,151.8,564.4,183.74
504.5,140,526.29,108.94,586.8,151.4,565,182.45
506.45,138.94,527.15,109.23,586.66,150.69,565.96,180.4
505.59,138.4,530.88,107.56,590.28,156.26,565,187.1
507.41,139.41,528.53,110.22,587.96,153.22,566.84,182.41
506.45,139.87,526.7,110.56,588.32,153.14,568.08,182.44
508.18,139.04,531.77,109.09,590.15,155.08,566.55,185.03
506.9,140.97,527.83,111.07,588.14,153.3,567.2,183.2
509.49,140.86,527.41,112.55,588.12,150.97,570.2,179.28
507.34,141.7,527.67,111.91,589.24,153.93,568.91,183.72
509.79,140.92,532.93,110.97,590.28,155.26,567.13,185.22
510.71,140.86,532.46,111.44,591.31,154.96,569.56,184.37
510.04,141.93,530.18,111.84,591.41,152.84,571.27,182.92
511.46,142.74,530.91,113.2,590.72,152.57,571.27,182.12
511.46,144.22,529.82,113.65,590.11,149.84,571.75,180.42
513.77,142.67,533.86,113.23,593.27,153.79,573.18,183.22
516.32,140.37,533.59,114.58,591.07,153.1,573.8,178.88
515.06,141.96,533.74,113.91,593.27,153.56,574.58,181.61
514.67,143.4,535.8,113.76,594.91,155.88,573.78,185.52
515.67,144.92,534.57,115.5,594.45,153.96,575.54,183.39
517.05,144.16,535.13,115.35,594.1,152.35,576.02,181.16
545.94,115.05,596.91,162.85,575.13,186.06,524.17,138.27
519.56,144.13,538.6,115.8,596.92,155.01,577.88,183.34
519.3,144.73,542.17,114.65,599.08,157.91,576.21,187.99
519.87,144.69,541.9,113.73,600.3,155.29,578.27,186.26
521.26,145.97,540.92,116.12,600.49,155.35,580.83,185.2
521.89,145.14,544.37,114.83,601.26,157.02,578.78,187.33
524.09,142.82,535.15,118.57,597.27,146.9,586.21,171.15
528.18,141.39,546.64,115.59,600.03,153.81,581.57,179.61
541.36,135.02,559.39,119.68,595.77,162.43,577.75,177.78
559.89,125.43,578.42,123.48,583.67,173.4,565.14,175.35
565.61,120.42,583.08,124.35,572.26,172.52,554.79,168.59
573.21,118.68,592.58,129.84,568.6,171.43,549.24,160.27
575.04,117.12,597.39,131.79,567.06,178.01,544.71,163.34
572.91,118.04,594.25,128.97,568.87,178.5,547.53,167.57
573.78,118.38,593.88,128.15,568.52,180.31,548.43,170.54
575.94,117.19,597.65,130.32,568.5,178.52,546.79,165.39
576.02,118.13,594.88,129.2,571.26,169.44,552.4,158.37
574.89,117.86,598.14,130.71,570.41,180.88,547.16,168.04
576.29,118.8,596.11,130.23,570.46,174.73,550.64,163.3
575.96,118.38,596.28,129.51,570.35,176.85,550.03,165.73
577.14,118.48,596.48,130.32,571.82,170.64,552.47,158.8
575.64,118.32,598.92,130.9,572.84,179.15,549.56,166.57
578.02,118.78,598.06,130.22,570.66,178.23,550.62,166.79
577.46,119.44,598.29,130.22,572.55,179.97,551.72,169.2
576.19,119.01,597.47,128.66,573.59,181.31,552.32,171.66
577.08,118.83,598.7,129.07,575.06,178.98,553.44,168.74
579.28,118.83,598.3,129.18,573.43,174.89,554.42,164.54
575.2,119.28,593.25,124.29,578.61,177,560.56,171.99
568.51,122.58,586.31,121.03,590.9,173.88,573.09,175.43
547.86,135.59,569.54,115.22,610.43,158.75,588.75,179.12
537.27,141.04,557.14,112.4,614.57,152.24,594.7,180.88
536.82,142.45,551.78,114.91,614.99,149.24,600.04,176.78
536.42,143.75,550.94,115.27,616.62,148.76,602.1,177.25
537.96,143.53,550.3,116.37,615.48,145.96,603.15,173.13
536.93,142.07,551.69,113.8,617.51,148.17,602.75,176.44
538.96,141.35,552.01,115.23,616.02,147.22,602.97,173.33
539.35,139.76,553.55,113.41,617.58,147.9,603.39,174.25
541.4,140.03,554.48,114.06,617.84,145.98,604.76,171.95
540.37,141.81,553.59,113.89,616.22,143.55,602.99,171.47
539.88,141.28,553.23,113.85,617.72,145.23,604.38,172.66
542.15,138.79,555.56,113.01,617.02,144.96,603.62,170.74
540.31,139.87,554.41,112.47,618.1,145.23,604.01,172.63
541.2,139.57,556.26,112.06,618.22,145.96,603.17,173.48
543.48,137.73,556.9,112.88,617.67,145.68,604.25,170.54
540.13,140.09,554.41,112.45,618.66,145.63,604.39,173.27
540.38,139.68,554.98,112,618.83,145.69,604.23,173.37
541.82,139.92,555.81,113.06,616.69,144.78,602.7,171.65
543.76,137.07,558.83,111.81,617.74,146.94,602.67,172.2
540.42,141.22,554.53,112.51,619.55,144.47,605.44,173.18
540.71,139.4,555.57,111.6,618.36,145.15,603.5,172.95
542.08,138.28,557,111.43,618.32,145.49,603.4,172.34
543.06,136.74,557.72,111.2,617.38,145.47,602.71,171.01
550.66,133.49,567.38,111.91,613.81,147.87,597.1,169.45
566.48,121.71,586.1,114.67,604.83,166.9,585.21,173.94
578.99,115.2,598.05,119.86,587.37,163.49,568.31,158.83
590.56,111.64,614.63,131.34,578.5,175.5,554.43,155.81
597.33,110.95,617.63,133.8,573.38,173.11,553.07,150.26
595.55,109.45,617.81,130.95,572.18,178.2,549.91,156.71
594.57,110.6,616.9,132.15,574.31,176.27,551.99,154.72
595.38,111.18,616.45,131.9,573.04,176.05,551.97,155.32
592.42,110.6,615.53,131.37,573.49,178.14,550.39,157.37
591.36,110.49,615.93,131.78,574.84,179.23,550.26,157.95
590.69,110.38,614.3,130.36,574.37,177.56,550.76,157.58
590.54,110.32,614.13,130.6,573.49,177.86,549.9,157.59
590.29,110.31,613.89,129.86,573.86,178.21,550.26,158.66
590.16,110.37,613.86,129.77,573.77,178.74,550.07,159.35
590.18,110.36,613.79,129.83,574.35,177.64,550.74,158.16
589.92,110.2,613.65,129.78,574.35,177.44,550.61,157.87
589.32,110.44,613.51,129.87,574.72,178.17,550.53,158.74
590.15,110.23,613.84,129.73,574.22,177.87,550.53,158.37
590.15,110.63,613.51,129.72,574.39,177.58,551.03,158.49
589.46,110.28,613.75,129.19,575.61,178.16,551.32,159.25
589.04,110.19,613.48,129.22,575.33,178.21,550.9,159.18
590.17,110.38,614.02,129.84,574.87,177.81,551.02,158.34
589.83,110.53,612.89,128.39,575.39,176.79,552.33,158.93
589.09,110.13,613.47,128.65,576.21,177.68,551.84,159.16
591.96,110.57,614.87,130.84,573.9,177.14,550.99,156.87
590.05,110.53,613.11,128.47,575.53,176.8,552.47,158.86
589.69,109.79,613.43,128.35,575.35,177.06,551.61,158.49
590.83,109.52,614.67,128.71,575.38,177.5,551.55,158.31
591.82,109.26,615.52,128.28,575.65,177.94,551.96,158.91
594.69,108.88,617.61,130.1,574.03,177.18,551.11,155.97
597.6,108.14,622.46,133.66,574.37,180.51,549.51,154.99
608.87,111.21,623.72,135.83,567.29,169.85,552.45,145.24
609.97,111.08,625.55,135.87,568.47,171.74,552.9,146.95
609.03,110.78,625.51,136.15,569.52,172.52,553.04,147.14
611.25,111.26,626.08,135.08,569.62,170.24,554.79,146.41
610.06,110.63,626.41,135.41,571.87,171.39,555.53,146.61
611.86,110.27,627.79,135.7,572.35,170.44,556.42,145.01
612.65,109.9,629.24,135.23,574.61,171,558.03,145.68
615.06,109.97,630.42,134.63,573.42,170.12,558.06,145.46
613.6,109.9,630.36,134.83,575.1,171.99,558.33,147.06
616.82,110.97,631.84,137.06,575.06,169.74,560.05,143.65
615.32,109.43,630.84,133.15,576.61,168.63,561.09,144.91
617.22,109.34,633.19,133.67,578.54,169.54,562.57,145.21
616.45,109.54,632.6,134.12,577.86,170.08,561.71,145.51
617.84,109.83,633.8,135.25,578.85,169.75,562.89,144.33
616.93,109.43,633.48,134.36,579.15,170.43,562.6,145.5
617.1,110.08,633.12,134.79,579.14,169.78,563.12,145.06
616.06,109.13,633.63,134.48,580.13,171.56,562.56,146.2
617.38,109.22,633.68,133.97,579.01,169.98,562.71,145.22
616.49,108.49,633.41,133.08,579.5,170.16,562.59,145.57
618.05,108.82,634.3,133.9,579.06,169.69,562.8,144.61
616.2,108.98,633.02,133.75,579.15,170.34,562.33,145.57
616.83,108.45,633.42,133.05,579.45,169.44,562.86,144.84
611.12,108.57,630.4,132.12,583.33,170.64,564.06,147.09
597.26,110.25,618.89,121.57,592.65,171.7,571.02,160.38
587.44,115.29,603.73,114.24,607.19,168.02,590.91,169.07
566.79,128.19,586.14,110.28,625.02,152.27,605.67,170.19
557.58,132.1,572.93,106.77,627.37,139.75,612.03,165.08
555.47,131.54,571.08,105.23,629.66,139.99,614.05,166.3
554.91,132.29,573.57,104.23,631.28,142.61,612.63,170.67
555.84,130.91,575.11,103,632.26,142.46,612.99,170.37
556.29,130.57,576.02,102.9,632.6,143.26,612.87,170.92
557.6,129.87,576.8,102.95,632.21,142.47,613.01,169.39
557.95,130.34,577.52,102.79,632.95,142.16,613.38,169.71
557.08,129.43,577.16,102.07,632.6,142.78,612.51,170.14
573.76,103.83,631.4,138.91,614.84,166.13,557.2,131.05
557.06,128.48,578.02,101.32,633.6,144.21,612.64,171.37
556.13,129.27,575.9,101.68,634.2,143.44,614.43,171.03
556.65,130.13,575.45,102.19,634.11,141.67,615.32,169.6
555.36,131.23,570.15,104.22,631.8,138,617.01,165.01
554.29,132.23,574.68,102.45,634.64,143.5,614.25,173.28
553.65,132.13,569.68,104.11,633.64,140.72,617.61,168.73
552.46,132.84,568.72,104.29,633.13,140.98,616.87,169.53
551.78,133.23,567.75,104.47,631.9,140.09,615.93,168.85
551.36,132.1,567.15,104.33,631.52,140.92,615.73,168.69
550.42,131.71,566.24,104.05,630.84,141,615.02,168.66
550.35,131.73,572.25,101.88,631.79,145.55,609.9,175.41
550.17,132.43,571.92,102.72,631.39,146.25,609.65,175.96
548.94,132.97,573.38,101.83,630.92,146.99,606.48,178.13
548.35,133.81,573.51,102.25,630.68,147.83,605.52,179.39
547.91,133.14,573.81,101.34,630.29,147.33,604.39,179.13
546.87,134.63,573.12,102.03,629.93,147.76,603.68,180.36
547.13,135.19,564.93,104.07,627.49,139.86,609.68,170.98
548.54,134.17,565.88,104.41,626.98,140,609.65,169.76
548.36,133.05,574.54,102.07,631.81,150.47,605.63,181.44
547.66,133.76,567.85,103.32,628.77,143.72,608.58,174.16
549.72,132.78,568.8,104.11,628.03,143.53,608.94,172.2
548.02,132.3,571.93,101.63,630.03,146.94,606.12,177.6
549.79,130.14,572.13,101.42,629.93,146.38,607.59,175.1
558.28,124.34,577.05,103.19,623.56,144.47,604.78,165.62
577.91,111.85,594.45,107.36,609.3,162.07,592.75,166.56
587.22,105.89,606.12,109.67,595.42,163.18,576.53,159.4
593.53,103.36,616.54,115.51,590.5,164.85,567.49,152.7
595.18,103.12,616.6,115.8,586.37,166.86,564.95,154.18
595.83,103.3,615.44,115.92,586.31,161.19,566.7,148.58
594.67,103.34,614.7,116.22,585.39,161.82,565.36,148.94
594.3,102.93,614.39,116.06,583.82,162.88,563.72,149.75
593.67,102.82,614.33,115.35,585.38,163.08,564.72,150.55
593.44,102.7,615.57,116.84,585.23,164.34,563.09,150.2
592.97,102.88,612.67,115.29,583.32,161.9,563.62,149.5
591.7,103.82,610.85,115.03,583.3,162.1,564.15,150.89
586.1,104.72,604.54,111.22,586.74,161.73,568.29,155.23
572.11,109.22,590.2,105.18,601.45,155.54,583.35,159.58
553.76,121.45,576.27,100.86,617.15,145.57,594.63,166.16
543.7,124.71,562.19,98.924,618.44,139.27,599.94,165.06
540.32,128.09,554.9,101.37,619.38,136.55,604.8,163.27
541.25,129.74,555.34,102.89,619.82,136.74,605.73,163.58
541.23,129.77,558.02,101.5,621.85,139.41,605.07,167.67
540.34,129.64,557.58,100.46,621.73,138.37,604.49,167.55
541.81,127.78,556.92,100.68,620.74,136.27,605.63,163.37
540.43,127.48,555.56,100.54,620.91,137.23,605.78,164.18
542.48,128.22,557.81,100.86,619.09,135.21,603.77,162.56
541.71,128.41,558.47,100.02,619.11,135.83,602.36,164.21
540.96,128.48,556.66,100.35,619.77,135.59,604.07,163.72
541.16,128.79,562.6,98.355,622.43,140.51,600.99,170.94
541.1,128.67,560.64,99.196,620.57,138.94,601.02,168.41
540.16,128.49,559.8,98.576,620.54,138.45,600.9,168.36
541.52,128.02,561.42,98.698,621.73,139.64,601.83,168.96
540.27,128.68,559.81,98.215,621.52,137.78,601.99,168.24
541.32,126.86,560.59,99.062,619.93,140.18,600.66,167.98
541.7,125.39,560.92,98.563,618.87,140.08,599.66,166.91
549.17,122.04,569.89,99.454,619,144.52,598.28,167.11
566.76,108.72,583.65,103.15,602.24,159.53,585.35,165.1
577.39,105.53,596.3,108.48,587.74,163.28,568.82,160.32
588.19,101.74,610.07,117.29,578.19,162.14,556.31,146.58
591.95,99.856,613.19,118.03,575.93,161.6,554.68,143.43
594.46,99.236,616.64,120.14,574.79,164.52,552.62,143.61
593.32,99.464,616.24,120.47,574.94,165.52,552.02,144.52
594.19,99.949,614.19,118.58,574.03,161.69,554.03,143.06
593.31,99.675,613.75,117.97,575.04,161.22,554.6,142.92
594.38,99.861,613.6,118.61,572.63,160.62,553.4,141.86
592.73,100.08,612.74,117.79,573.5,162.11,553.49,144.4
592.67,99.927,613.61,118.32,574.45,162.91,553.5,144.51
592.26,100.15,613.34,118.42,573.91,163.92,552.83,145.65
591.34,98.841,613.99,117.6,575.31,164.29,552.66,145.53
593.38,99.772,614.4,119.46,572.7,164,551.67,144.31
591.26,99.259,613.77,117.64,575.49,164.52,552.98,146.14
591.39,99.241,613.36,118.1,574.79,163.02,552.83,144.17
591.05,99.095,613.5,117.19,575.5,164.32,553.05,146.22
590.84,99.229,613.21,117.17,575.58,164.07,553.22,146.13
590.69,98.63,613.34,117.07,575.84,163.13,553.19,144.7
590.95,98.89,613.07,117.05,575.62,162.66,553.5,144.49
591.36,99.308,613.27,118.4,575.22,162.06,553.31,142.96
592.96,100.54,613.21,118.39,575.39,161.29,555.14,143.44
590.08,99.177,614.66,118.29,578.75,164.47,554.17,145.35
589.63,99.207,612.16,115.33,578.77,162,556.24,145.88
590.94,100.1,610.15,115.39,582.16,150.56,562.95,135.28
576.34,103.34,593.18,103.57,592.42,160.43,575.58,160.2
561.6,113.19,585.75,99.536,613.1,147.91,588.95,161.57
552.43,120.9,570.71,98.287,618.94,137.26,600.67,159.88
549.32,121.9,565.92,97.69,621.61,135.87,605.01,160.08
547.76,122.44,565.98,96.963,622.22,137.19,604,162.67
546.27,124.98,562.66,98.053,623.07,134.81,606.68,161.74
545.08,126.57,560.5,98.343,623.64,132.82,608.23,161.05
545.52,126.32,561.48,97.873,624.06,132.98,608.1,161.42
546.06,126.13,562.75,97.755,624.76,134.24,608.07,162.61
545.69,125.08,562.1,97.202,624.18,133.76,607.77,161.64
545.9,124.34,562.05,97.28,624.19,134.37,608.04,161.43
546.96,125.05,562.13,98.076,624.9,133.38,609.73,160.36
546.2,126,561.69,98.246,624.61,133.35,609.12,161.11
545.86,124.69,561.8,97.269,625.4,134.23,609.47,161.65
545.61,126.16,560.87,98.593,624.17,133.63,608.92,161.2
545.7,126.15,561.04,98.552,624.94,134.07,609.6,161.67
545.48,126.61,560.96,98.73,625.13,134.37,609.64,162.25
545.09,127.3,561.18,98.917,625.44,135.36,609.35,163.73
543.97,126.69,560.4,98.079,625.44,135.43,609.01,164.04
544.53,125.64,559.09,99.05,623.45,134.3,608.89,160.89
543.51,126.72,558.26,99.216,622.95,133.9,608.21,161.4
543.73,128.92,558.18,100.34,621.19,132.2,606.74,160.78
540.87,128.14,558.15,97.989,623.22,135.29,605.94,165.44
541.15,125.07,556.23,97.679,620.7,133.16,605.63,160.55
544.51,123.04,562.75,96.547,619.23,135.42,600.99,161.92
556.27,116.94,575.17,99.386,613.14,140.28,594.24,157.83
570.11,105.64,586.03,101.23,600.35,152.88,584.43,157.3
577,103,591,103,591,156,577,156
576,103,591,103,591,152,576,152
574.49,102.36,590.27,102.48,589.87,152.42,574.09,152.29
578.75,101.22,595.06,103.55,587.81,154.34,571.51,152.02
578.8,101.25,594.61,103.48,587.57,153.43,571.76,151.2
578.67,101.62,594.38,103.72,587.76,153.34,572.05,151.24
576.45,101.5,592.51,102.26,590.12,152.58,574.06,151.81
577.76,100.37,593,101.7,588.47,153.52,573.23,152.19
577.61,101.19,593.42,102.52,589.12,153.27,573.31,151.93
576.44,101.56,592.41,102.23,590.31,152.51,574.34,151.85
576.5,101.5,592.47,102.19,590.28,152.53,574.31,151.84
578.56,100.95,594.15,102.68,588.62,152.4,573.04,150.67
577.54,101.23,593.48,102.4,589.8,152.79,573.86,151.62
576.44,101.52,593.41,102.23,591.27,153.51,574.3,152.8
576.89,101.54,593.41,102.23,591.23,154.51,574.72,153.82
577.93,101.58,593.41,102.23,591.19,155.51,575.71,154.86
580.23,101.15,596.11,103.14,589.48,156.18,573.6,154.2
577,102,593,102,593,153,577,153
578.99,101.17,595.62,102.55,591.4,153.2,574.77,151.81
579.91,100.79,596.98,102.84,590.7,155.16,573.63,153.12
584.29,100.07,603.38,105.89,588.51,154.74,569.41,148.92
598.88,100.7,614.62,113.92,580.84,154.15,565.1,140.93
609.11,100.49,623.28,120.82,575.51,154.12,561.34,133.79
615.46,100.55,628.16,123.93,573,153.89,560.31,130.51
615.27,99.68,629.41,123.49,573.82,156.49,559.69,132.68
613.51,98.984,629.22,123.29,575.26,158.16,559.55,133.86
612.23,98.645,629.31,122.71,577.62,159.4,560.54,135.34
614.38,99.565,630.66,123.16,578.36,159.25,562.08,135.65
615.21,98.65,631.9,122.59,578.52,159.8,561.83,135.86
612.11,97.789,630.42,121.7,579.32,160.82,561.01,136.91
612.14,97.942,631.63,122.3,580.12,163.52,560.63,139.16
613.22,98.4,631.72,122.11,579.73,162.66,561.24,138.96
615.9,98.855,633.26,123.98,579.84,160.87,562.49,135.74
614.95,98.65,633.78,123.99,581.43,162.91,562.6,137.56
615.59,98.356,635.7,125.08,582.22,165.32,562.11,138.6
612.97,97.612,633.8,121.91,583.35,165.15,562.52,140.85
619.79,99.618,637,126.07,583.23,161.03,566.03,134.58
618.69,98.986,635.85,123.59,582.43,160.86,565.26,136.26
618.03,99.295,636.17,124.2,583.26,162.74,565.12,137.83
615.59,97.85,636.13,123.91,584.21,164.83,563.67,138.77
617.94,98.892,636.36,124.32,583.39,162.68,564.97,137.25
618.35,99.137,636.94,125.04,584.72,162.51,566.14,136.6
618.88,99.432,636.38,124.39,583.36,161.55,565.87,136.59
617.72,99.142,636.94,124.53,585.16,163.74,565.94,138.35
605.21,98.141,628.67,115.81,591.99,164.52,568.53,146.85
595.04,104.12,611.42,107.2,601.73,158.7,585.35,155.61
578.41,111.91,601.15,100.79,622.59,144.65,599.85,155.77
564.41,120.86,585.45,97.575,632.75,140.31,611.7,163.59
558.73,124.05,577.66,96.041,634.16,134.23,615.23,162.25
557.57,124.18,576.71,95.631,637.02,136.06,617.88,164.61
557.46,124.41,578.51,95.076,637.24,137.22,616.19,166.56
557.16,124.74,578.29,94.159,638.94,136.08,617.8,166.66
557.74,123.97,579.07,94.197,639.35,137.4,618.02,167.17
558.23,123.19,580.67,93.512,641.27,139.32,618.84,169
558.29,123.74,579.89,94.608,640.28,139.38,618.69,168.51
558.7,123.77,581.26,93.817,641.41,139.13,618.85,169.08
559.71,123.88,582.21,94.023,642.43,139.4,619.93,169.26
559.59,124.3,579.87,95.814,640.33,138.86,620.05,167.34
559.52,123.61,583.9,93.898,643.14,142.52,618.76,172.23
576.43,96.477,638.63,134.15,621.63,162.22,559.42,124.55
559.71,124.42,578.24,95.7,639.14,134.99,620.61,163.72
558.66,125.33,581.51,94.445,641.41,138.76,618.56,169.65
578.02,96.86,638.55,134.14,621.5,161.81,560.98,124.53
577.01,97.692,638.98,132.96,622.71,161.55,560.74,126.28
560.87,126.85,576.18,98.556,637.1,131.51,621.8,159.8
559.94,125.73,577.9,96.588,638.26,133.78,620.3,162.93
559.56,126.03,585.5,93.904,643.81,141,617.86,173.12
561.57,126.09,580.51,96.576,638.78,133.99,619.83,163.5
561.2,124.92,578.58,96.684,638.74,133.72,621.36,161.96
569.5,120.09,593.63,96.708,638.75,143.27,614.62,166.65
588.84,107.06,607.4,101.46,625.59,161.77,607.03,167.37
601.52,103.1,622.44,109.71,605.61,162.96,584.69,156.35
612.98,96.601,638.91,119.73,597.47,166.2,571.53,143.07
621.88,97.277,639.52,119.24,594.82,155.14,577.18,133.17
622.49,96.882,640.69,119.57,595.65,155.69,577.45,133
620.5,96.309,641.02,118.97,594.92,160.7,574.41,138.03
619.22,95.569,642.95,121.28,597.64,163.11,573.9,137.4
619.66,96.776,639.49,117.73,596.81,158.14,576.97,137.18
619.92,96.288,641.65,119.53,597.36,160.93,575.63,137.69
621.13,96.277,642.11,118.73,597.06,160.82,576.09,138.37
621.6,96.173,642.51,118.93,598.35,159.52,577.43,136.76
620.61,95.008,645.01,120.07,599.35,164.52,574.95,139.47
622.77,95.379,644.27,117.93,597.93,162.12,576.43,139.57
626.81,96.15,646.03,118.45,597.94,159.89,578.72,137.59
625.4,96.276,645.28,118.76,598.02,160.55,578.14,138.07
624.84,94.839,645.84,117.56,597.86,161.91,576.86,139.19
626.22,94.813,647.63,117.66,599.69,162.59,578.27,139.75
627.46,93.688,650.98,120.38,601.43,164.03,577.92,137.34
628.55,93.568,652.1,120.4,601.85,164.52,578.29,137.69
636.4,95.736,652.04,119.21,601.68,152.77,586.04,129.3
637.88,95.186,652.53,117.7,600.82,151.37,586.16,128.86
643.88,96.272,656.5,120.75,599.74,150,587.12,125.51
588.52,124.06,647.5,96.4,658.9,120.73,599.93,148.38
640.14,93.689,658.63,120.58,602.91,158.89,584.42,132
639.66,92.651,659.95,119.94,604.96,160.81,584.68,133.52
640.23,92.633,661.51,121.13,605.3,163.11,584.02,134.61
640.58,91.723,661.82,120.1,606.09,161.81,584.85,133.43
640.17,92.313,661.15,118.97,606.41,162.05,585.43,135.39
648.34,94.287,663.5,120.27,606.18,153.71,591.02,127.73
649.35,94.727,663.22,119.98,607.05,150.83,593.18,125.58
643.51,92.037,664.01,120.29,607.54,161.26,587.04,133.01
643.31,91.505,665.01,120.26,609.16,162.41,587.46,133.65
643.31,91.791,664.65,120.03,609.95,161.36,588.61,133.12
646.19,91.875,666.15,119.16,608.59,161.27,588.63,133.99
641.77,89.805,667.97,121.37,613.37,166.67,587.18,135.11
643.56,91.642,664.83,118.77,610.18,161.61,588.91,134.48
641.47,90.116,668.48,121.73,613.71,168.52,586.7,136.9
641.87,89.682,668.06,120.24,613.71,166.82,587.52,136.27
639.13,92.207,661.53,115.83,614.01,160.9,591.61,137.27
625.18,97.16,644.5,103.59,625.25,161.47,605.92,155.04
610.34,103.75,631.98,97.774,646.49,150.29,624.85,156.27
600.88,108.94,623.75,92.661,660.7,144.59,637.83,160.87
593.88,114.73,618.63,91.162,665.05,139.9,640.31,163.47
589.82,118.62,606.14,93.449,663.04,130.33,646.73,155.5
587.65,120.82,606.49,92.602,665.47,132,646.63,160.21
588.15,120.68,608.54,92.294,666.7,134.05,646.31,162.44
588.31,119.98,608.09,91.974,666.54,133.25,646.77,161.25
588.65,118.87,608.47,91.291,667.42,133.66,647.6,161.25
588.84,118.45,608.07,91.64,666.93,133.84,647.71,160.65
589.2,118.73,608.55,91.278,667.27,132.66,647.93,160.11
588.93,118.54,606.51,92.08,666.26,131.78,648.67,158.24
589.51,119.46,607.4,92.424,666.3,131.41,648.41,158.44
589.7,118.03,611,90.435,668.22,134.61,646.92,162.2
589.59,118.36,611.24,90.452,667.82,134.35,646.18,162.25
589.48,118.63,610.72,90.536,667.24,133.26,646,161.36
589.11,119.23,607.56,91.694,666.16,130.97,647.71,158.5
589.4,119.62,607.83,92.222,666.25,131.52,647.82,158.92
588.8,119.5,608.82,91.02,667.63,132.37,647.61,160.84
589.36,119.61,608.28,91.704,666.44,131.13,647.52,159.03
590.23,120.32,605.87,93.589,664.53,127.92,648.89,154.64
589.54,119.32,608.87,91.465,666.75,131.61,647.42,159.47
608.94,91.768,665.06,129.97,646.57,157.12,590.46,118.92
589.49,119.22,614.31,89.581,668.69,135.12,643.86,164.76
589.34,119.56,614.4,89.74,668.85,135.51,643.79,165.33
589.5,119.18,614.06,90.11,667.93,135.64,643.37,164.7
590.17,117.54,615.82,89.345,668.78,137.54,643.13,165.73
593.14,117.02,613.81,91.52,664.89,132.93,644.22,158.43
606.9,106.82,627.92,94.857,656.56,145.17,635.54,157.13
623.93,97.184,641.09,98.575,636.68,152.95,619.52,151.56
635.11,92.499,659.56,110.52,625.48,156.78,601.02,138.75
643.45,89.279,662.74,109.5,617.41,152.75,598.12,132.53
645.54,88.225,665,110.27,616.3,153.27,596.84,131.23
648.6,88.953,666.8,112.26,614.15,153.37,595.95,130.05
648.3,87.683,666.78,111.26,613.4,153.08,594.93,129.5
648.8,89.597,666.54,113.53,613.18,153.09,595.43,129.16
648.46,88.428,666.22,111.53,612.55,152.78,594.79,129.68
647.53,88.573,665.92,111.47,611.93,154.83,593.54,131.92
647.73,87.382,668.18,113.51,612.18,157.34,591.73,131.21
647.36,88.322,665.45,110.96,612.12,153.56,594.04,130.92
645.3,88.046,664.55,111.58,613.15,153.63,593.9,130.09
640.9,87.777,661.84,109.26,615.19,154.73,594.25,133.25
632.55,91.261,651.09,102.9,623.56,146.76,605.02,135.12
613.81,97.748,632.27,93.961,644.69,154.49,626.22,158.28
586.75,114.97,603.55,88.256,661.87,124.93,645.07,151.65
585.96,116.73,601.63,88.916,663.6,123.84,647.93,151.65
586.92,115.97,603.97,88.17,665.31,125.8,648.25,153.6
607.84,88.362,664.88,126.59,647.41,152.65,590.38,114.42
588.56,116.1,605.88,88.492,665.83,126.12,648.51,153.72
588.6,115.21,606.82,87.687,666.69,127.32,648.46,154.85
587.98,115.44,605.43,87.755,665.6,125.68,648.15,153.37
588.5,115.45,606.5,87.63,666.63,126.54,648.63,154.36
588.43,115.68,606.33,87.614,666.22,125.8,648.32,153.87
588.23,115.61,606.78,87.542,666.05,126.72,647.5,154.78
589.95,114.45,609.41,86.977,666.57,127.47,647.11,154.94
589.56,115.37,608.5,87.24,667.15,126.72,648.21,154.85
589.08,114.19,608.58,86.254,667.23,127.18,647.74,155.12
588.82,114.66,609.05,85.65,668,126.76,647.77,155.77
590.22,113.98,610.33,85.884,668.62,127.61,648.51,155.71
590.25,114.3,611.04,85.781,668.74,127.84,647.95,156.35
591.02,113.98,612.67,85.533,669.65,128.89,648.01,157.33
590.42,114.66,610.24,85.975,670.34,127.51,650.51,156.19
591.92,113.86,611.42,86.013,668.37,125.88,648.87,153.73
599.41,110.34,623.01,87.351,669.97,135.55,646.37,158.54
620.1,94.313,637.33,90.377,652,154.59,634.77,158.52
633.97,91.454,656.13,99.034,637.59,153.26,615.42,145.68
651.54,85.789,674.07,110.25,627.09,153.52,604.56,129.06
660.91,87.091,677.22,111.32,621.31,148.96,605,124.72
659.51,86.362,677.2,110.18,620.63,152.2,602.94,128.38
662.38,86.158,680.3,111.85,621.14,153.1,603.22,127.4
660.55,85.391,679.94,110.41,623.58,154.1,604.19,129.08
657.44,85.207,677.81,108.57,623.55,155.88,603.18,132.51
660.17,86.239,680.06,111.29,624.52,155.39,604.62,130.34
660.97,85.45,680.81,110.59,624.44,155.08,604.6,129.94
656.02,84.874,679.56,109.4,628.21,158.68,604.67,134.16
656.54,85.192,680.24,109.77,628.71,159.45,605.01,134.87
657.12,84.048,682.55,110.54,630.28,160.71,604.85,134.22
655.16,84.703,680.1,108.11,630.73,160.71,605.79,137.3
658.67,83.95,683.72,108.99,632.12,160.6,607.07,135.56
662.16,85.489,683.88,110.58,631.7,155.74,609.98,130.65
659.03,84.358,684.77,109.92,635.98,159.06,610.24,133.5
657.88,84.501,684.17,108.83,637.42,159.36,611.13,135.03
657.83,83.905,686.3,110.31,637.34,163.11,608.87,136.71
655.44,83.623,686.24,109.12,639.75,165.28,608.95,139.79
661.88,84.811,684.99,110.29,635.71,154.99,612.6,129.5
650.72,89.163,671.76,100,645.13,151.69,624.09,140.85
636.46,94.117,656.51,90.694,666.25,147.74,646.2,151.16
616.51,111.71,640.26,86.507,684.08,127.82,660.32,153.02
610.87,113.96,629.28,86.074,686.68,123.97,668.27,151.85
609.51,114.99,628.92,85.186,689.39,124.57,669.97,154.38
610.33,115.99,629.6,85.777,690.79,124.81,671.52,155.02
610.37,116.06,633.33,85.525,692.64,130.11,669.68,160.65
611.37,115.97,634.79,85.02,694.04,129.86,670.62,160.8
614.08,114.6,638.64,85.252,693.92,131.5,669.37,160.85
612.77,116.85,636.85,85.658,695.32,130.8,671.25,161.99
612.6,116.14,636.59,85.381,696.18,131.86,672.19,162.62
613.19,115.76,637.5,85.234,697.47,133,673.15,163.53
614.16,117.39,638.08,85.766,697.61,130.78,673.69,162.41
614.37,116.51,637.47,85.505,695.75,128.92,672.66,159.93
615.56,115.72,639.72,85.333,699.44,132.82,675.29,163.21
615.63,117.06,636.84,86.542,697.31,128.56,676.11,159.08
616.19,116.5,634.99,86.614,696.8,125.49,678.01,155.37
617.39,116.31,637.95,86.544,697.5,127.67,676.95,157.43
617.14,116.16,637.86,86.167,698.54,128.07,677.83,158.07
617.41,116.43,637.85,86.584,698.47,128.09,678.03,157.94
618.2,115.89,638.46,86.426,698.01,127.39,677.75,156.85
617.88,116.75,639.69,86.421,699.36,129.33,677.56,159.66
618.4,117.52,640.39,86.912,699.85,129.63,677.86,160.24
617.81,118.46,636.34,88.173,698.71,126.34,680.17,156.63
619.53,117.37,641.11,87.072,700.15,129.12,678.57,159.42
618.32,117.16,642.48,85.921,701.88,131.86,677.72,163.09
620.06,116.69,644.76,86.228,700.95,131.79,676.24,162.25
619.25,116.92,643.24,86.014,700.92,130.8,676.93,161.7
618.59,116.93,643.14,85.411,702.66,131.77,678.1,163.29
619.57,115.65,644.71,85.251,702.78,133.27,677.64,163.67
623.25,114.12,644.45,87.205,699.22,130.34,678.02,157.25
636.81,104.05,658.41,89.79,690.68,138.65,669.08,152.91
653.91,94.358,670.77,93.814,672.58,149.95,655.73,150.49
669.84,89.643,688.84,103.62,658.14,145.38,639.13,131.41
676.8,85.911,697.18,106.94,653.26,149.5,632.89,128.47
685.6,88.275,701.34,109.77,648.49,148.47,632.75,126.97
686.57,86.792,703.22,109.67,649.36,148.88,632.7,126
684.03,84.533,703.22,109.54,650.32,150.14,631.13,125.14
683.29,83.808,705.96,111.39,652.93,154.99,630.25,127.41
684.3,84.811,704.65,109.74,652.96,151.94,632.61,127.01
680.97,85.116,701.53,105.78,653.5,153.57,632.94,132.9
683.43,84.449,705.15,108.04,655.28,153.97,633.56,130.38
683.11,83.468,706.62,108.64,655.25,156.64,631.73,131.47
683.14,85.307,706.21,108.92,657.03,156.95,633.97,133.34
685.95,84.937,707.92,108.47,656.5,156.47,634.54,132.93
688.31,84.482,711.06,111.41,656.21,157.75,633.46,130.82
684.89,86.027,706.11,108.01,657.78,154.65,636.56,132.67
684.08,83.472,709.88,108.1,660.05,160.31,634.24,135.68
688.49,84.394,711.09,109.45,658.42,156.95,635.82,131.89
686.91,84.907,711.77,110.13,661.07,160.09,636.21,134.87
686.19,85.174,709.65,107.79,661,158.26,637.54,135.64
688.93,85.275,713.09,108.92,662.48,160.64,638.32,136.99
689.55,84.623,714.53,109.47,662.4,161.87,637.42,137.02
692.92,84.741,716.64,110.58,661.69,161.02,637.97,135.18
692.86,84.649,715.66,109.59,663.27,157.48,640.47,132.55
687.86,83.645,714.64,107.14,666.47,162.05,639.69,138.56
682.18,88.007,703.19,100.5,671.8,153.32,650.79,140.83
683.81,88.097,704.09,101.06,672.58,150.37,652.3,137.41
668.34,94.159,685.85,92.058,692.35,146.24,674.84,148.34
637.43,115.09,656.34,85.676,716.01,124.05,697.09,153.46
637.22,116.7,655.92,85.984,718.44,124.06,699.73,154.77
639.17,115.93,658.23,86.12,719.97,125.61,700.9,155.41
640.54,115.96,658.59,86.392,720.13,123.94,702.09,153.52
640.83,115.88,660.86,85.752,721.32,125.96,701.29,156.08
642.81,114.71,662.24,86.529,721.78,127.57,702.35,155.75
641.84,116.62,662.51,86.148,722.55,126.87,701.87,157.34
642.92,115.32,665.26,85.342,723.9,129.04,701.57,159.02
643.29,114.71,665.82,85.436,723.8,130.06,701.26,159.33
643.16,115.92,666.57,85.755,725.41,131.41,702.01,161.58
643.6,115.53,668.18,84.858,726.26,131.41,701.67,162.08
644.06,115.53,668.29,85.248,726.41,131.74,702.18,162.03
644.23,115.98,668.83,85.671,726.55,132.53,701.95,162.83
644.68,116.06,670.12,85.797,727.3,133.88,701.86,164.14
644.4,116.49,671.11,85.185,728.37,134.05,701.65,165.35
646.11,115.7,672.9,85.909,727.93,135.39,701.14,165.18
646.2,115.88,671.41,85.328,729.63,133.36,704.42,163.92
647.92,114.78,673.17,85.654,728.92,133.98,703.67,163.11
653.95,111.68,674.79,87.78,724.27,130.92,703.43,154.82
670.77,101.27,687.8,92.453,711.87,138.92,694.84,147.74
686.47,91.893,707.04,97.214,693.65,148.99,673.08,143.67
706.77,86.735,725.04,107.44,680.75,146.52,662.48,125.81
715.56,88.83,728.31,108.15,675.27,143.13,662.52,123.81
717.9,89.069,731.37,110.58,674.52,146.18,661.05,124.67
717.27,88.26,731.72,110.61,674.92,147.32,660.47,124.97
716.02,89.174,730.82,111.1,674.64,149.01,659.85,127.08
717.52,89.948,732.07,112.67,674.2,149.74,659.64,127.01
717.74,89.241,732.27,110.86,675.16,149.24,660.63,127.62
717.47,89.763,732.18,112.26,675.38,149.4,660.67,126.9
714.93,88.277,731.55,110.07,677.47,151.32,660.85,129.53
716.31,88.873,732.38,110.79,675.88,152.23,659.81,130.31
716.05,89.276,733.15,111.97,677.25,154.08,660.16,131.39
715.63,89.046,732.87,112.05,678.54,152.77,661.3,129.76
715.83,88.374,733.63,110.23,679.48,154.34,661.68,132.49
713.84,86.751,734.76,111.7,681.75,156.16,660.83,131.21
715.98,88.733,735.36,111.26,682.06,157.11,662.68,134.58
716.38,88.565,735.82,111.97,682.18,156.52,662.74,133.11
717.45,88.386,737.64,112.82,682.76,158.18,662.56,133.75
715.14,87.097,737.4,111.42,683.99,160.3,661.73,135.98
714.24,85.653,740,113.13,686.24,163.52,660.48,136.05
711.9,86.063,736.14,109.07,686.91,160.95,662.67,137.94
713.14,87.252,737.37,111.28,687,162.07,662.77,138.05
711.66,89.583,730.06,106.92,687.58,152.01,669.18,134.68
695.22,92.834,711.9,95.335,703.55,150.98,686.88,148.48
675.25,103.6,698.15,90.246,726.17,138.3,703.26,151.65
663.71,113.22,685.96,87.518,736.18,131,713.93,156.7
659.39,117.34,675.73,89.559,737.04,125.62,720.7,153.4
660.36,118.06,680.65,88.2,742.29,130.09,722,159.95
660.77,118.59,681.5,89.012,742.73,131.92,722,161.5
661.96,118.93,681.29,89.71,741.07,129.27,721.73,158.49
663.95,117.02,686.01,88.591,743.21,132.96,721.16,161.39
664.37,118.14,686.28,89.022,743.86,132.35,721.95,161.47
664.25,117.98,685.88,89.015,743.24,131.85,721.61,160.81
665.49,117.02,687.39,89.444,743.5,134,721.6,161.57
663.83,117.4,685.83,88.495,744.79,133.38,722.78,162.29
663.95,118.38,685.45,89.332,743.51,132.31,722.02,161.35
664.25,117.91,685.91,88.974,743.12,131.8,721.45,160.74
663.95,118.45,685.78,89.035,743.28,131.71,721.45,161.13
664.83,117.87,686.5,90.007,742.01,133.17,720.34,161.04
666.7,115.49,688.24,89.706,740.7,133.53,719.16,159.31
671.01,115.25,693.19,91.119,739.19,133.39,717.01,157.52
688.24,99.923,706.4,93.723,724.16,145.72,706,151.92
701.15,94.619,721.92,100.09,706.69,157.97,685.92,152.51
714.94,91.251,735.39,109.44,696.24,153.43,675.8,135.24
725.58,91.151,741.62,112.81,690.14,150.91,674.11,129.25
731.44,93.568,745.09,117.6,686.46,150.9,672.81,126.87
729.23,92.017,744.7,117.02,686.65,152.94,671.18,127.94
727.88,90.869,744,116.09,686.72,152.7,670.6,127.47
725.22,90.151,742.68,114.67,687.09,154.24,669.64,129.72
724.67,90.557,742.49,114.65,687.29,155.49,669.46,131.4
724.53,89.653,742.62,113.73,687.77,154.93,669.68,130.85
721.76,88.961,741.17,111.41,689.96,155.67,670.55,133.22
724.91,90.145,742.67,113.5,688.91,154.37,671.16,131.02
722.35,88.423,742.82,112.49,689.83,157.55,669.36,133.48
722.05,89.382,741.93,111.37,691.34,157.12,671.46,135.13
718.12,88.521,741.53,112.54,694.36,158.5,670.95,134.48
709.99,91.886,730.58,104.57,701.62,151.57,681.04,138.89
698.36,97.132,713.97,96.352,716.83,153.51,701.21,154.29
676.6,110.31,700.76,91.798,736.54,138.51,712.38,157.02
669.53,116.37,688.29,90.515,739.85,127.91,721.09,153.77
663.99,119.3,685.6,88.736,743.85,129.92,722.24,160.49
663.99,120.55,683.39,90.42,742.98,128.79,723.58,158.92
663.25,120.8,682.48,90.241,743.02,128.34,723.79,158.9
665.13,121.19,684.85,91.162,742.92,129.31,723.2,159.33
664.66,119.76,686.32,89.714,744.74,131.83,723.08,161.87
664.2,119.46,685.92,89.278,743.97,131.06,722.24,161.24
664.25,120.15,685.65,89.7,744.07,130.76,722.67,161.21
664.44,119.73,685.35,89.932,743.26,130.57,722.36,160.37
664.43,119.15,685.19,89.619,743.62,130.69,722.86,160.22
663.13,119.56,683.74,89.446,742.61,129.72,722,159.84
663.66,118.53,685.62,89.156,742.62,131.77,720.66,161.15
663.77,118.33,686.15,88.674,743.52,131.98,721.14,161.64
664.57,120.48,684.15,90.795,741.93,128.91,722.35,158.6
663.99,119.42,684.86,89.698,742.5,130.17,721.63,159.89
665.85,118.08,686.79,90.121,741.9,131.39,720.96,159.34
666.66,116.23,689.36,89.053,741.53,132.64,718.82,159.81
674.92,113.13,694.86,93.017,736.02,133.84,716.08,153.95
696.83,99.144,712.23,98.613,714.27,157.78,698.87,158.31
709.75,94.84,730.11,108.58,699.3,154.25,678.94,140.51
718.18,90.949,737.14,113.14,691.41,152.22,672.45,130.04
725.14,92.613,740.03,115.49,687.57,149.64,672.67,126.77
725.3,92.421,740.18,115.03,686.18,150.55,671.31,127.94
724.96,92.244,740.44,116.34,685.36,151.73,669.88,127.63
721.22,89.419,739.53,114.76,685.94,153.48,667.63,128.14
721.94,91.559,739.03,114.98,686.71,153.16,669.62,129.73
720.49,91.218,737.89,114.09,687.72,152.27,670.32,129.39
723.76,91.942,740.25,114.68,687.25,153.11,670.76,130.37
720.67,91.067,738.36,114.26,687.86,152.78,670.17,129.59
720.16,89.526,739.57,114.88,688.8,153.75,669.39,128.4
719.02,88.31,740.61,114.27,690.23,156.17,668.64,130.21
724.63,91.175,741.56,116.18,688.28,152.26,671.34,127.25
719.08,89.276,739.77,113.02,690.51,155.95,669.81,132.21
721.52,89.488,741.01,113.2,691.21,154.15,671.72,130.44
722.69,90.184,741.63,114.99,690.94,153.71,671.99,128.89
722.64,90.469,742.04,114.57,691.51,155.25,672.11,131.15
722.04,88.995,742.43,113.34,692.44,155.21,672.05,130.86
723.12,90.378,742.18,112.41,692.13,155.71,673.07,133.68
721.82,88.443,743.77,113.79,693.75,157.11,671.8,131.76
720.28,89.414,743.29,113.2,694.99,159.93,671.98,136.14
720.32,89.148,744.35,113.74,695.88,161.09,671.85,136.5
722.36,88.285,746.67,114.7,695.65,161.66,671.34,135.24
727.82,89.251,748.34,115.99,694.78,157.1,674.26,130.36
725.18,90.313,747.99,115.32,698.04,160.89,675.23,135.89
725.59,88.448,750.51,115.72,699.63,162.21,674.71,134.95
732.88,90.958,753.95,119.59,698.29,160.53,677.23,131.91
728.07,88.957,753.65,117.76,700.85,164.66,675.27,135.86
732.26,92.472,751.13,117.31,698.32,157.41,679.46,132.57
680.49,127.33,744.15,96.235,759.03,126.68,695.36,157.78
681.54,126.87,748.08,97.451,762.49,130.04,695.95,159.46
683.63,127.36,751.5,98.725,765.81,132.65,697.95,161.29
683.69,132.55,747.97,98.312,764.77,129.86,700.49,164.09
685.65,131.66,751.59,99.441,768.4,133.85,702.46,166.07
686.92,133.81,752.71,100.04,769.78,133.3,703.99,167.07
689.78,134,753.29,102.08,768.2,131.75,704.69,163.67
688.55,137.44,751.57,100.43,771.08,133.65,708.07,170.66
691.41,135.94,757.3,102.21,776.03,138.79,710.14,172.52
694.31,138.79,754.88,103.62,773.45,135.6,712.88,170.76
757.42,103.45,778.94,138.62,715.8,177.25,694.28,142.09
696.81,143.35,761.28,105.31,782.8,141.78,718.32,179.82
761.07,105.79,784.04,141.06,722.25,181.3,699.28,146.03
764.84,107.91,787.84,143.55,724.94,184.13,701.94,148.5
768.54,110.18,790.42,145.26,727.39,184.58,705.51,149.5
708.51,151.3,769.87,112,792.28,146.99,730.92,186.29
768.7,114.91,793.22,151.84,734.88,190.57,710.36,153.64
766.51,116.92,793.67,153.84,739.61,193.61,712.45,156.7
768.15,118.7,795.29,155.1,742.34,194.59,715.19,158.19
767.54,119.86,795.58,152.24,743.3,197.52,715.25,165.14
737,137.37,797.57,138.49,796.45,198.98,735.87,197.85
738.96,138.09,798.27,141.25,795.02,202.24,735.71,199.08
740.75,140.38,800.73,141.69,799.37,204.2,739.38,202.89
725.74,167.37,779.87,128.28,801.36,158.04,747.24,197.13
735.95,155.91,793.09,135.38,803.98,165.7,746.84,186.22
739.81,153.36,798.24,138.16,806.38,169.47,747.95,184.67
737.83,156.69,796.76,136.25,808.93,171.33,750,191.77
738.57,158.9,796.53,137.11,808.78,169.68,750.81,191.48
745.96,154.34,803.6,142.35,809.94,172.85,752.31,184.84
742.29,163.57,796.51,138.19,812.87,173.13,758.64,198.51
747.88,162.3,800.22,142.88,811.23,172.55,758.89,191.97
746.39,169.73,796.36,143.29,812.35,173.52,762.38,199.96
747.09,168.99,798.49,145.09,811.42,172.89,760.02,196.79
748.88,169.07,799.4,147.73,810.69,174.47,760.18,195.81
793.58,145.13,810.43,169.39,757.86,205.9,741.01,181.65
790.71,145.78,807.49,166.71,757.35,206.9,740.57,185.97
788.37,147.71,805.97,167.48,757.24,210.88,739.63,191.11
785.6,148.64,801.92,169.75,752.48,207.99,736.15,186.88
783.12,151.08,798,170.82,746.85,209.39,731.96,189.65
778.04,153.87,792.23,174.48,741.78,209.23,727.58,188.63
776.02,156.59,789.47,179.49,735.73,211.06,722.28,188.17
771.14,153.64,786.2,176.95,727.78,214.68,712.73,191.38
757.57,158.32,772.2,180.3,717.95,216.4,703.32,194.42
746.33,163.83,760.11,184.75,706.38,220.12,692.6,199.19
749.58,170.95,759.65,193.74,695.66,222.01,685.59,199.23
681.76,203.36,748.08,183.87,755.11,207.81,688.8,227.3
680.49,211.99,741.83,188.61,749.75,209.4,688.41,232.77
681.8,215.12,743.9,192.93,752.14,216,690.04,238.19
683.36,215.95,746.33,193.42,754.47,216.18,691.5,238.7
685.93,217.46,743.78,191.39,753.47,212.9,695.62,238.97
690.47,208.62,757.49,193.22,763.27,218.38,696.25,233.78
692.1,207.91,751.83,190.87,758.36,213.78,698.64,230.82
692.09,206.74,754.66,188.59,760.98,210.35,698.41,228.5
693.28,207.38,756.98,186.35,763.42,205.84,699.72,226.88
698.85,205.39,759.6,179.79,767.38,198.24,706.62,223.84
709.54,200.64,759.89,176.82,768.38,194.76,718.03,218.58
762.9,176.5,772.72,193.94,732.11,216.83,722.28,199.39
740.08,189.89,787.94,193.7,786.25,214.97,738.38,211.16
756.04,194.73,789.59,188.9,792.74,207,759.19,212.84
762,188,786,188,786,216,762,216
764,176,796,176,796,216,764,216
760,175,793,175,793,220,760,220
757,177,787,177,787,221,757,221
744,176,784,176,784,216,744,216
739,185,757,185,757,224,739,224
742.23,180.61,760.06,191.1,740.55,224.26,722.72,213.78
745.36,177.07,759.91,192.25,727.83,223,713.28,207.81
746.32,172.14,760.66,192.09,724.6,218.01,710.26,198.06
745.96,168.28,761.44,188.92,723.2,217.6,707.72,196.96
739.59,166.4,758.08,184.72,722.77,220.34,704.29,202.02
739.53,170.6,757.09,180.53,735.9,218.03,718.33,208.1
741,172.74,759.07,180.34,744.42,215.12,726.36,207.52
739.05,175.45,757.12,176.93,754.07,214.34,736,212.87
746.41,176.58,764.73,188.83,747.23,215,728.91,202.75
752.09,176.6,767.72,193.8,740.26,218.74,724.64,201.54
753.32,175.39,770.12,192.18,739.56,222.76,722.76,205.97
745.28,179.02,763.37,186.4,746.26,228.31,728.18,220.93
740.43,197.76,750.14,198.27,748.04,238.21,738.33,237.7
739.74,203.26,755.32,204.51,751.74,249.3,736.16,248.05
738,207,756,207,756,260,738,260
741.3,208.64,754.11,209,752.71,258.13,739.89,257.77
740.47,207.4,752,206.92,754.03,255.83,742.51,256.31
739,206,767,206,767,249,739,249
747,204,765,204,765,251,747,251
743,205,763,205,763,250,743,250
739.16,202.03,762.07,202.02,762.09,243.46,739.18,243.47
742,184,768,184,768,246,742,246
754.73,190.06,764.53,189.61,767.05,245,757.25,245.44
752.41,188.16,764.76,187.61,767.04,238.95,754.69,239.5
749.7,185.33,764.85,184.64,767.04,232.95,751.89,233.64
749,182,766,182,766,237,749,237
750,178,765,178,765,230,750,230
748.27,176.14,763.88,175.76,765.24,232.9,749.63,233.27
745.55,174.16,761.76,173.69,763.23,224.96,747.01,225.43
742.97,172.37,758.71,171.54,761.78,229.75,746.03,230.58
739.72,170.41,755.57,169.38,759.06,222.93,743.22,223.96
736.81,168.31,753.41,167.31,757.07,227.63,740.46,228.64
733.34,168.23,751.75,167.67,753.39,221.99,734.99,222.55
728,167,751,167,751,217,728,217
718.51,166.16,748.46,164.28,751.98,220.69,722.04,222.56
717,164,747,164,747,216,717,216
716.56,162.46,745.32,163.18,743.99,216.25,715.24,215.53
713.7,161.01,741.03,161.37,740.27,219.08,712.94,218.72
712.59,159.76,740.82,161.47,737.48,216.63,709.25,214.92
709.82,159.3,736.65,160.23,734.71,216.37,707.88,215.44
708.02,158.11,734.52,159.29,731.98,216.49,705.48,215.31
705.47,157.12,731.65,158.36,728.88,216.52,702.7,215.27
704.59,156.74,729.72,158.46,725.75,216.73,700.61,215.02
702.51,155.51,727.96,157.68,722.92,216.93,697.47,214.76
698.93,156.06,723.77,157.08,721.34,216.35,696.5,215.33
695.37,154.9,721.28,155.18,720.6,218.08,694.69,217.8
693.99,156.41,719.59,157.21,717.74,216.37,692.14,215.57
692.28,158.63,715.23,158.74,714.98,216.05,692.03,215.95
689.38,163.27,711.74,162.75,713.16,223.95,690.8,224.47
688.12,170.25,707.9,169.8,709.2,226.95,689.42,227.4
686.82,179.6,705.75,180.52,702.98,237.49,684.05,236.56
683.67,195.23,702.04,196.38,698.84,247.49,680.48,246.34
681.77,213.11,696.92,214.43,692.14,269.45,676.99,268.13
669.39,235.7,688.02,235.71,688,287.04,669.36,287.03
661,261,688,261,688,305,661,305
656.2,269.58,695.07,273.23,691.79,308.26,652.91,304.62
649.57,268.31,690.44,268.86,689.9,308.74,649.03,308.19
641.34,274.58,682.19,268.53,687.81,306.44,646.96,312.49
639.42,273.54,681.37,268.6,685.95,307.54,644,312.47
