32.00,60.00,100.00,60.00,100.00,138.00,32.00,138.00
39.90,63.60,107.90,63.60,107.90,141.60,39.90,141.60
47.80,67.20,115.80,67.20,115.80,145.20,47.80,145.20
55.70,70.80,123.70,70.80,123.70,148.80,55.70,148.80
63.60,74.40,131.60,74.40,131.60,152.40,63.60,152.40
71.50,78.00,139.50,78.00,139.50,156.00,71.50,156.00
79.40,81.60,147.40,81.60,147.40,159.60,79.40,159.60
87.30,85.20,155.30,85.20,155.30,163.20,87.30,163.20
95.20,88.80,163.20,88.80,163.20,166.80,95.20,166.80
103.10,92.40,171.10,92.40,171.10,170.40,103.10,170.40
111.00,96.00,179.00,96.00,179.00,174.00,111.00,174.00
117.38,93.75,185.38,93.75,185.38,171.75,117.38,171.75
123.75,91.50,191.75,91.50,191.75,169.50,123.75,169.50
130.12,89.25,198.12,89.25,198.12,167.25,130.12,167.25
136.50,87.00,204.50,87.00,204.50,165.00,136.50,165.00
142.88,84.75,210.88,84.75,210.88,162.75,142.88,162.75
149.25,82.50,217.25,82.50,217.25,160.50,149.25,160.50
155.62,80.25,223.62,80.25,223.62,158.25,155.62,158.25
162.00,78.00,230.00,78.00,230.00,156.00,162.00,156.00
177.83,77.67,245.83,77.67,245.83,155.67,177.83,155.67
193.67,77.33,261.67,77.33,261.67,155.33,193.67,155.33
209.50,77.00,277.50,77.00,277.50,155.00,209.50,155.00
225.33,76.67,293.33,76.67,293.33,154.67,225.33,154.67
241.17,76.33,309.17,76.33,309.17,154.33,241.17,154.33
257.00,76.00,325.00,76.00,325.00,154.00,257.00,154.00
267.00,75.67,335.00,75.67,335.00,153.67,267.00,153.67
277.00,75.33,345.00,75.33,345.00,153.33,277.00,153.33
287.00,75.00,355.00,75.00,355.00,153.00,287.00,153.00
287.33,72.67,355.33,72.67,355.33,150.67,287.33,150.67
287.67,70.33,355.67,70.33,355.67,148.33,287.67,148.33
288.00,68.00,356.00,68.00,356.00,146.00,288.00,146.00
273.67,68.33,341.67,68.33,341.67,146.33,273.67,146.33
259.33,68.67,327.33,68.67,327.33,146.67,259.33,146.67
245.00,69.00,313.00,69.00,313.00,147.00,245.00,147.00
230.67,69.33,298.67,69.33,298.67,147.33,230.67,147.33
216.33,69.67,284.33,69.67,284.33,147.67,216.33,147.67
202.00,70.00,270.00,70.00,270.00,148.00,202.00,148.00
189.67,73.67,257.67,73.67,257.67,151.67,189.67,151.67
177.33,77.33,245.33,77.33,245.33,155.33,177.33,155.33
165.00,81.00,233.00,81.00,233.00,159.00,165.00,159.00
156.50,84.50,224.50,84.50,224.50,162.50,156.50,162.50
148.00,88.00,216.00,88.00,216.00,166.00,148.00,166.00
141.75,88.75,209.75,88.75,209.75,166.75,141.75,166.75
135.50,89.50,203.50,89.50,203.50,167.50,135.50,167.50
129.25,90.25,197.25,90.25,197.25,168.25,129.25,168.25
123.00,91.00,191.00,91.00,191.00,169.00,123.00,169.00
119.80,90.80,187.80,90.80,187.80,168.80,119.80,168.80
116.60,90.60,184.60,90.60,184.60,168.60,116.60,168.60
113.40,90.40,181.40,90.40,181.40,168.40,113.40,168.40
110.20,90.20,178.20,90.20,178.20,168.20,110.20,168.20
107.00,90.00,175.00,90.00,175.00,168.00,107.00,168.00
114.00,89.00,182.00,89.00,182.00,167.00,114.00,167.00
121.00,88.00,189.00,88.00,189.00,166.00,121.00,166.00
138.00,86.75,206.00,86.75,206.00,164.75,138.00,164.75
155.00,85.50,223.00,85.50,223.00,163.50,155.00,163.50
172.00,84.25,240.00,84.25,240.00,162.25,172.00,162.25
189.00,83.00,257.00,83.00,257.00,161.00,189.00,161.00
207.67,82.33,275.67,82.33,275.67,160.33,207.67,160.33
226.33,81.67,294.33,81.67,294.33,159.67,226.33,159.67
245.00,81.00,313.00,81.00,313.00,159.00,245.00,159.00
257.00,79.50,325.00,79.50,325.00,157.50,257.00,157.50
269.00,78.00,337.00,78.00,337.00,156.00,269.00,156.00
279.67,74.67,347.67,74.67,347.67,152.67,279.67,152.67
290.33,71.33,358.33,71.33,358.33,149.33,290.33,149.33
301.00,68.00,369.00,68.00,369.00,146.00,301.00,146.00
303.00,66.33,371.00,66.33,371.00,144.33,303.00,144.33
305.00,64.67,373.00,64.67,373.00,142.67,305.00,142.67
307.00,63.00,375.00,63.00,375.00,141.00,307.00,141.00
292.67,68.00,362.00,68.00,362.00,145.33,292.67,145.33
278.33,73.00,349.00,73.00,349.00,149.67,278.33,149.67
264.00,78.00,336.00,78.00,336.00,154.00,264.00,154.00
241.50,83.00,315.50,83.00,315.50,159.00,241.50,159.00
219.00,88.00,295.00,88.00,295.00,164.00,219.00,164.00
194.25,88.25,272.00,88.25,272.00,165.75,194.25,165.75
169.50,88.50,249.00,88.50,249.00,167.50,169.50,167.50
144.75,88.75,226.00,88.75,226.00,169.25,144.75,169.25
120.00,89.00,203.00,89.00,203.00,171.00,120.00,171.00
100.80,86.80,183.60,86.80,183.60,168.00,100.80,168.00
81.60,84.60,164.20,84.60,164.20,165.00,81.60,165.00
62.40,82.40,144.80,82.40,144.80,162.00,62.40,162.00
43.20,80.20,125.40,80.20,125.40,159.00,43.20,159.00
24.00,78.00,106.00,78.00,106.00,156.00,24.00,156.00
13.00,80.50,82.00,80.50,82.00,162.00,13.00,162.00
2.00,83.00,58.00,83.00,58.00,168.00,2.00,168.00
1.80,82.40,58.20,82.40,58.20,170.00,1.80,170.00
1.60,81.80,58.40,81.80,58.40,172.00,1.60,172.00
1.40,81.20,58.60,81.20,58.60,174.00,1.40,174.00
1.20,80.60,58.80,80.60,58.80,176.00,1.20,176.00
1.00,80.00,59.00,80.00,59.00,178.00,1.00,178.00
1.33,82.33,63.33,82.33,63.33,175.00,1.33,175.00
1.67,84.67,67.67,84.67,67.67,172.00,1.67,172.00
2.00,87.00,72.00,87.00,72.00,169.00,2.00,169.00
4.00,87.00,80.33,87.00,80.33,170.67,4.00,170.67
6.00,87.00,88.67,87.00,88.67,172.33,6.00,172.33
8.00,87.00,97.00,87.00,97.00,174.00,8.00,174.00
19.86,89.00,108.71,89.00,108.71,175.00,19.86,175.00
31.71,91.00,120.43,91.00,120.43,176.00,31.71,176.00
43.57,93.00,132.14,93.00,132.14,177.00,43.57,177.00
55.43,95.00,143.86,95.00,143.86,178.00,55.43,178.00
67.29,97.00,155.57,97.00,155.57,179.00,67.29,179.00
79.14,99.00,167.29,99.00,167.29,180.00,79.14,180.00
91.00,101.00,179.00,101.00,179.00,181.00,91.00,181.00
113.67,103.00,196.00,103.00,196.00,180.67,113.67,180.67
136.33,105.00,213.00,105.00,213.00,180.33,136.33,180.33
159.00,107.00,230.00,107.00,230.00,180.00,159.00,180.00
180.86,108.00,252.43,108.00,252.43,181.57,180.86,181.57
202.71,109.00,274.86,109.00,274.86,183.14,202.71,183.14
224.57,110.00,297.29,110.00,297.29,184.71,224.57,184.71
246.43,111.00,319.71,111.00,319.71,186.29,246.43,186.29
268.29,112.00,342.14,112.00,342.14,187.86,268.29,187.86
290.14,113.00,364.57,113.00,364.57,189.43,290.14,189.43
312.00,114.00,387.00,114.00,387.00,191.00,312.00,191.00
325.67,108.00,400.67,108.00,400.67,186.33,325.67,186.33
339.33,102.00,414.33,102.00,414.33,181.67,339.33,181.67
353.00,96.00,428.00,96.00,428.00,177.00,353.00,177.00
353.00,93.00,428.50,93.00,428.50,176.00,353.00,176.00
353.00,90.00,429.00,90.00,429.00,175.00,353.00,175.00
344.00,85.00,421.50,85.00,421.50,169.50,344.00,169.50
335.00,80.00,414.00,80.00,414.00,164.00,335.00,164.00
319.75,81.00,398.75,81.00,398.75,164.25,319.75,164.25
304.50,82.00,383.50,82.00,383.50,164.50,304.50,164.50
289.25,83.00,368.25,83.00,368.25,164.75,289.25,164.75
274.00,84.00,353.00,84.00,353.00,165.00,274.00,165.00
267.33,86.33,346.67,86.33,346.67,166.67,267.33,166.67
260.67,88.67,340.33,88.67,340.33,168.33,260.67,168.33
254.00,91.00,334.00,91.00,334.00,170.00,254.00,170.00
250.67,92.67,329.67,92.67,329.67,172.00,250.67,172.00
247.33,94.33,325.33,94.33,325.33,174.00,247.33,174.00
244.00,96.00,321.00,96.00,321.00,176.00,244.00,176.00
229.50,93.67,305.83,93.67,305.83,174.00,229.50,174.00
215.00,91.33,290.67,91.33,290.67,172.00,215.00,172.00
200.50,89.00,275.50,89.00,275.50,170.00,200.50,170.00
186.00,86.67,260.33,86.67,260.33,168.00,186.00,168.00
171.50,84.33,245.17,84.33,245.17,166.00,171.50,166.00
157.00,82.00,230.00,82.00,230.00,164.00,157.00,164.00
171.67,85.33,246.00,85.33,246.00,168.00,171.67,168.00
186.33,88.67,262.00,88.67,262.00,172.00,186.33,172.00
201.00,92.00,278.00,92.00,278.00,176.00,201.00,176.00
215.67,95.33,294.00,95.33,294.00,180.00,215.67,180.00
230.33,98.67,310.00,98.67,310.00,184.00,230.33,184.00
245.00,102.00,326.00,102.00,326.00,188.00,245.00,188.00
245.25,101.75,324.50,101.75,324.50,186.25,245.25,186.25
245.50,101.50,323.00,101.50,323.00,184.50,245.50,184.50
245.75,101.25,321.50,101.25,321.50,182.75,245.75,182.75
246.00,101.00,320.00,101.00,320.00,181.00,246.00,181.00
242.75,101.50,315.00,101.50,315.00,180.00,242.75,180.00
239.50,102.00,310.00,102.00,310.00,179.00,239.50,179.00
236.25,102.50,305.00,102.50,305.00,178.00,236.25,178.00
233.00,103.00,300.00,103.00,300.00,177.00,233.00,177.00
222.00,97.00,288.00,97.00,288.00,170.00,222.00,170.00
231.50,94.75,298.25,94.75,298.25,167.00,231.50,167.00
241.00,92.50,308.50,92.50,308.50,164.00,241.00,164.00
250.50,90.25,318.75,90.25,318.75,161.00,250.50,161.00
260.00,88.00,329.00,88.00,329.00,158.00,260.00,158.00
271.25,83.75,339.75,83.75,339.75,155.25,271.25,155.25
282.50,79.50,350.50,79.50,350.50,152.50,282.50,152.50
293.75,75.25,361.25,75.25,361.25,149.75,293.75,149.75
305.00,71.00,372.00,71.00,372.00,147.00,305.00,147.00
302.75,70.75,371.75,70.75,371.75,144.50,302.75,144.50
300.50,70.50,371.50,70.50,371.50,142.00,300.50,142.00
298.25,70.25,371.25,70.25,371.25,139.50,298.25,139.50
296.00,70.00,371.00,70.00,371.00,137.00,296.00,137.00
288.67,79.00,365.00,79.00,365.00,150.67,288.67,150.67
281.33,88.00,359.00,88.00,359.00,164.33,281.33,164.33
274.00,97.00,353.00,97.00,353.00,178.00,274.00,178.00
267.67,98.33,345.67,98.33,345.67,180.33,267.67,180.33
261.33,99.67,338.33,99.67,338.33,182.67,261.33,182.67
255.00,101.00,331.00,101.00,331.00,185.00,255.00,185.00
243.00,93.00,318.00,93.00,318.00,178.00,243.00,178.00
231.00,85.00,305.00,85.00,305.00,171.00,231.00,171.00
226.20,81.80,303.20,81.80,303.20,168.60,226.20,168.60
221.40,78.60,301.40,78.60,301.40,166.20,221.40,166.20
216.60,75.40,299.60,75.40,299.60,163.80,216.60,163.80
211.80,72.20,297.80,72.20,297.80,161.40,211.80,161.40
207.00,69.00,296.00,69.00,296.00,159.00,207.00,159.00
195.80,75.40,282.00,75.40,282.00,162.20,195.80,162.20
184.60,81.80,268.00,81.80,268.00,165.40,184.60,165.40
173.40,88.20,254.00,88.20,254.00,168.60,173.40,168.60
162.20,94.60,240.00,94.60,240.00,171.80,162.20,171.80
151.00,101.00,226.00,101.00,226.00,175.00,151.00,175.00
158.25,98.88,232.25,98.88,232.25,173.38,158.25,173.38
165.50,96.75,238.50,96.75,238.50,171.75,165.50,171.75
172.75,94.62,244.75,94.62,244.75,170.12,172.75,170.12
180.00,92.50,251.00,92.50,251.00,168.50,180.00,168.50
187.25,90.38,257.25,90.38,257.25,166.88,187.25,166.88
194.50,88.25,263.50,88.25,263.50,165.25,194.50,165.25
201.75,86.12,269.75,86.12,269.75,163.62,201.75,163.62
209.00,84.00,276.00,84.00,276.00,162.00,209.00,162.00
214.00,80.50,280.50,80.50,280.50,159.00,214.00,159.00
219.00,77.00,285.00,77.00,285.00,156.00,219.00,156.00
217.25,75.50,286.00,75.50,286.00,153.50,217.25,153.50
215.50,74.00,287.00,74.00,287.00,151.00,215.50,151.00
213.75,72.50,288.00,72.50,288.00,148.50,213.75,148.50
212.00,71.00,289.00,71.00,289.00,146.00,212.00,146.00
214.38,71.25,291.00,71.25,291.00,147.25,214.38,147.25
216.75,71.50,293.00,71.50,293.00,148.50,216.75,148.50
219.12,71.75,295.00,71.75,295.00,149.75,219.12,149.75
221.50,72.00,297.00,72.00,297.00,151.00,221.50,151.00
223.88,72.25,299.00,72.25,299.00,152.25,223.88,152.25
226.25,72.50,301.00,72.50,301.00,153.50,226.25,153.50
228.62,72.75,303.00,72.75,303.00,154.75,228.62,154.75
231.00,73.00,305.00,73.00,305.00,156.00,231.00,156.00
250.50,76.50,326.50,76.50,326.50,159.00,250.50,159.00
270.00,80.00,348.00,80.00,348.00,162.00,270.00,162.00
274.00,79.00,354.00,79.00,354.00,161.00,274.00,161.00
261.00,78.00,341.33,78.00,341.33,162.33,261.00,162.33
248.00,77.00,328.67,77.00,328.67,163.67,248.00,163.67
235.00,76.00,316.00,76.00,316.00,165.00,235.00,165.00
237.33,78.33,318.67,78.33,318.67,170.00,237.33,170.00
239.67,80.67,321.33,80.67,321.33,175.00,239.67,175.00
242.00,83.00,324.00,83.00,324.00,180.00,242.00,180.00
228.50,84.50,309.50,84.50,309.50,180.25,228.50,180.25
215.00,86.00,295.00,86.00,295.00,180.50,215.00,180.50
201.50,87.50,280.50,87.50,280.50,180.75,201.50,180.75
188.00,89.00,266.00,89.00,266.00,181.00,188.00,181.00
172.00,93.00,249.00,93.00,249.00,184.00,172.00,184.00
156.00,97.00,232.00,97.00,232.00,187.00,156.00,187.00
150.00,100.00,225.00,100.00,225.00,189.00,150.00,189.00
152.00,101.00,226.00,101.00,226.00,189.00,152.00,189.00
154.00,102.00,227.00,102.00,227.00,189.00,154.00,189.00
160.00,96.00,233.00,96.00,233.00,182.00,160.00,182.00
169.00,97.00,241.00,97.00,241.00,182.00,169.00,182.00
180.00,87.00,251.33,87.00,251.33,171.00,180.00,171.00
191.00,77.00,261.67,77.00,261.67,160.00,191.00,160.00
202.00,67.00,272.00,67.00,272.00,149.00,202.00,149.00
212.50,65.25,282.00,65.25,282.00,146.25,212.50,146.25
223.00,63.50,292.00,63.50,292.00,143.50,223.00,143.50
233.50,61.75,302.00,61.75,302.00,140.75,233.50,140.75
244.00,60.00,312.00,60.00,312.00,138.00,244.00,138.00
242.50,66.50,310.50,66.50,310.50,144.50,242.50,144.50
241.00,73.00,309.00,73.00,309.00,151.00,241.00,151.00
227.67,78.67,295.67,78.67,295.67,156.67,227.67,156.67
214.33,84.33,282.33,84.33,282.33,162.33,214.33,162.33
201.00,90.00,269.00,90.00,269.00,168.00,201.00,168.00
188.50,94.00,262.50,94.00,262.50,172.50,188.50,172.50
176.00,98.00,256.00,98.00,256.00,177.00,176.00,177.00
179.00,99.50,253.00,99.50,253.00,178.00,179.00,178.00
182.00,101.00,250.00,101.00,250.00,179.00,182.00,179.00
187.67,96.00,262.00,96.00,262.00,172.67,187.67,172.67
193.33,91.00,274.00,91.00,274.00,166.33,193.33,166.33
199.00,86.00,286.00,86.00,286.00,160.00,199.00,160.00
210.33,86.67,290.00,86.67,290.00,166.00,210.33,166.00
221.67,87.33,294.00,87.33,294.00,172.00,221.67,172.00
233.00,88.00,298.00,88.00,298.00,178.00,233.00,178.00
234.20,90.20,299.80,90.20,299.80,180.00,234.20,180.00
235.40,92.40,301.60,92.40,301.60,182.00,235.40,182.00
236.60,94.60,303.40,94.60,303.40,184.00,236.60,184.00
237.80,96.80,305.20,96.80,305.20,186.00,237.80,186.00
239.00,99.00,307.00,99.00,307.00,188.00,239.00,188.00
220.00,100.00,293.00,100.00,293.00,179.00,220.00,179.00
214.00,103.50,286.25,103.50,286.25,181.50,214.00,181.50
208.00,107.00,279.50,107.00,279.50,184.00,208.00,184.00
202.00,110.50,272.75,110.50,272.75,186.50,202.00,186.50
196.00,114.00,266.00,114.00,266.00,189.00,196.00,189.00
197.33,114.33,269.33,114.33,269.33,189.67,197.33,189.67
198.67,114.67,272.67,114.67,272.67,190.33,198.67,190.33
200.00,115.00,276.00,115.00,276.00,191.00,200.00,191.00
208.67,110.00,283.33,110.00,283.33,190.67,208.67,190.67
217.33,105.00,290.67,105.00,290.67,190.33,217.33,190.33
226.00,100.00,298.00,100.00,298.00,190.00,226.00,190.00
219.50,97.25,294.50,97.25,294.50,192.25,219.50,192.25
213.00,94.50,291.00,94.50,291.00,194.50,213.00,194.50
206.50,91.75,287.50,91.75,287.50,196.75,206.50,196.75
200.00,89.00,284.00,89.00,284.00,199.00,200.00,199.00
185.00,89.00,272.00,89.00,272.00,204.00,185.00,204.00
180.67,85.33,271.33,85.33,271.33,195.67,180.67,195.67
176.33,81.67,270.67,81.67,270.67,187.33,176.33,187.33
172.00,78.00,270.00,78.00,270.00,179.00,172.00,179.00
179.33,71.67,273.67,71.67,273.67,170.33,179.33,170.33
186.67,65.33,277.33,65.33,277.33,161.67,186.67,161.67
194.00,59.00,281.00,59.00,281.00,153.00,194.00,153.00
188.50,60.25,275.50,60.25,275.50,153.75,188.50,153.75
183.00,61.50,270.00,61.50,270.00,154.50,183.00,154.50
177.50,62.75,264.50,62.75,264.50,155.25,177.50,155.25
172.00,64.00,259.00,64.00,259.00,156.00,172.00,156.00
161.20,66.40,248.20,66.40,248.20,158.00,161.20,158.00
150.40,68.80,237.40,68.80,237.40,160.00,150.40,160.00
139.60,71.20,226.60,71.20,226.60,162.00,139.60,162.00
128.80,73.60,215.80,73.60,215.80,164.00,128.80,164.00
118.00,76.00,205.00,76.00,205.00,166.00,118.00,166.00
126.50,72.75,214.00,72.75,214.00,162.25,126.50,162.25
135.00,69.50,223.00,69.50,223.00,158.50,135.00,158.50
143.50,66.25,232.00,66.25,232.00,154.75,143.50,154.75
152.00,63.00,241.00,63.00,241.00,151.00,152.00,151.00
174.67,65.67,264.67,65.67,264.67,153.33,174.67,153.33
197.33,68.33,288.33,68.33,288.33,155.67,197.33,155.67
220.00,71.00,312.00,71.00,312.00,158.00,220.00,158.00
235.67,76.67,325.67,76.67,325.67,165.67,235.67,165.67
251.33,82.33,339.33,82.33,339.33,173.33,251.33,173.33
267.00,88.00,353.00,88.00,353.00,181.00,267.00,181.00
261.50,83.50,346.00,83.50,346.00,179.00,261.50,179.00
256.00,79.00,339.00,79.00,339.00,177.00,256.00,177.00
252.40,79.40,333.60,79.40,333.60,175.80,252.40,175.80
248.80,79.80,328.20,79.80,328.20,174.60,248.80,174.60
245.20,80.20,322.80,80.20,322.80,173.40,245.20,173.40
241.60,80.60,317.40,80.60,317.40,172.20,241.60,172.20
238.00,81.00,312.00,81.00,312.00,171.00,238.00,171.00
231.60,82.20,306.00,82.20,306.00,172.20,231.60,172.20
225.20,83.40,300.00,83.40,300.00,173.40,225.20,173.40
218.80,84.60,294.00,84.60,294.00,174.60,218.80,174.60
212.40,85.80,288.00,85.80,288.00,175.80,212.40,175.80
206.00,87.00,282.00,87.00,282.00,177.00,206.00,177.00
212.00,87.00,289.00,87.00,289.00,177.50,212.00,177.50
218.00,87.00,296.00,87.00,296.00,178.00,218.00,178.00
229.33,90.33,308.00,90.33,308.00,181.33,229.33,181.33
240.67,93.67,320.00,93.67,320.00,184.67,240.67,184.67
252.00,97.00,332.00,97.00,332.00,188.00,252.00,188.00
248.00,94.00,329.00,94.00,329.00,185.33,248.00,185.33
244.00,91.00,326.00,91.00,326.00,182.67,244.00,182.67
240.00,88.00,323.00,88.00,323.00,180.00,240.00,180.00
236.67,87.67,319.67,87.67,319.67,179.33,236.67,179.33
233.33,87.33,316.33,87.33,316.33,178.67,233.33,178.67
230.00,87.00,313.00,87.00,313.00,178.00,230.00,178.00
186.00,75.00,274.00,75.00,274.00,167.00,186.00,167.00
173.00,75.67,258.67,75.67,258.67,167.33,173.00,167.33
160.00,76.33,243.33,76.33,243.33,167.67,160.00,167.67
147.00,77.00,228.00,77.00,228.00,168.00,147.00,168.00
175.00,76.50,254.00,76.50,254.00,165.50,175.00,165.50
203.00,76.00,280.00,76.00,280.00,163.00,203.00,163.00
244.50,75.00,320.00,75.00,320.00,160.00,244.50,160.00
286.00,74.00,360.00,74.00,360.00,157.00,286.00,157.00
308.00,72.00,381.00,72.00,381.00,153.00,308.00,153.00
290.50,70.00,366.50,70.00,366.50,149.50,290.50,149.50
273.00,68.00,352.00,68.00,352.00,146.00,273.00,146.00
223.00,75.00,301.00,75.00,301.00,154.00,223.00,154.00
197.00,86.00,274.50,86.00,274.50,167.00,197.00,167.00
171.00,97.00,248.00,97.00,248.00,180.00,171.00,180.00
165.00,112.00,231.00,112.00,231.00,179.00,165.00,179.00
179.33,107.33,247.00,107.33,247.00,180.33,179.33,180.33
193.67,102.67,263.00,102.67,263.00,181.67,193.67,181.67
208.00,98.00,279.00,98.00,279.00,183.00,208.00,183.00
226.50,91.50,296.00,91.50,296.00,173.00,226.50,173.00
245.00,85.00,313.00,85.00,313.00,163.00,245.00,163.00
234.50,84.50,302.50,84.50,302.50,162.50,234.50,162.50
224.00,84.00,292.00,84.00,292.00,162.00,224.00,162.00
213.67,92.33,281.67,92.33,281.67,170.33,213.67,170.33
203.33,100.67,271.33,100.67,271.33,178.67,203.33,178.67
193.00,109.00,261.00,109.00,261.00,187.00,193.00,187.00
219.00,111.67,287.00,111.67,287.00,189.67,219.00,189.67
245.00,114.33,313.00,114.33,313.00,192.33,245.00,192.33
271.00,117.00,339.00,117.00,339.00,195.00,271.00,195.00
302.00,105.50,370.00,105.50,370.00,183.50,302.00,183.50
333.00,94.00,401.00,94.00,401.00,172.00,333.00,172.00
338.00,76.00,406.00,76.00,406.00,154.00,338.00,154.00
323.00,71.00,391.00,71.00,391.00,149.00,323.00,149.00
285.00,74.50,353.00,74.50,353.00,152.50,285.00,152.50
247.00,78.00,315.00,78.00,315.00,156.00,247.00,156.00
214.33,80.67,282.33,80.67,282.33,158.67,214.33,158.67
181.67,83.33,249.67,83.33,249.67,161.33,181.67,161.33
149.00,86.00,217.00,86.00,217.00,164.00,149.00,164.00
138.50,94.00,206.50,94.00,206.50,172.00,138.50,172.00
128.00,102.00,196.00,102.00,196.00,180.00,128.00,180.00
147.67,113.33,215.67,113.33,215.67,191.33,147.67,191.33
167.33,124.67,235.33,124.67,235.33,202.67,167.33,202.67
187.00,136.00,255.00,136.00,255.00,214.00,187.00,214.00
202.00,123.00,270.00,123.00,270.00,201.00,202.00,201.00
206.00,113.00,274.00,113.00,274.00,191.00,206.00,191.00
187.00,100.00,255.00,100.00,255.00,178.00,187.00,178.00
165.50,95.00,233.50,95.00,233.50,173.00,165.50,173.00
144.00,90.00,212.00,90.00,212.00,168.00,144.00,168.00
131.00,90.50,200.50,90.50,200.50,175.50,131.00,175.50
118.00,91.00,189.00,91.00,189.00,183.00,118.00,183.00
131.33,88.00,201.33,88.00,201.33,175.33,131.33,175.33
144.67,85.00,213.67,85.00,213.67,167.67,144.67,167.67
158.00,82.00,226.00,82.00,226.00,160.00,158.00,160.00
