0.091063
0.091063
0.091063
0.091063
0.091063
0.091063
0.091063
0.091063
0.091063
0.091063
0.091063
0.091063
0.091063
0.091063
0.091063
0.091063
0.091063
0.091063
0.091063
0.091063
0.091063
0.091063
0.091063
0.091063
0.091063
0.091063
0.091063
0.091063
0.091063
0.091063
0.091063
0.091063
0.091063
0.091063
0.091063
0.091063
0.091063
0.091063
0.091063
0.091063
0.091063
0.091063
0.091063
0.091063
0.091063
0.091063
0.091063
0.091063
0.091063
0.091063
0.091063
0.091063
0.091063
0.091063
0.091063
0.091063
0.091063
0.091063
0.091063
0.091063
0.091063
0.091063
0.091063
