262.00,90.00,331.00,90.00,331.00,126.00,262.00,126.00
273.56,130.72,327.24,126.44,324.44,91.28,270.76,95.56
270.81,97.44,273.05,132.78,326.79,129.36,324.55,94.02
270.86,99.33,272.54,134.83,326.34,132.27,324.66,96.77
270.90,101.22,272.02,136.89,325.89,135.18,324.77,99.51
270.95,103.11,271.51,138.94,325.45,138.09,324.89,102.26
271.00,141.00,325.00,141.00,325.00,105.00,271.00,105.00
269.45,107.10,270.49,143.03,324.43,141.45,323.39,105.53
267.91,109.21,269.99,145.05,323.87,141.90,321.79,106.06
266.36,111.31,269.49,147.08,323.30,142.36,320.18,106.58
264.82,113.41,268.98,149.11,322.74,142.81,318.57,107.11
264.17,113.72,269.38,149.34,323.07,141.46,317.87,105.84
263.53,114.02,269.77,149.57,323.41,140.11,317.16,104.57
262.88,114.32,270.17,149.79,323.74,138.76,316.45,103.30
262.23,114.63,270.56,150.02,324.08,137.42,315.75,102.02
270.96,150.25,324.41,136.07,315.04,100.75,261.59,114.93
260.44,114.40,270.11,149.36,323.34,134.60,313.67,99.64
259.28,113.86,269.26,148.48,322.27,133.14,312.29,98.52
258.13,113.32,268.42,147.59,321.20,131.68,310.92,97.41
256.98,112.79,267.57,146.70,320.13,130.21,309.54,96.30
255.83,112.25,266.72,145.82,319.06,128.74,308.17,95.18
254.67,111.72,265.87,144.93,317.99,127.28,306.79,94.07
253.52,111.18,265.03,144.04,316.92,125.82,305.42,92.96
252.37,110.65,264.18,143.16,315.85,124.35,304.04,91.84
263.33,142.27,314.79,122.89,302.67,90.73,251.21,110.11
249.74,110.67,262.95,141.56,312.72,120.02,299.52,89.13
248.27,111.22,262.56,140.85,310.66,117.15,296.37,87.53
246.80,111.78,262.17,140.13,308.60,114.29,293.23,85.93
245.33,112.33,261.79,139.42,306.54,111.42,290.08,84.34
243.86,112.89,261.40,138.71,304.47,108.56,286.93,82.74
242.39,113.44,261.02,137.99,302.41,105.69,283.78,81.14
240.92,114.00,260.63,137.28,300.35,102.82,280.64,79.54
239.45,114.56,260.25,136.57,298.29,99.96,277.49,77.94
237.98,115.11,259.86,135.85,296.23,97.09,274.34,76.35
233.17,121.22,256.14,140.70,290.83,99.78,267.86,80.30
294.17,97.79,270.65,74.84,228.83,117.71,252.35,140.66
233.73,118.28,255.28,135.95,288.27,95.72,266.72,78.05
232.74,120.38,254.80,137.52,287.20,95.57,265.14,78.42
231.76,122.48,254.32,139.10,286.13,95.41,263.57,78.79
230.77,124.58,253.84,140.68,285.07,95.25,261.99,79.15
229.78,126.68,253.36,142.26,284.00,95.10,260.42,79.52
230.14,129.23,254.22,144.29,284.28,95.39,260.20,80.34
230.50,131.78,255.09,146.32,284.57,95.69,259.97,81.15
230.86,134.33,255.96,148.34,284.85,95.98,259.75,81.97
231.22,136.88,256.83,150.37,285.13,96.27,259.53,82.79
231.58,139.43,257.70,152.40,285.42,96.57,259.30,83.60
233.02,140.16,258.80,152.25,284.87,96.06,259.09,83.97
234.46,140.90,259.90,152.10,284.32,95.55,258.88,84.35
235.90,141.63,261.00,151.95,283.77,95.04,258.67,84.72
237.34,142.36,262.10,151.80,283.22,94.53,258.45,85.09
238.77,143.10,263.20,151.65,282.67,94.01,258.24,85.46
240.21,143.83,264.30,151.50,282.12,93.50,258.03,85.83
241.65,144.56,265.40,151.35,281.57,92.99,257.82,86.20
243.09,145.29,266.50,151.20,281.02,92.48,257.61,86.57
244.53,146.03,267.61,151.05,280.47,91.97,257.39,86.94
245.83,143.69,268.74,148.63,281.20,90.71,258.30,85.77
247.14,141.35,269.87,146.20,281.93,89.45,259.20,84.60
248.44,139.01,271.00,143.77,282.66,88.19,260.10,83.43
248.21,139.82,270.96,144.82,283.02,89.49,260.27,84.49
247.98,140.64,270.92,145.87,283.38,90.79,260.43,85.56
247.75,141.45,270.89,146.92,283.74,92.09,260.60,86.62
247.52,142.26,270.85,147.97,284.10,93.39,260.76,87.69
247.29,143.07,270.81,149.02,284.46,94.70,260.93,88.75
247.05,143.89,270.78,150.07,284.82,96.00,261.09,89.82
246.82,144.70,270.74,151.12,285.18,97.30,261.26,90.89
247.20,144.65,270.52,151.03,285.05,97.97,261.73,91.60
247.58,144.61,270.29,150.94,284.92,98.64,262.21,92.31
247.95,144.57,270.07,150.86,284.80,99.31,262.68,93.02
248.33,144.52,269.84,150.77,284.67,99.98,263.16,93.73
248.71,144.48,269.62,150.69,284.54,100.65,263.63,94.44
249.08,144.43,269.39,150.60,284.42,101.32,264.11,95.15
249.46,144.39,269.17,150.51,284.29,101.99,264.58,95.86
249.84,144.34,268.95,150.43,284.16,102.66,265.05,96.57
250.15,144.04,269.02,150.06,284.18,102.54,265.31,96.52
250.46,143.74,269.10,149.70,284.20,102.42,265.56,96.47
250.78,143.45,269.18,149.33,284.22,102.30,265.82,96.42
251.09,143.15,269.26,148.97,284.24,102.18,266.07,96.37
251.40,142.85,269.34,148.60,284.27,102.07,266.33,96.32
251.71,142.55,269.42,148.24,284.29,101.95,266.58,96.26
252.03,142.26,269.49,147.87,284.31,101.83,266.84,96.21
252.34,141.96,269.57,147.51,284.33,101.71,267.09,96.16
252.65,141.66,269.65,147.14,284.35,101.59,267.35,96.11
252.97,141.36,269.73,146.78,284.37,101.47,267.60,96.06
253.28,141.06,269.81,146.41,284.39,101.35,267.86,96.01
253.59,140.76,269.89,146.04,284.41,101.24,268.11,95.96
253.44,140.98,269.76,146.33,284.62,101.02,268.30,95.67
253.29,141.20,269.63,146.61,284.83,100.80,268.49,95.39
253.15,141.42,269.50,146.89,285.04,100.58,268.69,95.11
253.00,141.64,269.37,147.17,285.25,100.36,268.88,94.83
252.85,141.86,269.25,147.45,285.47,100.14,269.07,94.55
252.70,142.08,269.12,147.74,285.68,99.92,269.26,94.26
252.55,142.30,268.99,148.02,285.89,99.70,269.45,93.98
252.40,142.52,268.86,148.30,286.10,99.48,269.64,93.70
252.25,142.74,268.73,148.58,286.31,99.26,269.83,93.42
252.10,142.96,268.61,148.86,286.52,99.04,270.02,93.14
251.95,143.17,268.48,149.14,286.73,98.83,270.21,92.86
251.80,143.39,268.35,149.43,286.95,98.61,270.40,92.57
251.66,143.61,268.22,149.71,287.16,98.39,270.59,92.29
251.51,143.83,268.09,149.99,287.37,98.17,270.78,92.01
251.36,144.05,267.97,150.27,287.58,97.95,270.97,91.73
251.21,144.27,267.84,150.55,287.79,97.73,271.16,91.45
253.80,144.02,270.85,148.75,286.54,96.73,269.48,92.00
256.38,143.77,273.87,146.95,285.28,95.73,267.80,92.55
258.97,143.52,276.88,145.15,284.03,94.73,266.12,93.10
260.49,143.27,278.83,143.35,281.71,93.73,263.37,93.65
260.62,94.20,262.01,143.02,280.78,141.55,279.39,92.73
257.88,94.75,263.53,142.77,282.73,139.75,277.07,91.73
255.13,95.31,265.05,142.52,284.67,137.95,274.74,90.73
266.58,142.27,286.62,136.15,272.42,89.72,252.38,95.86
250.44,97.76,267.21,142.29,287.28,134.24,270.50,89.71
248.50,99.67,267.85,142.31,287.93,132.33,268.58,89.69
246.55,101.58,268.48,142.33,288.59,130.42,266.66,89.67
244.61,103.49,269.11,142.35,289.24,128.51,264.74,89.65
242.67,105.40,269.75,142.36,289.90,126.60,262.82,89.64
240.73,107.31,270.38,142.38,290.56,124.69,260.90,89.62
238.79,109.22,271.02,142.40,291.21,122.78,258.98,89.60
237.19,110.52,270.20,143.26,290.94,122.10,257.93,89.37
235.59,111.83,269.37,144.11,290.66,121.42,256.88,89.14
233.99,113.13,268.55,144.97,290.39,120.75,255.83,88.90
232.39,114.43,267.73,145.83,290.11,120.07,254.77,88.67
230.79,115.74,266.90,146.69,289.84,119.39,253.72,88.44
229.19,117.04,266.08,147.54,289.56,118.71,252.67,88.21
227.59,118.34,265.26,148.40,289.29,118.03,251.62,87.97
225.99,119.64,264.44,149.26,289.01,117.36,250.56,87.74
224.61,120.40,263.96,149.32,287.68,117.17,248.32,88.25
223.23,121.15,263.49,149.38,286.35,116.99,246.08,88.76
221.84,121.91,263.02,149.44,285.02,116.81,243.84,89.28
220.46,122.66,262.54,149.50,283.68,116.62,241.60,89.79
219.08,123.42,262.07,149.56,282.35,116.44,239.36,90.30
217.69,124.17,261.60,149.62,281.02,116.25,237.12,90.81
216.31,124.93,261.12,149.68,279.69,116.07,234.88,91.32
213.87,125.09,258.83,149.87,277.31,116.34,232.35,91.56
211.42,125.25,256.53,150.07,274.93,116.61,229.83,91.80
208.98,125.42,254.23,150.26,272.56,116.88,227.31,92.04
206.53,125.58,251.93,150.45,270.18,117.15,224.78,92.28
204.09,125.74,249.63,150.64,267.80,117.43,222.26,92.52
202.82,126.35,248.57,150.98,266.46,117.80,220.71,93.17
201.56,126.96,247.51,151.32,265.12,118.18,219.16,93.82
200.29,127.57,246.46,151.66,263.77,118.56,217.61,94.47
199.03,128.18,245.40,152.00,262.43,118.93,216.06,95.11
197.77,128.79,244.35,152.34,261.09,119.31,214.51,95.76
196.51,129.41,243.29,152.68,259.74,119.68,212.96,96.41
195.24,130.02,242.23,153.02,258.40,120.06,211.41,97.06
193.98,130.63,241.18,153.36,257.05,120.44,209.86,97.71
192.72,131.24,240.12,153.70,255.71,120.81,208.31,98.35
191.21,131.29,238.62,154.46,254.61,121.75,207.20,98.58
189.71,131.34,237.13,155.22,253.51,122.68,206.09,98.80
188.20,131.40,235.63,155.98,252.41,123.62,204.97,99.03
186.70,131.45,234.14,156.74,251.30,124.55,203.86,99.26
185.51,131.24,232.73,157.81,250.12,126.59,202.90,100.02
184.32,131.03,231.31,158.87,248.93,128.63,201.94,100.79
183.14,130.82,229.90,159.94,247.74,130.68,200.98,101.56
181.95,130.62,228.48,161.00,246.55,132.72,200.02,102.33
180.77,130.41,227.07,162.07,245.36,134.76,199.06,103.10
179.58,130.20,225.65,163.13,244.17,136.80,198.10,103.86
178.40,129.32,224.24,163.53,242.98,138.18,197.13,103.97
222.83,163.93,241.79,139.55,196.17,104.07,177.21,128.45
176.62,128.56,221.76,163.85,240.52,139.85,195.38,104.56
176.03,128.67,220.69,163.77,239.24,140.15,194.58,105.05
175.44,128.78,219.62,163.68,237.97,140.45,193.79,105.54
174.85,128.89,218.55,163.60,236.69,140.75,192.99,106.03
174.66,127.82,217.88,162.34,235.81,139.87,192.59,105.35
174.46,126.75,217.21,161.08,234.93,138.99,192.18,104.66
174.26,125.68,216.53,159.82,234.05,138.12,191.78,103.97
174.07,124.61,215.86,158.56,233.17,137.24,191.38,103.28
173.87,123.54,215.18,157.30,232.29,136.36,190.98,102.60
173.68,122.47,214.51,156.04,231.40,135.48,190.57,101.91
173.48,121.40,213.83,154.78,230.52,134.60,190.17,101.22
171.87,120.13,212.72,154.01,229.49,133.78,188.65,99.90
170.26,118.87,211.60,153.24,228.47,132.95,187.13,98.57
168.65,117.60,210.49,152.48,227.44,132.12,185.60,97.25
167.04,116.34,209.37,151.71,226.41,131.30,184.08,95.93
165.43,115.07,208.26,150.94,225.39,130.47,182.56,94.61
163.82,113.81,207.14,150.17,224.36,129.65,181.04,93.28
162.21,112.54,206.02,149.40,223.33,128.82,179.52,91.96
160.60,111.28,204.91,148.63,222.30,128.00,178.00,90.64
158.99,110.01,203.79,147.87,221.28,127.17,176.48,89.31
157.39,108.75,202.68,147.10,220.25,126.34,174.96,87.99
155.78,107.48,201.57,146.33,219.22,125.52,173.43,86.67
156.75,105.23,198.44,145.48,216.35,126.59,174.66,86.35
157.73,102.99,195.31,144.63,213.47,127.67,175.89,86.02
158.71,100.74,192.19,143.79,210.59,128.75,177.11,85.70
159.68,98.49,189.06,142.94,207.72,129.82,178.34,85.38
160.66,96.25,185.94,142.09,204.84,130.90,179.56,85.05
161.64,94.00,182.81,141.24,201.96,131.97,180.79,84.73
162.62,91.75,179.69,140.39,199.08,133.05,182.01,84.41
162.10,91.82,178.62,140.55,197.70,133.71,181.18,84.99
161.59,91.89,177.54,140.70,196.31,134.38,180.36,85.57
176.47,140.85,194.92,135.04,179.53,86.15,161.08,91.96
161.15,91.60,174.97,139.94,193.57,134.69,179.74,86.35
161.22,91.23,173.47,139.03,192.21,134.34,179.96,86.54
161.29,90.87,171.97,138.12,190.85,133.98,180.17,86.74
161.37,90.51,170.47,137.20,189.49,133.63,180.39,86.94
161.44,90.15,168.97,136.29,188.13,133.28,180.60,87.14
161.51,89.79,167.47,135.38,186.77,132.93,180.82,87.34
165.97,134.47,185.42,132.57,181.03,87.53,161.58,89.43
162.00,126.00,182.00,126.00,182.00,86.00,162.00,86.00
161.01,126.38,180.62,127.07,182.36,86.74,162.76,86.06
160.02,126.76,179.24,128.14,182.73,87.49,163.51,86.11
159.04,127.14,177.85,129.21,183.09,88.23,164.27,86.16
158.05,127.52,176.47,130.28,183.45,88.98,165.03,86.22
157.06,127.90,175.09,131.35,183.81,89.72,165.78,86.27
156.08,128.29,173.71,132.42,184.17,90.46,166.54,86.33
155.09,128.67,172.33,133.49,184.54,91.21,167.30,86.38
154.10,129.05,170.95,134.56,184.90,91.95,168.05,86.44
154.01,128.79,170.70,134.45,184.99,92.29,168.30,86.63
153.91,128.53,170.46,134.34,185.09,92.64,168.54,86.83
153.82,128.27,170.22,134.23,185.18,92.98,168.78,87.02
153.73,128.01,169.97,134.12,185.27,93.32,169.03,87.22
153.63,127.75,169.73,134.01,185.37,93.66,169.27,87.41
153.54,127.49,169.49,133.89,185.46,94.01,169.51,87.61
153.45,127.24,169.24,133.78,185.55,94.35,169.76,87.80
153.35,126.98,169.00,133.67,185.65,94.69,170.00,88.00
153.26,126.72,168.76,133.56,185.74,95.03,170.24,88.19
153.17,126.46,168.51,133.45,185.83,95.37,170.49,88.39
153.07,126.20,168.27,133.34,185.93,95.72,170.73,88.58
152.98,125.94,168.02,133.23,186.02,96.06,170.98,88.77
152.73,125.97,167.97,133.35,186.09,95.93,170.84,88.55
152.47,126.01,167.91,133.48,186.15,95.80,170.71,88.33
152.21,126.04,167.86,133.61,186.21,95.67,170.57,88.10
151.96,126.07,167.80,133.74,186.28,95.54,170.43,87.88
151.70,126.11,167.75,133.87,186.35,95.42,170.30,87.65
151.45,126.14,167.69,134.00,186.41,95.29,170.16,87.43
151.19,126.18,167.64,134.13,186.48,95.16,170.03,87.21
150.93,126.21,167.58,134.25,186.54,95.03,169.89,86.98
150.68,126.24,167.53,134.38,186.61,94.90,169.76,86.76
150.42,126.28,167.47,134.51,186.67,94.77,169.62,86.54
150.17,126.31,167.42,134.64,186.74,94.64,169.49,86.31
149.91,126.34,167.37,134.77,186.80,94.51,169.35,86.09
149.66,126.38,167.31,134.90,186.87,94.39,169.21,85.86
149.40,126.41,167.26,135.03,186.93,94.26,169.08,85.64
149.15,126.44,167.20,135.15,187.00,94.13,168.94,85.42
148.89,126.48,167.15,135.28,187.06,94.00,168.81,85.19
148.63,126.51,167.09,135.41,187.13,93.87,168.67,84.97
148.38,126.54,167.04,135.54,187.19,93.74,168.54,84.75
148.12,126.58,166.98,135.67,187.26,93.61,168.40,84.52
147.87,126.61,166.93,135.80,187.32,93.49,168.27,84.30
147.61,126.64,166.87,135.93,187.39,93.36,168.13,84.07
147.01,125.64,165.95,135.53,187.99,93.49,169.05,83.59
146.41,124.63,165.02,135.14,188.59,93.62,169.98,83.11
145.82,123.62,164.10,134.75,189.18,93.75,170.90,82.63
145.22,122.61,163.17,134.35,189.78,93.89,171.83,82.15
144.62,121.61,162.25,133.96,190.38,94.02,172.75,81.67
144.02,120.60,161.32,133.57,190.98,94.15,173.68,81.18
143.42,119.59,160.40,133.17,191.58,94.28,174.60,80.70
159.47,132.78,192.18,94.41,175.53,80.22,142.82,118.59
142.49,117.14,158.85,132.32,193.06,95.09,176.70,79.90
142.16,115.68,158.24,131.86,193.95,95.76,177.87,79.58
141.83,114.23,157.62,131.40,194.84,96.43,179.04,79.27
141.50,112.78,157.01,130.94,195.72,97.11,180.21,78.95
141.17,111.33,156.39,130.48,196.61,97.78,181.38,78.63
140.84,109.88,155.78,130.02,197.49,98.45,182.56,78.32
140.51,108.43,155.16,129.56,198.38,99.13,183.73,78.00
140.18,106.98,154.55,129.10,199.26,99.80,184.90,77.68
153.93,128.64,200.15,100.47,186.07,77.36,139.85,105.53
139.88,104.52,153.19,127.95,200.75,101.10,187.43,77.67
139.91,103.52,152.46,127.26,201.34,101.73,188.79,77.99
139.93,102.51,151.72,126.58,201.94,102.36,190.15,78.29
139.96,101.51,150.98,125.89,202.54,102.99,191.52,78.61
139.99,100.51,150.25,125.21,203.13,103.62,192.88,78.92
140.02,99.50,149.51,124.52,203.73,104.25,194.24,79.23
140.05,98.50,148.77,123.84,204.33,104.88,195.60,79.54
148.04,123.15,204.92,105.50,196.96,79.85,140.08,97.50
139.51,98.03,148.03,123.66,204.82,104.80,196.30,79.17
138.94,98.57,148.02,124.18,204.72,104.09,195.65,78.49
138.38,99.11,148.01,124.69,204.62,103.39,194.99,77.81
137.81,99.65,148.01,125.20,204.52,102.68,194.33,77.13
137.25,100.19,148.00,125.72,204.42,101.98,193.67,76.45
136.68,100.73,147.99,126.23,204.32,101.27,193.01,75.77
136.11,101.27,147.99,126.74,204.22,100.57,192.35,75.09
135.55,101.81,147.98,127.25,204.12,99.86,191.69,74.41
134.98,102.34,147.97,127.77,204.02,99.16,191.03,73.73
134.42,102.88,147.96,128.28,203.92,98.45,190.37,73.05
133.85,103.42,147.96,128.79,203.82,97.75,189.71,72.37
147.95,129.31,203.72,97.04,189.05,71.69,133.28,103.96
133.65,103.38,147.77,128.98,204.01,97.95,189.90,72.36
134.02,102.80,147.58,128.65,204.31,98.87,190.75,73.02
134.39,102.22,147.40,128.32,204.61,99.78,191.60,73.68
134.76,101.64,147.21,127.98,204.91,100.70,192.46,74.35
135.12,101.06,147.03,127.65,205.21,101.61,193.31,75.01
135.49,100.47,146.84,127.32,205.51,102.53,194.16,75.68
135.58,100.62,147.15,127.47,205.53,102.37,193.96,75.51
135.67,100.76,147.45,127.62,205.55,102.21,193.77,75.35
135.75,100.90,147.75,127.77,205.57,102.06,193.57,75.19
135.84,101.04,148.06,127.92,205.59,101.90,193.37,75.02
135.93,101.18,148.36,128.06,205.61,101.74,193.18,74.86
136.01,101.32,148.67,128.21,205.63,101.58,192.98,74.69
136.10,101.46,148.97,128.36,205.66,101.43,192.78,74.53
136.18,101.61,149.28,128.51,205.68,101.27,192.59,74.37
136.27,101.75,149.58,128.66,205.70,101.11,192.39,74.20
136.36,101.89,149.88,128.81,205.72,100.96,192.19,74.04
138.07,104.40,152.54,129.82,204.98,100.16,190.51,74.74
139.78,106.92,155.20,130.84,204.24,99.36,188.83,75.44
157.85,131.86,203.51,98.56,187.15,76.14,141.49,109.44
140.94,109.84,158.63,133.45,204.56,99.16,186.87,75.55
140.40,110.24,159.42,135.05,205.60,99.76,186.58,74.95
139.85,110.64,160.20,136.64,206.65,100.36,186.30,74.36
160.98,138.23,207.71,100.96,186.02,73.77,139.29,111.04
139.45,111.01,160.94,138.00,207.42,100.99,185.93,74.00
139.60,110.98,160.89,137.77,207.14,101.02,185.84,74.23
139.75,110.96,160.85,137.54,206.85,101.04,185.75,74.46
139.90,110.93,160.80,137.32,206.57,101.07,185.66,74.68
140.05,110.90,160.76,137.09,206.28,101.10,185.57,74.91
140.20,110.87,160.71,136.86,206.00,101.13,185.49,75.14
140.35,110.84,160.67,136.63,205.72,101.16,185.40,75.37
140.50,110.81,160.63,136.41,205.43,101.19,185.31,75.59
140.65,110.78,160.58,136.18,205.15,101.22,185.22,75.82
140.80,110.75,160.54,135.95,204.86,101.25,185.13,76.05
140.95,110.72,160.49,135.72,204.58,101.28,185.04,76.28
141.10,110.69,160.45,135.50,204.29,101.31,184.95,76.50
141.26,110.66,160.40,135.27,204.01,101.34,184.86,76.73
141.41,110.63,160.36,135.04,203.73,101.37,184.77,76.96
160.32,134.81,203.44,101.40,184.68,77.19,141.56,110.60
142.10,108.87,158.75,133.88,204.37,104.08,187.72,79.07
142.65,107.15,157.19,132.95,205.30,106.76,190.76,80.95
143.19,105.42,155.63,132.02,206.24,109.44,193.80,82.83
143.74,103.69,154.07,131.09,207.17,112.12,196.84,84.72
144.28,101.96,152.50,130.16,208.10,114.80,199.88,86.60
144.83,100.24,150.94,129.23,209.03,117.48,202.92,88.48
148.21,125.97,208.79,117.82,204.79,88.03,144.21,96.18
145.66,96.43,149.38,125.98,210.34,118.36,206.62,88.81
147.12,96.68,150.55,125.99,211.88,118.89,208.45,89.58
148.57,96.94,151.72,126.00,213.43,119.42,210.28,90.36
150.03,97.19,152.89,126.01,214.97,119.95,212.11,91.13
150.32,96.86,152.89,125.44,215.35,119.90,212.77,91.32
150.61,96.53,152.90,124.87,215.73,119.85,213.44,91.51
152.90,124.30,216.10,119.79,214.10,91.70,150.90,96.21
152.46,96.20,154.43,124.32,216.96,119.94,215.00,91.82
154.03,96.20,155.97,124.35,217.83,120.08,215.89,91.94
155.60,96.20,157.50,124.37,218.69,120.23,216.78,92.06
157.17,96.20,159.04,124.39,219.55,120.37,217.68,92.18
158.73,96.20,160.57,124.42,220.41,120.51,218.57,92.29
160.30,96.20,162.10,124.44,221.27,120.66,219.47,92.41
163.64,124.47,222.13,120.80,220.36,92.53,161.87,96.20
164.46,94.44,164.90,122.79,222.82,121.70,222.39,93.36
166.15,121.10,223.52,122.59,224.42,94.18,167.05,92.69
167.41,119.42,224.21,123.49,226.45,95.01,169.65,90.94
168.67,117.74,224.90,124.38,228.48,95.83,172.24,89.19
169.93,116.05,225.59,125.28,230.50,96.66,174.84,87.44
171.18,114.37,226.29,126.17,232.53,97.49,177.43,85.68
172.44,112.69,226.98,127.07,234.56,98.31,180.02,83.93
174.57,111.65,226.90,127.85,235.83,99.55,183.50,83.35
176.70,110.61,226.83,128.64,237.10,100.79,186.97,82.76
178.83,109.57,226.76,129.42,238.37,102.03,190.45,82.18
180.96,108.54,226.68,130.21,239.64,103.26,193.92,81.60
183.09,107.50,226.61,130.99,240.91,104.50,197.39,81.01
186.59,103.56,224.38,132.27,240.41,109.94,202.62,81.23
190.08,99.62,222.16,133.56,239.92,115.38,207.84,81.44
193.57,95.68,219.93,134.84,239.43,120.82,213.07,81.66
217.71,136.12,238.93,126.25,218.29,81.88,197.07,91.75
198.67,91.53,217.30,136.58,238.33,127.64,219.70,82.58
200.28,91.31,216.90,137.04,237.72,129.03,221.10,83.29
201.88,91.09,216.49,137.50,237.12,130.41,222.51,84.00
203.49,90.87,216.08,137.96,236.51,131.80,223.92,84.70
205.10,90.65,215.68,138.42,235.90,133.19,225.32,85.41
206.70,90.43,215.27,138.88,235.30,134.57,226.73,86.12
208.30,90.21,214.87,139.34,234.70,135.96,228.13,86.82
209.91,89.99,214.46,139.80,234.09,137.35,229.54,87.53
211.14,90.89,213.68,141.39,233.11,139.86,230.57,89.36
212.37,91.79,212.90,142.97,232.13,142.37,231.60,91.19
212.12,144.56,231.15,144.88,232.63,93.03,213.60,92.70
211.33,146.14,230.17,147.40,233.67,94.86,214.83,93.60
210.76,146.47,229.81,148.44,234.85,96.35,215.79,94.38
210.18,146.80,229.46,149.48,236.03,97.84,216.75,95.16
209.60,147.12,229.10,150.52,237.21,99.33,217.72,95.93
208.11,147.45,227.83,151.56,237.48,100.82,217.76,96.71
206.62,147.78,226.56,152.61,237.74,102.32,217.81,97.49
205.12,148.10,225.29,153.65,238.01,103.81,217.85,98.26
203.63,148.43,224.01,154.69,238.28,105.30,217.90,99.04
202.14,148.76,222.74,155.73,238.54,106.79,217.94,99.81
200.65,149.08,221.47,156.77,238.81,108.28,217.99,100.59
199.15,149.41,220.20,157.82,239.07,109.77,218.03,101.37
197.66,149.74,218.92,158.86,239.34,111.26,218.08,102.14
196.43,148.81,217.03,159.05,239.49,113.19,218.88,102.95
195.19,147.89,215.14,159.23,239.64,115.11,219.69,103.77
193.96,146.97,213.25,159.42,239.79,117.03,220.50,104.58
192.72,146.04,211.36,159.61,239.95,118.96,221.30,105.39
191.49,145.12,209.47,159.80,240.10,120.88,222.11,106.20
190.25,144.20,207.58,159.99,240.25,122.80,222.92,107.01
189.02,143.28,205.69,160.18,240.40,124.72,223.73,107.82
187.79,142.35,203.80,160.37,240.55,126.65,224.53,108.63
186.55,141.43,201.91,160.55,240.70,128.57,225.34,109.45
185.32,140.51,200.02,160.74,240.85,130.49,226.15,110.26
184.08,139.59,198.13,160.93,241.00,132.41,226.95,111.07
196.24,161.12,241.15,134.34,227.76,111.88,182.85,138.66
181.99,137.59,194.40,161.10,240.87,136.38,228.45,112.88
181.12,136.51,192.57,161.07,240.59,138.43,229.15,113.87
180.26,135.44,190.73,161.05,240.31,140.48,229.84,114.86
179.40,134.36,188.90,161.03,240.03,142.52,230.53,115.86
178.54,133.29,187.06,161.00,239.74,144.57,231.23,116.85
177.68,131.51,185.23,160.28,239.46,145.92,231.92,117.15
183.39,159.56,239.18,147.26,232.61,117.44,176.82,129.74
177.09,128.15,182.28,157.90,238.29,148.23,233.09,118.48
177.35,126.56,181.18,156.24,237.40,149.19,233.57,119.51
177.62,124.97,180.07,154.57,236.50,150.15,234.05,120.55
177.89,123.39,178.97,152.91,235.61,151.11,234.53,121.59
177.86,151.25,234.71,152.07,235.01,122.62,178.16,121.80
176.76,149.59,233.82,153.04,235.49,123.66,178.43,120.21
175.65,147.93,232.93,154.00,235.97,124.69,178.70,118.63
174.55,146.27,232.03,154.96,236.45,125.73,178.97,117.04
173.20,144.59,230.77,155.63,236.13,126.86,178.56,115.81
171.85,142.90,229.52,156.30,235.82,127.99,178.15,114.58
170.50,141.22,228.26,156.98,235.50,129.12,177.74,113.36
169.15,139.54,227.00,157.65,235.18,130.24,177.34,112.13
167.81,137.85,225.74,158.32,234.86,131.37,176.93,110.90
166.46,136.17,224.48,158.99,234.54,132.50,176.52,109.67
165.11,134.48,223.22,159.66,234.22,133.63,176.11,108.45
163.76,132.80,221.96,160.34,233.91,134.76,175.71,107.22
162.41,131.12,220.70,161.01,233.59,135.88,175.30,105.99
161.10,131.35,220.40,160.10,232.73,134.74,173.43,105.99
159.79,131.57,220.10,159.18,231.88,133.59,171.56,105.98
158.48,131.80,219.80,158.27,231.02,132.45,169.70,105.98
157.17,132.03,219.50,157.36,230.16,131.30,167.83,105.98
155.86,132.26,219.20,156.44,229.31,130.16,165.96,105.97
154.83,131.71,218.15,155.88,228.17,129.79,164.85,105.62
153.80,131.16,217.11,155.31,227.04,129.42,163.73,105.27
152.77,130.61,216.06,154.75,225.90,129.05,162.61,104.92
151.74,130.06,215.01,154.18,224.76,128.69,161.49,104.57
150.71,129.52,213.97,153.62,223.63,128.32,160.37,104.22
149.68,128.97,212.92,153.05,222.49,127.95,159.25,103.86
148.65,128.42,211.87,152.49,221.35,127.58,158.13,103.51
148.37,128.19,211.47,152.49,221.38,126.81,158.28,102.51
148.09,127.97,211.06,152.49,221.41,126.03,158.44,101.51
147.82,127.74,210.66,152.49,221.43,125.26,158.59,100.51
147.54,127.51,210.25,152.49,221.46,124.49,158.75,99.51
147.26,127.29,209.85,152.49,221.49,123.71,158.90,98.51
146.98,127.06,209.44,152.49,221.52,122.94,159.06,97.51
146.71,126.84,209.04,152.49,221.54,122.16,159.21,96.51
146.43,126.61,208.63,152.49,221.57,121.39,159.37,95.51
146.42,126.49,208.54,151.68,221.14,120.62,159.01,95.43
146.40,126.37,208.46,150.88,220.71,119.85,158.66,95.35
146.39,126.25,208.37,150.07,220.28,119.08,158.30,95.26
146.38,126.13,208.28,149.26,219.85,118.31,157.94,95.18
146.36,126.01,208.19,148.46,219.42,117.54,157.58,95.10
146.35,125.89,208.11,147.65,218.99,116.77,157.23,95.02
146.34,125.78,208.02,146.84,218.55,116.00,156.87,94.93
146.32,125.66,207.93,146.04,218.12,115.23,156.51,94.85
146.31,125.54,207.85,145.23,217.69,114.46,156.15,94.77
147.06,127.19,206.93,143.27,214.79,111.81,154.93,95.73
147.82,128.85,206.01,141.30,211.89,109.15,153.70,96.70
148.58,130.50,205.10,139.34,208.99,106.50,152.48,97.67
149.33,132.15,204.18,137.37,206.10,103.85,151.25,98.63
150.02,99.60,150.09,133.81,203.26,135.40,203.20,101.19
148.80,100.56,150.84,135.46,202.35,133.44,200.30,98.54
151.60,137.12,201.43,131.48,197.40,95.88,147.57,101.53
145.12,108.03,152.53,139.54,199.88,126.22,192.47,94.71
142.68,114.54,153.46,141.96,198.32,120.96,187.54,93.54
140.23,121.05,154.38,144.37,196.77,115.70,182.62,92.38
137.79,127.55,155.31,146.79,195.21,110.45,177.69,91.21
137.30,128.77,155.56,146.67,192.45,109.48,174.19,91.58
136.82,129.98,155.82,146.55,189.68,108.52,170.68,91.95
136.34,131.19,156.07,146.43,186.91,107.56,167.18,92.32
135.85,132.41,156.32,146.30,184.15,106.59,163.68,92.70
135.37,133.62,156.58,146.18,181.38,105.63,160.17,93.07
134.89,134.83,156.83,146.06,178.61,104.67,156.67,93.44
134.41,136.05,157.08,145.94,175.84,103.70,153.17,93.81
133.93,137.26,157.34,145.82,173.07,102.74,149.66,94.18
132.82,137.48,155.73,146.08,171.96,103.08,149.05,94.48
131.71,137.69,154.13,146.34,170.84,103.42,148.43,94.77
130.60,137.90,152.52,146.60,169.73,103.76,147.81,95.06
129.50,138.12,150.92,146.87,168.61,104.11,147.19,95.35
128.39,138.33,149.32,147.13,167.50,104.45,146.57,95.65
127.29,138.54,147.71,147.40,166.38,104.79,145.96,95.94
126.18,138.76,146.11,147.66,165.27,105.13,145.34,96.23
125.07,138.97,144.50,147.92,164.15,105.47,144.72,96.52
123.96,139.19,142.90,148.18,163.04,105.81,144.10,96.82
123.07,138.82,141.90,147.74,162.07,105.18,143.24,96.26
122.18,138.45,140.91,147.30,161.10,104.55,142.38,95.70
121.29,138.08,139.91,146.85,160.13,103.92,141.52,95.15
120.40,137.71,138.92,146.41,159.17,103.29,140.65,94.59
119.51,137.34,137.92,145.96,158.20,102.66,139.79,94.04
118.62,136.97,136.93,145.52,157.24,102.03,138.93,93.48
117.73,136.60,135.93,145.07,156.27,101.40,138.07,92.93
116.74,136.53,135.26,145.44,156.37,101.47,137.84,92.56
115.74,136.45,134.59,145.81,156.46,101.55,137.62,92.19
114.74,136.38,133.91,146.18,156.56,101.62,137.39,91.82
113.75,136.30,133.24,146.54,156.65,101.70,137.16,91.46
112.75,136.23,132.57,146.91,156.75,101.77,136.93,91.09
111.75,136.15,131.90,147.28,156.85,101.85,136.71,90.72
110.75,136.08,131.22,147.65,156.95,101.92,136.48,90.35
109.76,136.01,130.55,148.02,157.04,101.99,136.25,89.98
108.76,135.93,129.88,148.38,157.14,102.07,136.02,89.62
107.76,135.86,129.21,148.75,157.24,102.14,135.79,89.25
105.52,134.52,126.44,149.44,157.36,104.85,136.43,89.93
103.27,133.19,123.68,150.13,157.48,107.56,137.07,90.62
101.02,131.86,120.92,150.82,157.60,110.27,137.70,91.31
98.78,130.52,118.16,151.51,157.73,112.97,138.34,91.99
96.53,129.19,115.40,152.20,157.85,115.68,138.98,92.68
94.28,127.86,112.64,152.89,157.97,118.39,139.61,93.36
92.03,126.53,109.88,153.58,158.09,121.10,140.25,94.05
107.11,154.27,158.21,123.81,140.88,94.73,89.79,125.19
88.59,123.46,104.68,153.68,157.20,125.39,141.11,95.18
87.39,121.74,102.24,153.09,156.18,126.98,141.33,95.63
86.19,120.01,99.81,152.49,155.17,128.56,141.55,96.08
84.99,118.28,97.37,151.90,154.15,130.15,141.77,96.53
83.79,116.55,94.93,151.31,153.14,131.73,142.00,96.97
82.59,114.82,92.49,150.72,152.12,133.32,142.22,97.42
81.39,113.10,90.06,150.13,151.11,134.90,142.44,97.87
80.19,111.37,87.62,149.54,150.09,136.49,142.66,98.32
79.00,109.64,85.18,148.95,149.08,138.07,142.89,98.76
77.80,107.91,82.75,148.36,148.06,139.66,143.11,99.21
76.60,106.18,80.31,147.77,147.05,141.24,143.33,99.66
75.40,104.46,77.87,147.18,146.03,142.83,143.55,100.11
74.20,102.73,75.44,146.59,145.01,144.41,143.78,100.55
73.00,146.00,144.00,146.00,144.00,101.00,73.00,101.00
71.01,101.58,71.40,146.51,142.43,145.90,142.05,100.96
69.03,102.15,69.80,147.03,140.86,145.79,140.09,100.92
67.04,102.73,68.19,147.54,139.29,145.69,138.14,100.88
65.06,103.31,66.59,148.05,137.72,145.58,136.19,100.84
63.07,103.89,64.99,148.57,136.15,145.48,134.24,100.80
61.09,104.46,63.39,149.08,134.59,145.37,132.28,100.76
59.10,105.04,61.79,149.59,133.02,145.27,130.33,100.72
57.12,105.62,60.19,150.10,131.45,145.16,128.38,100.68
55.13,106.20,58.59,150.62,129.88,145.06,126.42,100.64
56.98,151.13,128.31,144.95,124.47,100.60,53.14,106.77
51.42,107.22,55.52,151.82,127.38,145.21,123.28,100.61
49.69,107.67,54.05,152.51,126.45,145.47,122.09,100.63
47.97,108.11,52.58,153.21,125.52,145.73,120.91,100.64
46.24,108.56,51.12,153.90,124.59,145.99,119.72,100.65
44.52,109.01,49.65,154.59,123.66,146.25,118.53,100.67
42.79,109.46,48.19,155.28,122.73,146.51,117.34,100.68
41.07,109.90,46.72,155.97,121.80,146.77,116.15,100.70
39.35,110.35,45.25,156.67,120.87,147.03,114.96,100.71
37.62,110.80,43.79,157.36,119.94,147.29,113.78,100.72
35.90,111.24,42.32,158.05,119.01,147.54,112.59,100.74
36.08,111.45,41.83,156.87,116.38,147.44,110.63,102.02
41.33,155.69,113.75,147.34,108.67,103.31,36.26,111.66
35.71,111.16,41.10,155.67,112.29,147.13,106.90,102.61
35.17,110.66,40.86,155.65,110.83,146.91,105.14,101.92
34.63,110.16,40.62,155.63,109.37,146.70,103.38,101.23
34.09,109.66,40.38,155.61,107.91,146.48,101.62,100.53
33.55,109.16,40.15,155.59,106.45,146.26,99.85,99.84
33.01,108.67,39.91,155.57,104.99,146.05,98.09,99.15
39.67,155.55,103.53,145.83,96.33,98.45,32.47,108.17
35.76,107.51,41.13,154.58,97.24,146.16,91.87,99.09
40.56,103.22,89.44,103.22,89.44,150.11,40.56,150.11
41.46,153.63,84.98,149.95,85.54,100.87,42.02,104.56
40.33,153.65,79.01,153.41,83.67,102.01,44.99,102.26
39.21,153.68,73.04,156.88,81.79,103.16,47.96,99.96
38.08,153.70,67.07,160.34,79.92,104.30,50.93,97.66
38.95,155.29,67.64,161.55,79.91,105.00,51.22,98.74
39.81,156.88,68.21,162.76,79.90,105.70,51.50,99.82
40.68,158.46,68.78,163.96,79.89,106.39,51.79,100.89
41.55,160.05,69.35,165.17,79.88,107.09,52.08,101.97
42.42,161.64,69.93,166.38,79.87,107.79,52.36,103.05
43.28,163.23,70.50,167.58,79.86,108.48,52.65,104.13
44.15,164.82,71.07,168.79,79.85,109.18,52.93,105.21
42.31,166.37,69.33,171.50,80.78,111.54,53.76,106.41
40.48,167.91,67.60,174.21,81.70,113.90,54.58,107.61
38.64,169.46,65.86,176.93,82.63,116.27,55.41,108.80
36.81,171.01,64.13,179.64,83.56,118.63,56.23,110.00
34.97,172.55,62.40,182.35,84.48,120.99,57.06,111.19
33.14,174.10,60.66,185.07,85.41,123.36,57.88,112.39
31.30,175.65,58.93,187.78,86.33,125.72,58.71,113.58
29.47,177.19,57.19,190.49,87.26,128.08,59.54,114.78
27.63,178.74,55.46,193.21,88.18,130.44,60.36,115.97
25.80,180.29,53.72,195.92,89.11,132.80,61.19,117.17
23.96,181.83,51.99,198.63,90.04,135.17,62.01,118.37
22.11,182.24,51.66,201.17,91.89,137.48,62.34,118.54
20.25,182.65,51.33,203.71,93.75,139.78,62.67,118.72
18.40,183.05,50.99,206.25,95.60,142.09,63.01,118.89
16.54,183.46,50.66,208.79,97.46,144.40,63.34,119.07
14.69,183.87,50.33,211.32,99.31,146.71,63.67,119.25
12.83,184.27,50.00,213.86,101.17,149.01,64.00,119.42
10.98,184.68,49.67,216.40,103.02,151.32,64.33,119.60
10.22,184.23,47.65,217.33,103.68,154.17,66.25,121.07
9.47,183.79,45.62,218.26,104.33,157.01,68.18,122.54
8.72,183.34,43.59,219.20,104.98,159.86,70.11,124.00
7.97,182.89,41.56,220.13,105.64,162.71,72.04,125.47
7.21,182.45,39.53,221.06,106.29,165.55,73.97,126.94
8.41,182.64,39.98,221.46,107.39,166.96,75.82,128.15
9.62,182.84,40.43,221.85,108.48,168.36,77.67,129.35
10.82,183.03,40.88,222.24,109.58,169.77,79.52,130.56
12.02,183.23,41.32,222.64,110.68,171.17,81.38,131.76
13.23,183.42,41.77,223.03,111.77,172.58,83.23,132.97
14.03,182.04,40.73,222.00,110.69,175.06,83.98,135.10
14.83,180.65,39.69,220.96,109.60,177.54,84.74,137.23
15.62,179.27,38.65,219.93,108.52,180.02,85.49,139.36
16.03,177.08,38.10,220.07,111.33,182.14,89.26,139.14
16.43,174.89,37.54,220.21,114.14,184.26,93.03,138.93
16.84,172.70,36.99,220.35,116.95,186.38,96.79,138.72
36.44,220.49,119.76,188.50,100.56,138.51,17.24,170.50
18.48,169.94,36.22,219.92,119.52,190.35,101.78,140.37
19.72,169.38,36.00,219.34,119.28,192.20,103.00,142.23
20.95,168.81,35.78,218.77,119.05,194.05,104.21,144.09
22.19,168.25,35.57,218.19,118.81,195.90,105.43,145.95
23.43,167.68,35.35,217.62,118.57,197.75,106.65,147.81
24.67,167.12,35.13,217.04,118.33,199.60,107.87,149.68
34.91,216.46,118.10,201.45,109.09,151.54,25.90,166.55
27.16,166.38,35.63,216.07,118.63,201.93,110.15,152.25
28.41,166.22,36.36,215.67,119.17,202.42,111.22,152.97
29.66,166.05,37.08,215.27,119.70,202.90,112.29,153.68
30.91,165.88,37.80,214.87,120.24,203.39,113.35,154.40
32.17,165.71,38.53,214.47,120.78,203.88,114.42,155.11
33.42,165.54,39.25,214.08,121.31,204.36,115.48,155.83
34.67,165.38,39.97,213.68,121.85,204.85,116.55,156.54
35.92,165.21,40.69,213.28,122.38,205.33,117.61,157.26
37.18,165.04,41.42,212.88,122.92,205.82,118.68,157.98
38.43,164.87,42.14,212.49,123.45,206.30,119.74,158.69
40.65,164.46,43.83,211.84,124.96,206.54,121.78,159.16
42.88,164.05,45.53,211.20,126.47,206.79,123.82,159.64
45.10,163.64,47.22,210.56,127.97,207.03,125.85,160.11
47.33,163.23,48.92,209.92,129.48,207.27,127.89,160.58
49.55,162.82,50.61,209.28,130.99,207.51,129.93,161.05
51.78,162.41,52.31,208.64,132.49,207.76,131.96,161.53
54.00,208.00,134.00,208.00,134.00,162.00,54.00,162.00
56.33,162.92,57.33,208.59,135.01,207.08,134.00,161.41
58.65,163.83,60.66,209.18,136.02,206.17,134.01,160.82
60.97,164.75,63.99,209.77,137.03,205.25,134.01,160.23
63.30,165.66,67.32,210.36,138.04,204.34,134.02,159.64
65.62,166.58,70.65,210.96,139.04,203.42,134.02,159.04
73.98,211.55,140.05,202.50,134.02,158.45,67.95,167.50
69.11,169.45,76.40,211.54,139.82,200.40,132.52,158.32
70.25,171.20,78.71,211.54,139.61,198.51,131.14,158.17
71.38,172.96,81.02,211.55,139.40,196.62,129.76,158.02
72.52,174.71,83.33,211.56,139.20,194.72,128.38,157.87
73.68,176.33,85.61,211.57,138.97,192.95,127.04,157.72
74.82,178.09,87.92,211.57,138.75,191.06,125.65,157.57
75.96,179.84,90.23,211.58,138.54,189.16,124.27,157.42
77.11,181.59,92.58,211.59,138.32,187.27,122.85,157.27
78.21,183.41,94.93,211.61,138.14,185.30,121.42,157.11
79.31,185.23,97.24,211.62,137.97,183.34,120.05,156.95
80.45,186.98,99.54,211.63,137.77,181.45,118.67,156.80
81.61,188.69,101.79,211.61,137.53,179.59,117.35,156.67
82.75,190.44,104.10,211.62,137.32,177.70,115.97,156.52
83.79,192.30,106.47,211.68,137.21,175.70,114.53,156.32
85.79,194.38,108.83,211.83,137.01,174.02,113.97,156.57
87.79,196.46,111.18,211.98,136.80,172.34,113.42,156.82
89.80,198.54,113.54,212.13,136.60,170.66,112.86,157.07
91.80,200.62,115.89,212.28,136.40,168.98,112.31,157.32
93.80,202.70,118.25,212.43,136.20,167.30,111.75,157.57
102.00,205.00,128.00,205.00,128.00,161.00,102.00,161.00
104.00,204.00,137.00,204.00,137.00,166.00,104.00,166.00
109.00,206.00,146.00,206.00,146.00,168.00,109.00,168.00
103.33,207.74,150.94,212.51,154.67,170.76,107.06,165.99
97.67,209.48,155.87,219.02,163.33,173.52,105.13,163.98
99.29,211.11,162.73,220.23,169.46,174.64,106.02,165.52
100.91,212.73,169.59,221.43,175.59,175.77,106.92,167.07
102.53,214.35,176.44,222.64,181.72,176.90,107.81,168.61
104.15,215.98,183.30,223.84,187.85,178.02,108.70,170.16
109.79,216.67,189.88,223.94,193.96,179.58,113.87,172.31
115.44,217.36,196.46,224.04,200.06,181.14,119.04,174.46
121.08,218.05,203.04,224.14,206.17,182.70,124.21,176.61
126.73,218.75,209.62,224.24,212.27,184.25,129.38,178.76
132.75,219.24,215.57,224.34,218.00,185.01,135.18,179.91
138.78,219.74,221.51,224.43,223.72,185.76,140.99,181.07
144.81,220.23,227.46,224.53,229.44,186.52,146.79,182.22
150.84,220.73,233.40,224.62,235.16,187.27,152.60,183.38
155.72,221.62,238.35,224.96,239.85,187.38,157.23,184.04
160.60,222.52,243.29,225.30,244.54,187.48,161.85,184.70
165.48,223.42,248.23,225.64,249.24,187.58,166.48,185.36
170.36,224.31,253.17,225.98,253.93,187.69,171.11,186.02
175.24,225.21,258.11,226.32,258.62,187.79,175.74,186.68
180.12,226.10,263.06,226.66,263.31,187.90,180.37,187.34
185.00,227.00,268.00,227.00,268.00,188.00,185.00,188.00
189.50,188.44,189.69,227.54,272.70,227.16,272.51,188.05
193.99,188.88,194.38,228.09,277.40,227.31,277.02,188.10
198.49,189.32,199.06,228.63,282.11,227.47,281.53,188.16
202.98,189.76,203.75,229.18,286.81,227.62,286.05,188.21
207.48,190.20,208.44,229.72,291.51,227.78,290.56,188.26
211.98,190.64,213.13,230.26,296.22,227.94,295.07,188.31
216.47,191.08,217.81,230.81,300.92,228.09,299.58,188.37
220.97,191.52,222.50,231.35,305.62,228.25,304.09,188.42
224.88,191.50,226.39,231.45,309.55,228.42,308.05,188.47
228.80,191.48,230.28,231.54,313.49,228.58,312.01,188.52
232.72,191.46,234.16,231.64,317.42,228.75,315.97,188.57
236.63,191.43,238.05,231.74,321.35,228.92,319.93,188.62
240.55,191.41,241.94,231.84,325.28,229.09,323.89,188.66
244.46,191.39,245.83,231.93,329.22,229.26,327.85,188.71
248.38,191.37,249.72,232.03,333.15,229.42,331.82,188.76
252.30,191.35,253.60,232.12,337.08,229.59,335.78,188.81
256.21,191.33,257.49,232.22,341.02,229.76,339.74,188.86
260.13,191.30,261.38,232.32,344.95,229.93,343.70,188.91
263.58,192.04,265.40,233.10,348.87,229.54,347.04,188.48
267.02,192.76,269.42,233.87,352.79,229.16,350.39,188.05
270.47,193.49,273.44,234.65,356.70,228.77,353.73,187.62
273.92,194.23,277.46,235.42,360.62,228.39,357.08,187.19
277.36,194.96,281.48,236.20,364.54,228.01,360.43,186.76
280.81,195.68,285.50,236.98,368.46,227.62,363.77,186.33
284.25,196.41,289.52,237.75,372.38,227.24,367.12,185.90
293.54,238.53,376.30,226.85,370.46,185.47,287.70,197.15
297.38,235.36,379.88,227.31,375.62,183.64,293.12,191.69
