293.036,304.208,328.702,306.560,339.964,135.792,304.298,133.440
292.592,302.185,331.218,304.532,341.408,136.815,302.782,134.468
293.397,302.454,332.208,304.662,341.770,136.880,302.959,134.671
294.202,302.723,333.198,304.793,342.131,136.944,303.135,134.873
295.007,302.992,334.188,304.924,342.493,137.008,303.312,135.076
295.812,303.261,335.178,305.055,342.855,137.072,303.488,135.278
296.617,303.531,336.169,305.186,343.216,137.136,303.665,135.480
297.422,303.800,337.159,305.317,343.578,137.200,303.841,135.683
296.270,303.481,335.802,304.978,342.158,137.091,302.626,135.593
295.118,303.162,334.446,304.639,340.739,136.981,301.411,135.504
293.967,302.843,333.090,304.300,339.319,136.871,300.196,135.414
292.815,302.524,331.734,303.961,337.899,136.762,298.981,135.325
291.663,302.205,330.377,303.622,336.480,136.652,297.766,135.235
290.511,301.886,329.021,303.283,335.060,136.543,296.551,135.146
289.360,301.567,327.665,302.944,333.640,136.433,295.335,135.056
288.208,301.248,326.308,302.605,332.221,136.324,294.120,134.966
286.473,300.929,324.369,302.266,330.218,136.214,292.322,134.877
284.738,300.610,322.429,301.927,328.215,136.104,290.523,134.787
283.003,300.291,320.489,301.588,326.212,135.995,288.725,134.698
281.267,299.972,318.550,301.249,324.209,135.885,286.927,134.608
279.532,299.653,316.610,300.910,322.206,135.776,285.128,134.519
277.797,299.334,314.670,300.571,320.203,135.666,283.330,134.429
277.470,299.806,313.990,300.983,319.289,136.944,282.769,135.767
277.144,300.279,313.310,301.395,318.374,138.221,282.208,137.105
276.817,300.751,312.629,301.808,317.460,139.499,281.647,138.442
276.491,301.223,311.949,302.220,316.545,140.777,281.087,139.780
276.164,301.696,311.269,302.632,315.631,142.054,280.526,141.118
275.838,302.168,310.589,303.044,314.716,143.332,279.965,142.456
275.511,302.640,309.909,303.457,313.802,144.610,279.404,143.793
273.839,301.905,307.231,303.070,312.817,145.720,279.426,144.555
272.168,301.170,304.552,302.682,311.832,146.830,279.448,145.318
270.825,302.023,302.711,303.695,310.842,148.977,278.956,147.305
269.482,302.876,300.869,304.708,309.851,151.124,278.464,149.292
268.139,303.729,299.028,305.721,308.861,153.271,277.972,151.279
266.329,306.090,298.109,308.246,308.671,152.410,276.891,150.254
264.519,308.451,297.189,310.770,308.481,151.549,275.811,149.230
262.710,310.811,296.270,313.294,308.290,150.689,274.730,148.206
260.900,313.172,295.351,315.818,308.100,149.828,273.649,147.182
262.535,310.592,295.150,312.637,305.132,151.075,272.517,149.030
264.169,308.012,294.949,309.456,302.164,152.321,271.384,150.877
265.804,305.432,294.748,306.275,299.196,153.568,270.252,152.725
263.781,304.266,293.204,305.346,298.719,154.234,269.296,153.154
261.757,303.100,291.661,304.416,298.243,154.900,268.339,153.584
257.436,308.328,290.611,310.449,300.564,152.672,267.389,150.551
253.114,313.556,289.561,316.481,302.886,150.444,266.439,147.519
255.202,311.968,290.554,314.627,302.798,150.699,267.446,148.039
257.289,310.380,291.547,312.774,302.711,150.954,268.453,148.559
259.377,308.792,292.540,310.920,302.623,151.208,269.459,149.079
261.464,307.204,293.534,309.067,302.536,151.463,270.466,149.600
263.552,305.616,294.527,307.213,302.448,151.718,271.473,150.120
265.639,304.027,295.520,305.360,302.361,151.973,272.480,150.640
261.650,305.799,293.830,307.103,300.350,146.201,268.170,144.897
261.956,304.236,293.245,305.434,299.294,147.014,268.005,145.816
262.261,302.673,292.659,303.765,298.239,147.827,267.841,146.735
262.567,301.110,292.074,302.096,297.183,148.640,267.676,147.654
262.873,299.547,291.489,300.427,296.127,149.453,267.511,148.573
260.973,300.135,290.768,301.083,295.641,148.115,265.846,147.167
259.072,300.723,290.047,301.740,295.155,146.777,264.180,145.760
257.172,301.310,289.326,302.396,294.668,145.440,262.515,144.354
255.272,301.898,288.605,303.053,294.182,144.102,260.849,142.947
254.886,300.786,288.363,301.921,293.822,143.214,260.345,142.079
254.499,299.673,288.120,300.790,293.462,142.327,259.841,141.210
254.113,298.561,287.878,299.659,293.101,141.439,259.336,140.341
253.727,297.448,287.636,298.528,292.741,140.552,258.832,139.472
253.340,296.336,287.393,297.396,292.381,139.664,258.328,138.604
252.954,295.223,287.151,296.265,292.020,138.777,257.823,137.735
252.567,294.111,286.908,295.134,291.660,137.889,257.319,136.866
253.324,293.855,287.809,294.860,292.443,137.859,257.958,136.855
254.080,293.600,288.709,294.586,293.225,137.829,258.596,136.843
254.836,293.344,289.610,294.312,294.008,137.799,259.235,136.831
255.593,293.089,290.510,294.037,294.790,137.768,259.873,136.820
256.349,292.833,291.410,293.763,295.573,137.738,260.512,136.808
257.106,292.578,292.311,293.489,296.356,137.708,261.150,136.797
257.862,292.323,293.211,293.215,297.138,137.677,261.789,136.785
257.367,292.934,292.826,293.923,297.233,136.466,261.774,135.477
256.871,293.546,292.441,294.632,297.329,135.254,261.759,134.168
256.376,294.157,292.055,295.340,297.424,134.043,261.745,132.860
255.881,294.769,291.670,296.048,297.519,132.831,261.730,131.552
255.385,295.381,291.285,296.757,297.615,131.619,261.715,130.243
255.898,295.561,292.031,296.784,297.657,131.773,261.525,130.550
256.411,295.740,292.777,296.811,297.700,131.926,261.334,130.856
256.924,295.920,293.523,296.838,297.743,132.080,261.143,131.162
257.436,296.100,294.269,296.865,297.786,132.233,260.953,131.469
257.949,296.280,295.015,296.892,297.829,132.386,260.762,131.775
258.462,296.460,295.762,296.919,297.872,132.540,260.572,132.081
258.975,296.640,296.508,296.946,297.914,132.693,260.381,132.387
259.487,296.820,297.254,296.973,297.957,132.847,260.191,132.694
260.000,297.000,298.000,297.000,298.000,133.000,260.000,133.000
260.500,296.375,298.625,296.375,298.625,132.875,260.500,132.875
261.000,295.750,299.250,295.750,299.250,132.750,261.000,132.750
261.500,295.125,299.875,295.125,299.875,132.625,261.500,132.625
262.000,294.500,300.500,294.500,300.500,132.500,262.000,132.500
262.500,293.875,301.125,293.875,301.125,132.375,262.500,132.375
263.000,293.250,301.750,293.250,301.750,132.250,263.000,132.250
263.500,292.625,302.375,292.625,302.375,132.125,263.500,132.125
264.000,292.000,303.000,292.000,303.000,132.000,264.000,132.000
264.000,290.500,309.000,290.500,309.000,132.000,264.000,132.000
264.000,289.000,315.000,289.000,315.000,132.000,264.000,132.000
264.450,289.600,315.050,289.600,315.050,131.800,264.450,131.800
264.900,290.200,315.100,290.200,315.100,131.600,264.900,131.600
265.350,290.800,315.150,290.800,315.150,131.400,265.350,131.400
265.800,291.400,315.200,291.400,315.200,131.200,265.800,131.200
270.000,292.000,319.000,292.000,319.000,131.000,270.000,131.000
273.333,291.667,319.333,291.667,319.333,131.000,273.333,131.000
276.667,291.333,319.667,291.333,319.667,131.000,276.667,131.000
280.000,291.000,320.000,291.000,320.000,131.000,280.000,131.000
279.794,131.932,280.310,291.889,320.621,291.738,320.105,131.781
279.588,132.863,280.621,292.779,321.242,292.476,320.210,132.561
279.382,133.795,280.931,293.668,321.863,293.214,320.314,133.342
279.176,134.727,281.242,294.557,322.485,293.952,320.419,134.122
278.970,135.659,281.552,295.447,323.106,294.690,320.524,134.903
278.764,136.590,281.862,296.336,323.727,295.428,320.629,135.683
278.558,137.522,282.173,297.225,324.348,296.166,320.734,136.464
278.353,138.454,282.483,298.114,324.969,296.904,320.838,137.244
278.147,139.386,282.794,299.004,325.590,297.643,320.943,138.025
277.941,140.317,283.104,299.893,326.211,298.381,321.048,138.805
277.735,141.249,283.414,300.782,326.833,299.119,321.153,139.586
277.529,142.181,283.725,301.672,327.454,299.857,321.258,140.366
277.323,143.113,284.035,302.561,328.075,300.595,321.363,141.147
277.117,144.044,284.346,303.450,328.696,301.333,321.467,141.927
276.911,144.976,284.656,304.340,329.317,302.071,321.572,142.708
276.844,144.070,284.551,304.379,329.800,302.114,322.093,141.805
276.776,143.164,284.445,304.418,330.282,302.156,322.613,140.902
276.709,142.257,284.340,304.457,330.765,302.199,323.134,139.999
276.641,141.351,284.235,304.497,331.248,302.242,323.654,139.096
275.423,142.002,284.594,305.323,331.962,302.588,322.791,139.267
274.205,142.653,284.953,306.150,332.676,302.935,321.928,139.437
272.986,143.304,285.313,306.977,333.391,303.281,321.064,139.608
271.768,143.955,285.672,307.804,334.105,303.627,320.201,139.778
270.550,144.606,286.031,308.631,334.819,303.974,319.338,139.949
269.332,145.257,286.390,309.457,335.534,304.320,318.475,140.119
268.113,145.908,286.750,310.284,336.248,304.666,317.611,140.290
283.708,313.263,335.223,307.832,317.292,137.737,265.777,143.168
266.716,142.545,282.832,313.741,332.617,309.011,316.501,137.815
267.655,141.922,281.956,314.218,330.012,310.189,315.711,137.893
268.594,141.299,281.079,314.696,327.406,311.368,314.921,137.971
268.263,141.854,281.000,315.245,327.071,311.869,314.333,138.478
267.931,142.409,280.921,315.793,326.735,312.369,313.746,138.985
267.600,142.964,280.842,316.342,326.400,312.870,313.158,139.492
267.268,143.519,280.762,316.890,326.065,313.370,312.571,139.999
266.578,140.997,280.591,316.086,326.088,312.448,312.075,137.359
280.420,315.281,326.112,311.525,311.580,134.719,265.888,138.475
265.264,137.872,279.648,315.586,326.570,311.794,312.186,134.080
264.639,137.270,278.875,315.892,327.028,312.064,312.791,133.441
264.014,136.667,278.103,316.198,327.486,312.333,313.397,132.802
263.390,136.064,277.330,316.503,327.944,312.602,314.003,132.163
262.765,135.462,276.558,316.809,328.402,312.872,314.609,131.524
275.785,317.115,328.860,313.141,315.215,130.885,262.140,134.859
271.372,140.237,283.280,303.817,330.728,300.363,318.820,136.783
272.296,141.034,284.687,304.130,331.792,300.555,319.402,137.458
273.221,141.831,286.093,304.444,332.857,300.746,319.984,138.134
274.146,142.629,287.500,304.758,333.921,300.938,320.566,138.809
275.070,143.426,288.907,305.071,334.985,301.129,321.148,139.484
276.145,144.103,289.634,306.169,335.633,302.341,322.144,140.275
277.220,144.780,290.361,307.267,336.280,303.553,323.139,141.066
278.295,145.457,291.088,308.366,336.927,304.765,324.134,141.857
274.387,144.411,287.445,311.360,334.224,307.700,321.166,140.751
283.802,314.354,331.520,310.636,318.198,139.646,270.480,143.364
273.668,145.171,290.139,308.648,335.457,304.079,318.986,140.602
272.379,145.495,288.195,309.572,333.371,305.205,317.555,141.128
271.090,145.818,286.251,310.497,331.285,306.332,316.124,141.653
269.801,146.142,284.307,311.421,329.199,307.458,314.693,142.179
268.512,146.465,282.362,312.346,327.113,308.585,313.263,142.704
262.109,146.677,276.534,318.714,322.641,314.823,308.216,142.786
268.951,150.336,282.668,314.095,326.257,310.414,312.540,146.655
272.572,150.573,277.204,312.315,322.567,311.261,317.935,149.518
271.740,310.536,318.877,312.107,323.329,152.381,276.193,150.809
266.277,308.756,315.187,312.954,328.723,155.244,279.813,151.046
263.559,311.636,309.295,317.461,330.691,155.864,284.955,150.039
290.098,149.032,260.841,314.515,303.402,321.968,332.659,156.485
259.917,315.511,302.709,323.842,335.541,156.239,292.749,147.908
258.994,316.508,302.015,325.716,338.423,155.992,295.401,146.784
258.070,317.504,301.322,327.590,341.305,155.746,298.053,145.660
284.000,321.000,328.000,321.000,328.000,145.000,284.000,145.000
274.238,318.621,317.012,322.271,331.905,149.523,289.130,145.872
264.475,316.241,306.024,323.542,335.810,154.045,294.261,146.744
267.019,316.721,308.272,323.414,335.576,153.375,294.322,146.682
269.563,317.201,310.520,323.285,335.341,152.704,294.384,146.620
272.107,317.681,312.768,323.157,335.107,152.034,294.446,146.558
274.650,318.161,315.016,323.028,334.873,151.363,294.507,146.496
277.194,318.641,317.264,322.900,334.639,150.693,294.569,146.434
279.738,319.121,319.512,322.771,334.405,150.023,294.630,146.372
282.281,319.600,321.760,322.643,334.171,149.352,294.692,146.310
284.825,320.080,324.008,322.514,333.937,148.682,294.754,146.248
287.369,320.560,326.256,322.386,333.702,148.011,294.815,146.186
289.913,321.040,328.504,322.257,333.468,147.341,294.877,146.124
292.456,321.520,330.752,322.129,333.234,146.670,294.938,146.062
295.000,322.000,333.000,322.000,333.000,146.000,295.000,146.000
295.102,147.661,295.529,321.172,333.637,321.032,333.209,147.521
295.204,149.323,296.059,320.344,334.273,320.064,333.418,149.042
295.306,150.984,296.588,319.516,334.910,319.095,333.627,150.563
295.408,152.645,297.118,318.688,335.546,318.127,333.837,152.084
295.509,154.306,297.646,317.860,336.183,317.158,334.045,153.605
294.163,154.852,297.549,318.394,336.734,317.373,333.349,153.831
292.816,155.397,297.451,318.928,337.286,317.587,332.652,154.056
291.469,155.943,297.353,319.462,337.838,317.801,331.955,154.282
290.122,156.488,297.254,319.996,338.390,318.015,331.258,154.507
288.775,157.034,297.157,320.530,338.942,318.229,330.561,154.733
285.704,149.811,300.503,325.365,346.018,321.411,331.219,145.857
291.785,154.804,297.410,318.767,340.548,317.243,334.923,153.281
295.085,153.676,293.725,318.871,337.859,319.197,339.219,154.002
294.835,319.247,337.249,319.895,340.123,153.158,297.709,152.510
295.945,319.623,336.639,320.592,341.027,152.313,300.333,151.344
297.056,319.999,336.029,321.290,341.930,151.469,302.957,150.179
298.166,320.375,335.419,321.987,342.834,150.625,305.581,149.013
306.446,325.319,357.621,323.294,350.554,144.681,299.379,146.706
299.328,149.021,306.126,321.171,354.297,319.229,347.499,147.079
301.436,148.947,309.005,320.767,355.957,318.696,348.388,146.876
303.544,148.872,311.885,320.364,357.616,318.163,349.276,146.672
305.653,148.798,314.764,319.960,359.276,317.631,350.164,146.468
307.761,148.723,317.644,319.557,360.935,317.098,351.053,146.265
309.870,148.649,320.523,319.153,362.594,316.565,351.941,146.061
311.978,148.574,323.403,318.749,364.254,316.033,352.829,145.858
326.282,318.346,365.913,315.500,353.718,145.654,314.087,148.500
313.079,148.645,325.704,318.731,365.503,315.774,352.878,145.688
312.071,148.789,325.126,319.115,365.093,316.047,352.038,145.721
311.063,148.934,324.548,319.500,364.682,316.321,351.198,145.755
310.055,149.078,323.969,319.885,364.272,316.595,350.358,145.788
309.047,149.223,323.391,320.269,363.862,316.868,349.518,145.822
308.039,149.367,322.813,320.654,363.452,317.142,348.678,145.855
307.031,149.512,322.235,321.039,363.041,317.416,347.838,145.889
306.023,149.656,321.657,321.423,362.631,317.689,346.998,145.922
305.015,149.801,321.079,321.808,362.221,317.963,346.158,145.956
304.007,149.945,320.500,322.192,361.811,318.237,345.318,145.990
315.871,329.103,359.512,325.405,344.129,143.897,300.488,147.595
300.067,151.397,321.842,323.518,364.044,318.158,342.269,146.037
301.185,151.723,322.899,323.574,364.787,318.263,343.074,146.411
302.303,152.048,323.955,323.630,365.530,318.368,343.878,146.786
303.422,152.374,325.012,323.687,366.273,318.473,344.683,147.160
304.540,152.700,326.068,323.743,367.016,318.578,345.487,147.535
305.658,153.025,327.125,323.799,367.758,318.683,346.292,147.909
306.777,153.351,328.181,323.855,368.501,318.788,347.097,148.284
307.895,153.677,329.238,323.911,369.244,318.893,347.901,148.658
330.294,323.968,369.987,318.998,348.706,149.032,309.013,154.002
310.752,152.461,328.094,328.482,372.248,324.261,354.906,148.240
312.491,150.920,325.894,332.996,374.509,329.524,361.106,147.448
317.035,153.719,330.464,329.252,375.965,325.948,362.536,150.414
321.580,156.517,335.033,325.508,377.420,322.371,363.967,153.381
322.197,156.709,338.664,327.246,380.003,323.536,363.536,152.998
322.814,156.900,342.294,328.984,382.586,324.700,363.106,152.615
323.431,157.091,345.925,330.722,385.169,325.865,362.675,152.233
324.254,157.726,350.721,330.888,388.546,325.251,362.079,152.089
355.517,331.054,391.922,324.638,361.483,151.945,325.078,158.362
326.333,159.588,356.662,331.416,394.917,324.662,364.588,152.834
327.589,160.814,357.808,331.777,397.911,324.686,367.692,153.723
328.844,162.039,358.953,332.138,400.906,324.711,370.797,154.612
360.098,332.499,403.900,324.735,373.902,155.501,330.100,163.265
331.655,163.109,362.024,332.696,405.630,324.891,375.262,155.304
333.211,162.953,363.950,332.894,407.361,325.047,376.621,155.106
334.766,162.797,365.876,333.091,409.091,325.203,377.981,154.909
336.321,162.641,367.802,333.289,410.822,325.359,379.341,154.711
337.876,162.486,369.728,333.486,412.552,325.514,380.701,154.514
339.432,162.330,371.654,333.683,414.283,325.670,382.060,154.317
373.580,333.881,416.013,325.826,383.420,154.119,340.987,162.174
342.140,160.975,370.057,335.870,424.360,327.525,396.443,152.630
366.534,337.860,432.707,329.224,409.466,151.140,343.293,159.776
380.150,336.639,431.257,327.726,400.850,153.361,349.743,162.274
353.130,163.103,381.270,335.303,432.870,326.897,404.730,154.697
356.517,163.933,382.391,333.967,434.483,326.067,408.609,156.033
383.511,332.631,436.096,325.237,412.489,157.369,359.904,164.763
363.061,163.083,383.295,333.398,436.654,327.060,416.419,156.745
366.217,161.402,383.079,334.165,437.211,328.883,420.350,156.120
369.374,159.722,382.863,334.932,437.769,330.707,424.280,155.496
372.530,158.041,382.647,335.699,438.327,332.530,428.210,154.872
375.687,156.361,382.432,336.466,438.885,334.353,432.140,154.248
378.843,154.680,382.216,337.233,439.442,336.177,436.070,153.624
382.000,338.000,440.000,338.000,440.000,153.000,382.000,153.000
395.359,334.470,435.331,333.405,430.641,157.530,390.669,158.595
392.536,157.429,393.539,332.208,437.353,332.682,436.350,157.904
391.719,329.945,439.375,331.959,442.059,158.277,394.402,156.263
389.899,330.253,441.398,333.808,447.768,161.223,396.269,157.668
388.079,330.562,443.420,335.656,453.477,164.168,398.136,159.074
386.259,330.871,445.442,337.505,459.186,167.114,400.002,160.479
384.438,331.179,447.464,339.354,464.895,170.059,401.869,161.884
382.618,331.488,449.487,341.203,470.604,173.004,403.736,163.289
380.798,331.796,451.509,343.051,476.313,175.950,405.602,164.695
378.978,332.105,453.531,344.900,482.022,178.895,407.469,166.100
381.710,332.574,455.553,344.568,482.604,176.797,408.761,164.804
384.443,333.044,457.576,344.236,483.186,174.699,410.053,163.507
387.175,333.514,459.598,343.904,483.768,172.600,411.345,162.211
389.907,333.984,461.620,343.571,484.350,170.502,412.637,160.914
392.639,334.454,463.642,343.239,484.933,168.404,413.929,159.618
399.571,333.523,469.864,341.507,489.715,164.905,419.422,156.921
406.503,332.593,476.086,339.775,494.497,161.407,424.914,154.225
413.039,333.303,479.046,338.373,490.961,159.697,424.954,154.627
419.574,334.014,482.005,336.971,487.426,157.986,424.995,155.029
425.035,155.430,426.110,334.724,484.965,335.570,483.890,156.276
425.076,155.832,432.645,335.434,487.924,334.168,480.355,154.566
425.116,156.234,439.181,336.144,490.884,332.766,476.819,152.856
445.716,336.855,493.843,331.364,473.284,151.145,425.157,156.636
423.059,155.546,444.871,337.731,498.691,331.204,476.879,149.019
420.961,154.456,444.025,338.608,503.539,331.044,480.475,146.892
418.864,153.367,443.179,339.484,508.386,330.883,484.071,144.766
442.333,340.361,513.234,330.723,487.667,142.639,416.766,152.277
415.242,152.145,438.447,340.630,509.126,331.838,485.921,143.353
413.718,152.013,434.561,340.899,505.018,332.952,484.175,144.067
412.194,151.881,430.675,341.167,500.910,334.067,482.429,144.781
410.670,151.749,426.789,341.436,496.802,335.181,480.683,145.495
409.147,151.618,422.903,341.704,492.694,336.296,478.937,146.209
407.623,151.486,419.017,341.973,488.586,337.410,477.191,146.923
406.099,151.354,415.131,342.242,484.478,338.525,475.445,147.637
404.575,151.222,411.245,342.510,480.369,339.639,473.699,148.351
403.051,151.090,407.359,342.779,476.261,340.754,471.953,149.065
409.744,332.623,467.364,328.380,454.256,150.377,396.636,154.620
394.557,153.134,405.604,338.589,468.518,334.629,457.471,149.174
392.477,151.647,401.463,344.554,469.673,340.878,460.687,147.971
392.797,151.315,400.966,343.140,467.794,339.798,459.625,147.974
393.118,150.984,400.470,341.726,465.914,338.718,458.562,147.976
393.438,150.652,399.973,340.312,464.035,337.639,457.500,147.979
393.758,150.321,399.476,338.898,462.156,336.559,456.437,147.982
394.078,149.989,398.980,337.484,460.276,335.479,455.375,147.984
394.399,149.658,398.483,336.070,458.397,334.399,454.312,147.987
394.719,149.326,397.987,334.656,456.517,333.319,453.250,147.989
395.039,148.995,397.490,333.242,454.638,332.239,452.187,147.992
395.359,148.663,396.993,331.828,452.759,331.160,451.125,147.995
395.680,148.332,396.497,330.414,450.879,330.080,450.062,147.997
396.000,329.000,449.000,329.000,449.000,148.000,396.000,148.000
398.287,143.480,390.327,339.431,455.213,341.770,463.173,145.819
390.911,339.127,455.436,341.174,462.401,145.217,397.876,143.170
391.495,338.823,455.660,340.577,461.630,144.614,397.465,142.860
392.079,338.519,455.883,339.981,460.858,144.012,397.054,142.550
392.664,338.215,456.107,339.385,460.086,143.410,396.643,142.240
393.248,337.912,456.330,338.789,459.315,142.807,396.233,141.930
393.832,337.608,456.553,338.192,458.543,142.205,395.822,141.620
394.416,337.304,456.777,337.596,457.772,141.602,395.411,141.310
395.000,337.000,457.000,337.000,457.000,141.000,395.000,141.000
395.759,336.432,457.624,336.432,457.624,140.297,395.759,140.297
396.518,335.865,458.247,335.865,458.247,139.595,396.518,139.595
397.277,335.297,458.871,335.297,458.871,138.892,397.277,138.892
398.035,334.730,459.495,334.730,459.495,138.189,398.035,138.189
398.794,334.162,460.119,334.162,460.119,137.486,398.794,137.486
399.553,333.595,460.742,333.595,460.742,136.784,399.553,136.784
400.312,333.027,461.366,333.027,461.366,136.081,400.312,136.081
401.071,332.459,461.990,332.459,461.990,135.378,401.071,135.378
401.830,331.892,462.613,331.892,462.613,134.676,401.830,134.676
402.588,331.324,463.237,331.324,463.237,133.973,402.588,133.973
403.347,330.757,463.861,330.757,463.861,133.270,403.347,133.270
404.106,330.189,464.484,330.189,464.484,132.568,404.106,132.568
404.865,329.622,465.108,329.622,465.108,131.865,404.865,131.865
406.085,329.054,466.193,329.054,466.193,131.162,406.085,131.162
407.305,328.486,467.278,328.486,467.278,130.459,407.305,130.459
408.525,327.919,468.362,327.919,468.362,129.757,408.525,129.757
409.745,327.351,469.447,327.351,469.447,129.054,409.745,129.054
410.964,326.784,470.532,326.784,470.532,128.351,410.964,128.351
412.184,326.216,471.617,326.216,471.617,127.649,412.184,127.649
413.404,325.649,472.702,325.649,472.702,126.946,413.404,126.946
410.269,324.756,468.847,324.992,469.745,126.789,411.166,126.553
407.135,323.863,464.993,324.335,466.787,126.632,408.929,126.161
404.000,322.971,461.138,323.678,463.830,126.476,406.691,125.768
400.865,322.078,457.283,323.021,460.872,126.319,404.454,125.375
397.731,321.185,453.429,322.364,457.915,126.162,402.216,124.983
394.596,320.292,449.574,321.708,454.957,126.005,399.979,124.590
391.461,319.400,445.720,321.051,452.000,125.848,397.741,124.197
388.326,318.507,441.865,320.394,449.042,125.691,395.504,123.805
385.192,317.614,438.010,319.737,446.085,125.535,393.266,123.412
382.057,316.721,434.156,319.080,443.127,125.378,391.029,123.019
378.922,315.829,430.301,318.423,440.170,125.221,388.791,122.627
375.788,314.936,426.446,317.766,437.212,125.064,386.554,122.234
374.430,315.149,426.357,317.413,434.970,123.051,383.043,120.787
373.073,315.362,426.268,317.060,432.727,121.038,379.532,119.340
371.715,315.574,426.179,316.706,430.485,119.026,376.021,117.894
370.358,315.787,426.089,316.353,428.242,117.013,372.511,116.447
369.000,316.000,426.000,316.000,426.000,115.000,369.000,115.000
367.113,314.451,424.385,314.993,426.173,114.978,368.900,114.435
365.225,312.902,422.771,313.987,426.346,114.955,368.800,113.870
363.338,311.353,421.156,312.980,426.519,114.933,368.701,113.305
361.451,309.804,419.542,311.974,426.692,114.910,368.601,112.741
359.564,308.255,417.927,310.967,426.865,114.888,368.501,112.176
357.676,306.706,416.313,309.961,427.038,114.866,368.401,111.611
355.789,305.157,414.698,308.954,427.211,114.843,368.302,111.046
354.551,304.438,413.914,308.370,426.735,114.562,367.372,110.630
353.312,303.719,413.129,307.787,426.259,114.281,366.442,110.213
352.074,303.000,412.345,307.203,425.783,114.000,365.512,109.797
350.835,302.281,411.560,306.620,425.308,113.719,364.582,109.380
349.597,301.562,410.776,306.036,424.832,113.438,363.653,108.964
348.358,300.843,409.991,305.453,424.356,113.157,362.723,108.547
347.120,300.124,409.207,304.869,423.880,112.876,361.793,108.131
347.100,301.140,410.683,304.947,422.677,112.860,359.095,109.053
347.081,302.155,412.159,305.025,421.474,112.845,356.397,109.975
347.062,303.171,413.635,305.102,420.272,112.829,353.699,110.898
347.043,304.187,415.111,305.180,419.069,112.813,351.001,111.820
347.023,305.203,416.586,305.258,417.866,112.797,348.302,112.742
345.604,113.664,347.004,306.219,418.062,305.336,416.663,112.781
342.906,114.587,346.985,307.234,419.538,305.413,415.460,112.766
340.208,115.509,346.965,308.250,421.014,305.491,414.257,112.750
346.946,309.266,422.490,305.569,413.054,112.734,337.510,116.431
342.197,304.954,410.288,306.442,415.803,117.046,347.712,115.558
337.448,300.641,398.086,307.315,418.552,121.359,357.914,114.685
336.926,302.000,396.095,308.132,415.241,121.500,356.072,115.368
336.404,303.359,394.103,308.949,411.929,121.641,354.230,116.051
335.882,304.718,392.111,309.766,408.618,121.782,352.389,116.734
335.360,306.077,390.120,310.582,405.307,121.923,350.547,117.418
334.838,307.435,388.128,311.399,401.995,122.065,348.705,118.101
334.316,308.794,386.137,312.216,398.684,122.206,346.863,118.784
330.658,307.397,389.068,309.108,395.342,120.103,336.932,118.392
327.000,306.000,392.000,306.000,392.000,118.000,327.000,118.000
325.167,305.000,389.333,305.000,389.333,118.167,325.167,118.167
323.333,304.000,386.667,304.000,386.667,118.333,323.333,118.333
321.500,303.000,384.000,303.000,384.000,118.500,321.500,118.500
319.667,302.000,381.333,302.000,381.333,118.667,319.667,118.667
317.833,301.000,378.667,301.000,378.667,118.833,317.833,118.833
316.000,300.000,376.000,300.000,376.000,119.000,316.000,119.000
312.125,301.250,371.875,301.250,371.875,119.125,312.125,119.125
308.250,302.500,367.750,302.500,367.750,119.250,308.250,119.250
304.375,303.750,363.625,303.750,363.625,119.375,304.375,119.375
300.500,305.000,359.500,305.000,359.500,119.500,300.500,119.500
296.625,306.250,355.375,306.250,355.375,119.625,296.625,119.625
292.750,307.500,351.250,307.500,351.250,119.750,292.750,119.750
288.875,308.750,347.125,308.750,347.125,119.875,288.875,119.875
285.000,310.000,343.000,310.000,343.000,120.000,285.000,120.000
281.948,120.051,286.124,310.362,345.802,308.949,341.626,118.638
278.895,120.102,287.248,310.724,348.605,307.898,340.252,117.276
275.843,120.153,288.372,311.086,351.407,306.847,338.878,115.914
289.496,311.448,354.210,305.795,337.504,114.552,272.790,120.205
273.058,120.688,288.371,312.078,351.776,306.896,336.462,115.506
273.325,121.170,287.247,312.707,349.342,307.996,335.420,116.460
273.593,121.653,286.122,313.336,346.907,309.097,334.378,117.414
273.860,122.136,284.997,313.966,344.473,310.197,333.336,118.368
274.128,122.619,283.873,314.595,342.039,311.297,332.294,119.322
274.395,123.102,282.748,315.224,339.605,312.398,331.252,120.276
274.663,123.585,281.623,315.854,337.171,313.498,330.210,121.230
274.930,124.068,280.499,316.483,334.737,314.598,329.168,122.184
275.198,124.551,279.374,317.112,332.302,315.699,328.126,123.138
275.465,125.034,278.249,317.741,329.868,316.799,327.084,124.092
275.733,125.517,277.125,318.371,327.434,317.900,326.042,125.046
276.000,319.000,325.000,319.000,325.000,126.000,276.000,126.000
272.276,128.392,275.597,319.557,327.524,318.408,324.203,127.243
268.553,130.785,275.195,320.114,330.047,317.815,323.405,128.486
264.829,133.177,274.792,320.672,332.571,317.223,322.608,129.728
261.105,135.569,274.389,321.229,335.095,316.631,321.811,130.971
273.987,321.786,337.618,316.038,321.013,132.214,257.382,137.962
259.528,322.859,327.855,321.276,323.472,132.141,255.145,133.724
254.665,134.937,260.161,323.851,328.435,321.863,322.939,132.949
254.185,136.150,260.795,324.843,329.015,322.450,322.405,133.757
253.705,137.362,261.428,325.834,329.595,323.038,321.872,134.566
253.225,138.575,262.061,326.826,330.175,323.625,321.339,135.374
252.745,139.788,262.694,327.818,330.755,324.212,320.806,136.182
252.264,141.001,263.327,328.809,331.336,324.799,320.273,136.991
251.784,142.214,263.961,329.801,331.916,325.386,319.739,137.799
251.304,143.426,264.594,330.793,332.496,325.974,319.206,138.607
250.824,144.639,265.227,331.784,333.076,326.561,318.673,139.416
265.860,332.776,333.656,327.148,318.140,140.224,250.344,145.852
251.837,147.353,265.315,333.473,332.413,328.564,318.935,142.444
253.330,148.854,264.771,334.170,331.170,329.979,319.729,144.663
254.823,150.355,264.226,334.867,329.927,331.395,320.524,146.883
256.316,151.856,263.681,335.564,328.684,332.810,321.319,149.103
259.263,150.214,265.401,336.303,329.570,334.009,323.432,147.919
262.210,148.571,267.121,337.043,330.456,335.207,325.546,146.735
265.158,146.928,268.841,337.782,331.342,336.405,327.659,145.551
268.105,145.285,270.560,338.521,332.228,337.603,329.773,144.368
271.053,143.643,272.280,339.261,333.114,338.802,331.886,143.184
274.000,340.000,334.000,340.000,334.000,142.000,274.000,142.000
269.662,328.570,329.370,330.067,333.838,142.430,274.130,140.933
265.324,317.140,324.740,320.135,333.676,142.860,274.260,139.865
264.792,318.926,324.266,321.621,332.308,142.674,272.834,139.979
264.259,320.712,323.792,323.108,330.941,142.488,271.408,140.092
263.727,322.498,323.318,324.594,329.573,142.302,269.982,140.206
263.194,324.284,322.844,326.081,328.206,142.116,268.556,140.319
262.662,326.070,322.370,327.567,326.838,141.930,267.130,140.433
262.130,327.856,321.896,329.054,325.470,141.744,265.704,140.546
261.597,329.642,321.422,330.540,324.103,141.558,264.278,140.660
261.065,331.428,320.948,332.027,322.735,141.372,262.852,140.773
260.532,333.214,320.474,333.513,321.368,141.186,261.426,140.887
260.000,335.000,320.000,335.000,320.000,141.000,260.000,141.000
257.421,141.533,260.648,335.299,320.214,334.356,316.987,140.590
254.842,142.066,261.296,335.599,320.428,333.712,313.974,140.179
252.263,142.598,261.944,335.898,320.642,333.068,310.961,139.769
249.684,143.131,262.592,336.197,320.855,332.424,307.948,139.358
247.105,143.664,263.239,336.497,321.069,331.780,304.935,138.948
244.527,144.197,263.887,336.796,321.283,331.137,301.922,138.537
241.948,144.730,264.535,337.095,321.497,330.493,298.909,138.127
241.940,145.262,267.755,337.395,324.282,329.849,298.468,137.717
270.974,337.694,327.067,329.205,298.026,137.306,241.933,145.795
242.611,147.860,271.204,339.786,326.955,331.473,298.363,139.547
243.290,149.926,271.433,341.878,326.843,333.741,298.700,141.789
243.969,151.991,271.663,343.970,326.731,336.009,299.037,144.030
244.172,153.104,271.416,345.110,326.143,337.325,298.898,145.318
244.374,154.216,271.170,346.250,325.554,338.641,298.759,146.607
244.577,155.329,270.923,347.390,324.966,339.956,298.620,147.896
244.780,156.442,270.677,348.529,324.377,341.272,298.481,149.185
244.982,157.555,270.430,349.669,323.789,342.588,298.341,150.474
245.185,158.668,270.183,350.809,323.201,343.904,298.202,151.762
269.937,351.949,322.612,345.220,298.063,153.051,245.388,159.780
244.949,158.881,268.750,350.225,322.051,343.632,298.250,152.288
244.511,157.982,267.562,348.501,321.489,342.044,298.438,151.524
244.072,157.083,266.375,346.778,320.928,340.456,298.625,150.761
243.634,156.184,265.188,345.054,320.366,338.868,298.812,149.997
243.195,155.284,264.000,343.330,319.805,337.280,299.000,149.234
242.757,154.385,262.813,341.607,319.243,335.692,299.187,148.470
241.390,151.938,260.697,338.335,317.753,332.556,298.446,146.159
240.023,149.491,258.581,335.064,316.263,329.421,297.704,143.848
238.656,147.045,256.465,331.793,314.773,326.285,296.963,141.537
237.289,144.598,254.350,328.521,313.283,323.149,296.222,139.226
235.922,142.151,252.234,325.250,311.792,320.014,295.481,136.915
234.555,139.704,250.118,321.979,310.302,316.878,294.739,134.604
248.002,318.707,308.812,313.743,293.998,132.293,233.188,137.257
233.569,136.532,246.902,318.137,308.231,313.668,294.898,132.063
233.950,135.806,245.801,317.566,307.650,313.594,295.799,131.834
234.331,135.080,244.701,316.995,307.069,313.520,296.699,131.605
234.713,134.354,243.601,316.424,306.487,313.446,297.599,131.376
235.094,133.629,242.501,315.854,305.906,313.371,298.499,131.146
235.475,132.903,241.401,315.283,305.325,313.297,299.399,130.917
235.856,132.177,240.301,314.712,304.744,313.223,300.299,130.688
236.238,131.451,239.200,314.141,304.162,313.149,301.200,130.459
236.619,130.726,238.100,313.571,303.581,313.074,302.100,130.229
237.000,313.000,303.000,313.000,303.000,130.000,237.000,130.000
237.712,128.232,239.614,311.336,305.371,310.684,303.469,127.581
238.424,126.464,242.229,309.672,307.742,308.369,303.938,125.162
239.136,124.697,244.843,308.007,310.114,306.053,304.407,122.743
239.849,122.929,247.457,306.343,312.485,303.738,304.876,120.324
240.561,121.161,250.071,304.679,314.856,301.422,305.345,117.905
241.273,119.393,252.686,303.015,317.227,299.107,305.814,115.485
241.985,117.625,255.300,301.350,319.598,296.791,306.283,113.066
242.697,115.857,257.914,299.686,321.970,294.476,306.753,110.647
243.409,114.090,260.528,298.022,324.341,292.160,307.222,108.228
244.121,112.322,263.143,296.358,326.712,289.845,307.691,105.809
244.834,110.554,265.757,294.693,329.083,287.529,308.160,103.390
268.371,293.029,331.454,285.214,308.629,100.971,245.546,108.786
246.914,106.890,267.262,294.065,320.586,288.110,300.238,100.935
266.152,295.102,309.718,291.006,291.848,100.898,248.282,104.994
248.018,105.114,265.441,294.127,309.094,290.109,291.670,101.095
247.753,105.234,264.730,293.153,308.469,289.211,291.492,101.291
247.489,105.353,264.019,292.179,307.844,288.313,291.314,101.488
247.225,105.473,263.308,291.205,307.219,287.416,291.136,101.684
246.961,105.593,262.597,290.231,306.595,286.518,290.958,101.880
246.697,105.713,261.886,289.257,305.970,285.620,290.780,102.077
246.432,105.833,261.176,288.282,305.345,284.722,290.602,102.273
246.168,105.953,260.465,287.308,304.721,283.825,290.424,102.470
259.754,286.334,304.096,282.927,290.246,102.666,245.904,106.073
244.550,104.372,259.632,284.544,304.200,280.795,289.118,100.623
243.196,102.671,259.510,282.754,304.304,278.662,287.990,98.579
241.842,100.970,259.389,280.965,304.408,276.530,286.861,96.535
240.488,99.270,259.267,279.175,304.512,274.397,285.733,94.492
239.134,97.569,259.145,277.385,304.616,272.265,284.605,92.448
237.780,95.868,259.023,275.595,304.720,270.132,283.477,90.405
236.426,94.167,258.902,273.805,304.824,268.000,282.348,88.361
235.072,92.466,258.780,272.015,304.928,265.867,281.220,86.318
233.718,90.765,258.658,270.226,305.032,263.735,280.092,84.274
232.364,89.065,258.536,268.436,305.136,261.602,278.964,82.231
231.010,87.364,258.415,266.646,305.240,259.470,277.835,80.187
258.293,264.856,305.344,257.337,276.707,78.144,229.656,85.663
228.859,84.197,257.620,264.351,304.323,256.894,275.561,76.740
228.061,82.731,256.948,263.845,303.303,256.450,274.416,75.336
227.263,81.266,256.275,263.340,302.282,256.007,273.270,73.933
226.466,79.800,255.603,262.834,301.261,255.564,272.125,72.529
225.668,78.334,254.930,262.329,300.241,255.120,270.979,71.125
224.871,76.868,254.258,261.824,299.220,254.677,269.833,69.722
224.073,75.403,253.585,261.318,298.200,254.234,268.688,68.318
223.276,73.937,252.912,260.813,297.179,253.790,267.542,66.914
222.478,72.471,252.240,260.307,296.158,253.347,266.396,65.511
221.680,71.005,251.567,259.802,295.138,252.904,265.251,64.107
250.895,259.297,294.117,252.460,264.105,62.703,220.883,69.540
220.390,68.160,249.165,256.489,293.225,249.840,264.450,61.511
219.897,66.780,247.436,253.682,292.334,247.220,264.795,60.318
219.404,65.401,245.706,250.874,291.442,244.599,265.140,59.126
218.912,64.021,243.977,248.067,290.550,241.979,265.485,57.933
218.419,62.642,242.247,245.259,289.658,239.358,265.830,56.741
217.926,61.262,240.518,242.452,288.766,236.738,266.175,55.548
217.433,59.883,238.788,239.644,287.875,234.117,266.520,54.356
216.940,58.503,237.059,236.837,286.983,231.497,266.865,53.163
216.447,57.124,235.329,234.029,286.091,228.876,267.209,51.971
215.955,55.744,233.600,231.222,285.199,226.256,267.554,50.778
215.462,54.365,231.870,228.414,284.307,223.635,267.899,49.586
214.969,52.985,230.140,225.607,283.416,221.015,268.244,48.393
228.411,222.799,282.524,218.394,268.589,47.201,214.476,51.606
213.598,50.821,228.222,222.485,282.243,217.888,267.619,46.224
212.720,50.037,228.033,222.171,281.961,217.381,266.649,45.246
211.842,49.252,227.844,221.857,281.680,216.874,265.679,44.269
210.965,48.468,227.655,221.543,281.399,216.367,264.709,43.292
210.087,47.684,227.466,221.229,281.117,215.860,263.738,42.314
209.209,46.899,227.277,220.915,280.836,215.353,262.768,41.337
208.331,46.115,227.088,220.601,280.555,214.846,261.798,40.360
207.453,45.330,226.899,220.287,280.274,214.339,260.828,39.383
206.575,44.546,226.710,219.973,279.992,213.832,259.858,38.405
205.898,43.819,225.712,219.002,278.685,212.975,258.871,37.792
205.221,43.092,224.713,218.030,277.378,212.117,257.885,37.179
204.543,42.364,223.715,217.058,276.071,211.259,256.898,36.565
203.866,41.637,222.717,216.087,274.763,210.402,255.912,35.952
203.189,40.910,221.719,215.115,273.456,209.544,254.925,35.338
202.729,38.182,220.939,212.144,272.366,206.686,254.156,32.725
202.269,35.455,220.158,209.172,271.277,203.829,253.387,30.112
201.809,32.728,219.377,206.201,270.187,200.971,252.618,27.498
209.165,30.967,226.413,204.196,276.914,199.080,259.666,25.851
209.322,30.407,226.249,203.391,276.440,198.389,259.513,25.405
209.479,29.846,226.085,202.586,275.967,197.698,259.361,24.958
209.636,29.286,225.921,201.781,275.494,197.007,259.208,24.511
209.792,28.725,225.757,200.976,275.021,196.316,259.056,24.064
209.949,28.164,225.593,200.171,274.548,195.625,258.903,23.618
210.353,28.594,225.677,200.357,274.322,195.924,258.999,24.162
210.758,29.024,225.761,200.542,274.097,196.224,259.094,24.705
211.162,29.454,225.844,200.728,273.871,196.523,259.189,25.249
211.566,29.884,225.928,200.914,273.646,196.823,259.284,25.793
211.970,30.314,226.011,201.100,273.420,197.122,259.379,26.337
212.375,30.744,226.095,201.285,273.195,197.422,259.474,26.880
212.779,31.174,226.179,201.471,272.969,197.721,259.570,27.424
212.281,30.483,227.146,203.071,274.312,198.951,259.447,26.363
211.783,29.792,228.113,204.670,275.656,200.181,259.326,25.302
211.285,29.101,229.081,206.270,276.999,201.410,259.203,24.241
213.366,28.872,229.502,203.895,276.597,199.512,260.462,24.488
214.114,27.309,228.589,200.187,274.861,196.280,260.386,23.402
214.862,25.746,227.677,196.478,273.126,193.049,260.311,22.316
226.764,192.770,271.390,189.817,260.236,21.230,215.610,24.183
215.227,24.580,226.945,193.793,272.473,190.620,260.755,21.407
214.844,24.977,227.126,194.816,273.556,191.423,261.274,21.584
214.460,25.373,227.308,195.840,274.640,192.227,261.792,21.760
214.077,25.770,227.489,196.863,275.723,193.030,262.311,21.937
213.694,26.167,227.670,197.886,276.806,193.833,262.830,22.114
213.311,28.964,227.851,201.309,277.889,197.036,263.349,24.691
212.928,31.761,228.032,204.732,278.972,200.239,263.868,27.268
212.544,34.558,228.213,208.156,280.056,203.442,264.387,29.844
212.161,37.355,228.394,211.579,281.139,206.645,264.906,32.421
228.575,215.002,282.222,209.848,265.425,34.998,211.778,40.152
212.418,42.737,230.303,217.029,283.724,211.548,265.840,37.257
213.059,45.323,232.031,219.055,285.227,213.249,266.254,39.516
213.699,47.908,233.759,221.082,286.729,214.949,266.669,41.775
214.340,50.493,235.488,223.109,288.231,216.649,267.084,44.034
214.980,53.078,237.216,225.136,289.734,218.350,267.498,46.292
216.951,54.725,237.316,227.199,289.906,220.989,269.541,48.515
237.416,229.262,290.078,223.629,271.584,50.738,218.922,56.371
220.436,56.546,241.194,227.868,293.136,221.597,272.377,50.275
221.950,56.722,244.972,226.474,296.193,219.564,273.171,49.812
223.464,56.897,248.750,225.079,299.251,217.532,273.964,49.349
224.977,57.072,252.528,223.685,302.308,215.499,274.758,48.886
226.491,57.247,256.306,222.291,305.366,213.467,275.551,48.423
228.005,57.423,260.084,220.897,308.423,211.434,276.345,47.960
263.862,219.503,311.481,209.402,277.138,47.497,229.519,57.598
228.999,54.431,261.400,220.222,311.580,210.411,279.179,44.620
231.739,55.609,263.373,220.597,312.757,211.113,281.123,46.124
234.480,56.787,265.347,220.973,313.934,211.814,283.067,47.629
237.220,57.966,267.320,221.348,315.111,212.516,285.011,49.133
239.960,59.144,269.294,221.724,316.288,213.217,286.954,50.637
242.701,60.322,271.267,222.099,317.465,213.919,288.898,52.142
245.441,61.500,273.241,222.474,318.642,214.620,290.842,53.646
275.214,222.850,319.819,215.322,292.786,55.150,248.181,62.678
248.560,61.406,272.404,224.311,318.690,217.594,294.846,54.689
248.938,60.134,269.594,225.772,317.562,219.866,296.906,54.228
249.316,58.861,266.784,227.234,316.434,222.139,298.966,53.766
263.974,228.695,315.306,224.411,301.026,53.305,249.694,57.589
258.263,222.350,304.565,222.397,304.737,53.650,258.435,53.603
257.789,219.504,303.744,220.153,306.211,51.639,260.256,50.990
257.316,216.657,302.923,217.908,307.684,49.629,262.077,48.378
256.843,213.810,302.101,215.663,309.157,47.618,263.899,45.765
256.370,210.964,301.280,213.419,310.630,45.608,265.720,43.153
255.896,208.117,300.459,211.174,312.104,43.597,267.541,40.540
255.423,205.271,299.637,208.930,313.577,41.587,269.363,37.928
254.950,202.424,298.816,206.685,315.050,39.576,271.184,35.315
257.365,201.734,301.005,205.952,317.090,39.539,273.450,35.320
259.779,201.044,303.193,205.219,319.130,39.501,275.716,35.326
262.194,200.354,305.382,204.487,321.170,39.464,277.982,35.332
264.608,199.664,307.570,203.754,323.210,39.426,280.248,35.337
267.023,198.975,309.758,203.021,325.250,39.389,282.514,35.343
269.438,198.285,311.947,202.288,327.290,39.352,284.780,35.348
271.852,197.595,314.135,201.556,329.330,39.314,287.046,35.354
274.267,196.905,316.324,200.823,331.370,39.277,289.313,35.359
276.681,196.215,318.512,200.090,333.410,39.239,291.579,35.365
279.096,195.525,320.701,199.357,335.450,39.202,293.845,35.370
281.510,194.836,322.889,198.624,337.490,39.164,296.111,35.376
283.559,195.052,325.900,198.462,339.041,39.248,296.700,35.838
285.608,195.269,328.911,198.300,340.592,39.331,297.289,36.300
287.657,195.485,331.922,198.137,342.143,39.415,297.878,36.763
289.706,195.701,334.933,197.975,343.694,39.499,298.467,37.225
291.755,195.918,337.945,197.812,345.245,39.582,299.055,37.688
293.804,196.134,340.956,197.650,346.796,39.666,299.644,38.150
295.853,196.351,343.967,197.487,348.347,39.749,300.233,38.613
297.902,196.567,346.978,197.325,349.898,39.833,300.822,39.075
299.951,196.784,349.989,197.162,351.449,39.916,301.411,39.538
302.000,197.000,353.000,197.000,353.000,40.000,302.000,40.000
301.732,196.782,353.912,197.532,355.768,41.468,303.588,40.718
301.464,196.564,354.825,198.064,358.536,42.936,305.175,41.436
301.197,196.347,355.737,198.597,361.303,44.403,306.763,42.153
300.929,196.129,356.650,199.129,364.071,45.871,308.350,42.871
300.661,195.911,357.562,199.661,366.839,47.339,309.938,43.589
300.393,195.693,358.475,200.193,369.607,48.807,311.525,44.307
300.126,195.475,359.387,200.725,372.374,50.275,313.113,45.025
299.858,195.257,360.300,201.257,375.142,51.743,314.700,45.743
300.292,194.709,361.642,200.873,376.708,50.791,315.358,44.627
300.727,194.161,362.985,200.488,378.273,49.839,316.015,43.512
301.162,193.613,364.327,200.103,379.838,48.887,316.673,42.397
301.597,193.065,365.669,199.718,381.403,47.935,317.331,41.282
302.031,192.516,367.012,199.333,382.969,46.984,317.988,40.167
302.466,191.968,368.354,198.948,384.534,46.032,318.646,39.052
302.901,191.420,369.697,198.563,386.099,45.080,319.303,37.937
303.335,190.872,371.039,198.178,387.665,44.128,319.961,36.822
304.989,191.450,371.137,198.059,386.297,44.693,320.149,38.084
306.642,192.029,371.235,197.940,384.929,45.257,320.336,39.346
308.296,192.607,371.334,197.821,383.562,45.821,320.524,40.608
309.949,193.186,371.432,197.701,382.194,46.386,320.711,41.870
311.602,193.764,371.530,197.582,380.826,46.950,320.899,43.132
313.256,194.343,371.628,197.463,379.458,47.515,321.086,44.394
314.909,194.921,371.726,197.344,378.091,48.079,321.274,45.656
315.568,195.203,373.370,198.192,380.932,49.047,323.130,46.058
316.227,195.485,375.014,199.040,383.773,50.015,324.986,46.460
316.886,195.767,376.658,199.889,386.614,50.983,326.842,46.861
317.545,196.049,378.303,200.737,389.455,51.951,328.697,47.263
318.204,196.331,379.947,201.585,392.296,52.919,330.553,47.665
318.863,196.613,381.591,202.434,395.137,53.887,332.409,48.066
319.522,196.895,383.235,203.282,397.978,54.855,334.265,48.468
320.181,197.177,384.879,204.130,400.819,55.823,336.121,48.870
322.892,197.252,386.072,203.573,400.562,54.930,337.383,48.609
325.603,197.326,387.265,203.016,400.306,54.037,338.644,48.348
328.314,197.401,388.458,202.458,400.050,53.144,339.906,48.087
331.025,197.476,389.650,201.901,399.794,52.251,341.168,47.826
333.735,197.551,390.843,201.344,399.537,51.358,342.430,47.565
336.446,197.626,392.036,200.786,399.281,50.465,343.691,47.304
339.157,197.701,393.229,200.229,399.025,49.572,344.953,47.044
341.868,197.775,394.422,199.672,398.769,48.679,346.215,46.783
344.578,197.850,395.614,199.115,398.512,47.786,347.477,46.522
347.289,197.925,396.807,198.557,398.256,46.893,348.738,46.261
350.000,198.000,398.000,198.000,398.000,46.000,350.000,46.000
349.031,196.001,394.049,196.732,396.636,49.332,351.617,48.601
348.061,194.003,390.099,195.465,395.272,52.664,353.234,51.202
347.092,192.004,386.148,194.197,393.908,55.996,354.852,53.803
345.594,189.577,384.567,193.745,399.031,59.840,360.058,55.672
349.235,192.476,391.783,194.560,399.015,52.358,356.467,50.273
352.875,195.375,399.000,195.375,399.000,44.875,352.875,44.875
348.330,187.555,391.492,191.630,404.858,50.071,361.696,45.996
348.971,185.825,392.250,189.853,405.529,47.175,362.250,43.147
350.225,184.222,393.469,187.746,405.088,44.403,361.844,40.879
351.478,182.619,394.687,185.640,404.647,41.631,361.438,38.610
352.732,181.016,395.906,183.533,404.206,38.859,361.031,36.342
353.985,179.413,397.125,181.427,403.765,36.087,360.625,34.073
355.239,177.809,398.344,179.320,403.323,33.316,360.219,31.805
356.493,176.206,399.562,177.213,402.882,30.544,359.813,29.537
357.746,174.603,400.781,175.107,402.441,27.772,359.406,27.268
359.000,173.000,402.000,173.000,402.000,25.000,359.000,25.000
359.300,172.150,402.300,172.150,402.300,24.400,359.300,24.400
359.600,171.300,402.600,171.300,402.600,23.800,359.600,23.800
359.900,170.450,402.900,170.450,402.900,23.200,359.900,23.200
360.200,169.600,403.200,169.600,403.200,22.600,360.200,22.600
359.929,169.262,402.868,169.531,403.780,22.988,360.841,22.719
359.657,168.923,402.535,169.463,404.359,23.377,361.482,22.837
359.386,168.585,402.202,169.394,404.939,23.765,362.123,22.956
359.115,168.247,401.870,169.325,405.519,24.153,362.763,23.075
358.843,167.909,401.537,169.257,406.098,24.541,363.404,23.193
358.572,167.570,401.205,169.188,406.678,24.930,364.045,23.312
358.715,168.413,401.384,169.869,406.310,25.737,363.641,24.281
358.858,169.256,401.564,170.550,405.942,26.544,363.236,25.250
359.000,170.099,401.743,171.232,405.575,27.351,362.832,26.218
359.143,170.942,401.923,171.913,405.207,28.158,362.427,27.187
359.286,171.785,402.102,172.594,404.839,28.965,362.023,28.156
359.429,172.628,402.282,173.275,404.471,29.772,361.618,29.125
359.572,173.471,402.461,173.956,404.103,30.579,361.214,30.094
359.714,174.314,402.641,174.638,403.736,31.386,360.809,31.062
359.857,175.157,402.820,175.319,403.368,32.193,360.405,32.031
360.000,176.000,403.000,176.000,403.000,33.000,360.000,33.000
360.074,176.000,402.944,176.000,402.944,33.435,360.074,33.435
360.148,176.000,402.887,176.000,402.887,33.870,360.148,33.870
360.223,176.000,402.831,176.000,402.831,34.304,360.223,34.304
360.297,176.000,402.775,176.000,402.775,34.739,360.297,34.739
360.371,176.000,402.719,176.000,402.719,35.174,360.371,35.174
360.445,176.000,402.662,176.000,402.662,35.609,360.445,35.609
360.519,176.000,402.606,176.000,402.606,36.043,360.519,36.043
360.593,176.000,402.550,176.000,402.550,36.478,360.593,36.478
360.668,176.000,402.493,176.000,402.493,36.913,360.668,36.913
360.742,176.000,402.437,176.000,402.437,37.348,360.742,37.348
360.816,176.000,402.381,176.000,402.381,37.782,360.816,37.782
360.890,176.000,402.324,176.000,402.324,38.217,360.890,38.217
360.964,176.000,402.268,176.000,402.268,38.652,360.964,38.652
361.038,176.000,402.212,176.000,402.212,39.087,361.038,39.087
361.113,176.000,402.156,176.000,402.156,39.521,361.113,39.521
361.187,176.000,402.099,176.000,402.099,39.956,361.187,39.956
361.261,176.000,402.043,176.000,402.043,40.391,361.261,40.391
360.884,176.000,401.536,176.000,401.536,40.826,360.884,40.826
360.507,176.000,401.029,176.000,401.029,41.261,360.507,41.261
360.130,176.000,400.521,176.000,400.521,41.695,360.130,41.695
359.754,176.000,400.014,176.000,400.014,42.130,359.754,42.130
359.377,176.000,399.507,176.000,399.507,42.565,359.377,42.565
359.000,176.000,399.000,176.000,399.000,43.000,359.000,43.000
358.729,175.750,398.667,175.750,398.667,42.813,358.729,42.813
358.459,175.500,398.333,175.500,398.333,42.625,358.459,42.625
358.188,175.250,398.000,175.250,398.000,42.438,358.188,42.438
356.409,175.251,396.053,175.395,396.533,42.999,356.890,42.856
354.631,175.252,394.106,175.540,395.067,43.561,355.591,43.273
353.246,175.061,392.578,175.346,393.531,43.704,354.199,43.419
351.861,174.870,391.049,175.153,391.995,43.847,352.807,43.564
350.476,174.679,389.521,174.960,390.459,43.990,351.415,43.710
349.092,174.489,387.992,174.766,388.924,44.133,350.023,43.855
347.707,174.298,386.464,174.573,387.388,44.276,348.631,44.000
346.322,174.107,384.936,174.380,385.852,44.419,347.239,44.146
344.937,173.916,383.407,174.186,384.317,44.562,345.846,44.291
344.703,173.437,383.305,173.640,383.987,43.421,345.385,43.218
344.469,172.958,383.204,173.093,383.658,42.281,344.923,42.146
344.234,172.479,383.102,172.547,383.329,41.140,344.462,41.073
344.000,172.000,383.000,172.000,383.000,40.000,344.000,40.000
341.784,171.251,380.744,171.251,380.744,39.411,341.784,39.411
339.567,170.503,378.487,170.503,378.487,38.823,339.567,38.823
337.351,169.754,376.231,169.754,376.231,38.234,337.351,38.234
335.134,169.006,373.974,169.006,373.974,37.646,335.134,37.646
332.918,168.257,371.718,168.257,371.718,37.057,332.918,37.057
330.701,167.509,369.461,167.509,369.461,36.469,330.701,36.469
328.485,166.760,367.205,166.760,367.205,35.880,328.485,35.880
326.576,165.524,365.139,166.127,367.173,35.802,328.610,35.200
324.667,164.289,363.073,165.493,367.141,35.724,328.735,34.520
322.758,163.053,361.006,164.860,367.109,35.647,328.860,33.840
320.849,161.818,358.940,164.227,367.077,35.569,328.985,33.160
320.215,162.830,358.360,164.758,364.870,35.943,326.724,34.016
319.581,163.843,357.780,165.288,362.662,36.317,324.463,34.872
318.947,164.855,357.200,165.819,360.455,36.692,322.202,35.728
318.314,165.868,356.620,166.349,358.247,37.066,319.941,36.584
317.680,166.880,356.040,166.880,356.040,37.440,317.680,37.440
316.382,166.560,354.702,166.560,354.702,37.280,316.382,37.280
315.084,166.240,353.364,166.240,353.364,37.120,315.084,37.120
313.787,165.920,352.027,165.920,352.027,36.960,313.787,36.960
312.489,165.600,350.689,165.600,350.689,36.800,312.489,36.800
311.191,165.280,349.351,165.280,349.351,36.640,311.191,36.640
309.893,164.960,348.013,164.960,348.013,36.480,309.893,36.480
308.596,164.640,346.676,164.640,346.676,36.320,308.596,36.320
307.298,164.320,345.338,164.320,345.338,36.160,307.298,36.160
306.000,164.000,344.000,164.000,344.000,36.000,306.000,36.000
304.081,164.327,342.013,164.627,342.992,37.110,305.060,36.811
302.162,164.655,340.025,165.254,341.983,38.221,304.119,37.621
300.243,164.982,338.038,165.881,340.975,39.331,303.179,38.432
298.323,165.309,336.051,166.508,339.966,40.441,302.239,39.242
296.404,165.637,334.064,167.135,338.958,41.552,301.299,40.053
294.485,165.964,332.076,167.762,337.950,42.662,300.358,40.864
292.566,166.291,330.089,168.390,336.941,43.773,299.418,41.674
290.647,166.618,328.102,169.017,335.933,44.883,298.478,42.485
288.728,166.946,326.115,169.644,334.924,45.993,297.537,43.295
286.809,167.273,324.127,170.271,333.916,47.104,296.597,44.106
284.889,167.600,322.140,170.898,332.908,48.214,295.657,44.917
282.970,167.928,320.153,171.525,331.899,49.324,294.717,45.727
281.051,168.255,318.166,172.152,330.891,50.435,293.776,46.538
279.132,168.582,316.178,172.779,329.882,51.545,292.836,47.349
277.213,168.910,314.191,173.406,328.874,52.656,291.896,48.159
277.561,169.796,314.667,173.730,327.515,52.824,290.409,48.889
277.910,170.682,315.143,174.055,326.156,52.992,288.922,49.619
278.258,171.569,315.620,174.379,324.796,53.160,287.435,50.349
278.606,172.455,316.096,174.703,323.437,53.328,285.948,51.080
278.955,173.341,316.572,175.027,322.078,53.496,284.461,51.810
279.303,174.227,317.048,175.352,320.719,53.664,282.974,52.540
279.652,175.114,317.524,175.676,319.359,53.832,281.487,53.270
280.000,176.000,318.000,176.000,318.000,54.000,280.000,54.000
280.667,176.667,319.000,176.667,319.000,54.667,280.667,54.667
281.333,177.333,320.000,177.333,320.000,55.333,281.333,55.333
282.000,178.000,321.000,178.000,321.000,56.000,282.000,56.000
280.438,57.697,282.213,178.257,320.831,177.687,319.056,57.127
278.877,59.394,282.427,178.515,320.662,177.375,317.112,58.254
277.315,61.091,282.640,178.772,320.492,177.062,315.168,59.381
282.853,179.029,320.323,176.750,313.224,60.509,275.754,62.788
276.559,61.947,281.750,177.748,319.154,176.087,313.963,60.286
277.364,61.106,280.646,176.466,317.984,175.424,314.702,60.064
278.170,60.264,279.543,175.184,316.815,174.761,315.442,59.841
278.440,173.902,315.646,174.098,316.181,59.619,278.975,59.423
279.780,58.581,277.336,172.620,314.476,173.435,316.920,59.397
277.191,173.382,315.458,174.391,318.501,57.130,280.234,56.122
277.046,174.144,316.440,175.346,320.082,54.864,280.689,53.663
276.901,174.906,317.421,176.301,321.663,52.598,281.143,51.203
276.756,175.668,318.403,177.256,323.244,50.332,281.597,48.744
275.298,173.315,315.303,175.734,322.559,54.757,282.554,52.338
274.826,173.326,315.462,176.054,323.555,54.151,282.918,51.422
274.354,173.336,315.622,176.374,324.550,53.545,283.281,50.507
273.882,173.347,315.783,176.694,325.546,52.939,283.646,49.592
275.497,173.350,317.461,177.137,328.455,54.174,286.491,50.387
277.112,173.353,319.139,177.580,331.364,55.409,289.337,51.182
278.727,173.356,320.818,178.022,334.273,56.644,292.182,51.978
282.992,173.108,323.829,177.232,335.842,56.559,295.004,52.435
287.256,172.859,326.840,176.442,337.410,56.474,297.827,52.891
291.521,172.610,329.851,175.652,338.979,56.390,300.649,53.348
295.786,172.362,332.861,174.862,340.547,56.305,303.472,53.805
300.051,172.113,335.872,174.072,342.116,56.220,306.294,54.261
304.315,171.865,338.883,173.282,343.685,56.135,309.117,54.718
306.384,171.778,340.695,173.054,345.016,56.022,310.705,54.746
308.452,171.692,342.507,172.825,346.348,55.908,312.293,54.775
310.521,171.605,344.318,172.597,347.679,55.795,313.882,54.803
312.589,171.519,346.130,172.369,349.011,55.681,315.470,54.831
314.658,171.432,347.942,172.141,350.342,55.568,317.058,54.859
316.726,171.346,349.753,171.913,351.674,55.454,318.647,54.887
318.795,171.259,351.565,171.685,353.005,55.341,320.235,54.915
320.863,171.173,353.377,171.456,354.337,55.227,321.823,54.944
322.932,171.086,355.188,171.228,355.668,55.114,323.412,54.972
325.000,171.000,357.000,171.000,357.000,55.000,325.000,55.000
325.129,170.790,357.108,171.335,359.071,55.510,327.092,54.965
325.258,170.580,357.216,171.670,361.142,56.020,329.184,54.930
325.387,170.370,357.324,172.005,363.213,56.530,331.276,54.895
325.516,170.160,357.432,172.340,365.285,57.040,333.368,54.860
325.644,169.950,357.540,172.674,367.356,57.550,335.460,54.826
325.773,169.740,357.648,173.009,369.427,58.060,337.552,54.791
325.902,169.530,357.756,173.344,371.498,58.570,339.644,54.756
327.525,169.797,359.390,173.318,372.075,58.603,340.210,55.082
329.148,170.064,361.025,173.291,372.652,58.636,340.775,55.409
330.771,170.331,362.659,173.265,373.229,58.669,341.341,55.735
332.394,170.598,364.293,173.238,373.806,58.702,341.907,56.062
334.017,170.865,365.927,173.212,374.383,58.735,342.473,56.388
335.640,171.132,367.561,173.185,374.960,58.768,343.039,56.715
337.263,171.399,369.195,173.159,375.537,58.801,343.605,57.041
338.885,171.666,370.829,173.132,376.115,58.834,344.171,57.368
340.508,171.932,372.463,173.106,376.692,58.868,344.737,57.694
342.131,172.199,374.098,173.079,377.269,58.901,345.302,58.021
343.754,172.466,375.732,173.053,377.846,58.934,345.868,58.347
345.377,172.733,377.366,173.026,378.423,58.967,346.434,58.674
347.000,173.000,379.000,173.000,379.000,59.000,347.000,59.000
348.211,59.392,350.668,172.427,382.123,171.775,379.665,58.740
349.421,59.784,354.336,171.854,385.245,170.550,380.331,58.479
350.632,60.176,358.004,171.281,388.368,169.324,380.996,58.219
351.843,60.568,361.671,170.708,391.491,168.099,381.662,57.958
353.053,60.959,365.339,170.136,394.613,166.874,382.327,57.698
369.007,169.563,397.736,165.649,382.993,57.437,354.264,61.351
356.888,61.352,371.231,170.220,400.812,166.348,386.469,57.480
359.512,61.352,373.455,170.877,403.888,167.048,389.945,57.523
362.136,61.352,375.678,171.533,406.964,167.748,393.422,57.567
364.760,61.352,377.902,172.190,410.040,168.448,396.898,57.610
367.384,61.353,380.126,172.847,413.116,169.147,400.374,57.653
370.008,61.353,382.349,173.504,416.192,169.847,403.851,57.696
372.632,61.353,384.573,174.161,419.268,170.547,407.327,57.739
375.256,61.353,386.797,174.818,422.344,171.247,410.803,57.782
377.880,61.354,389.020,175.475,425.420,171.946,414.280,57.825
391.244,176.132,428.496,172.646,417.756,57.868,380.504,61.354
382.649,61.029,391.127,175.760,428.351,173.007,419.873,58.276
384.795,60.704,391.010,175.388,428.205,173.368,421.990,58.683
386.941,60.378,390.893,175.016,428.059,173.729,424.107,59.091
389.086,60.053,390.776,174.644,427.914,174.090,426.224,59.499
390.659,174.272,427.768,174.450,428.341,59.906,391.232,59.728
390.542,173.900,427.623,174.811,430.458,60.314,393.377,59.403
395.523,59.078,390.425,173.529,427.477,175.172,432.575,60.721
395.637,172.489,430.923,173.661,434.564,64.625,399.278,63.452
395.520,173.105,431.042,174.279,434.683,64.471,399.161,63.298
395.403,173.723,431.160,174.896,434.802,64.317,399.044,63.144
395.285,174.340,431.279,175.514,434.920,64.163,398.927,62.990
395.168,174.958,431.398,176.131,435.039,64.010,398.810,62.836
395.051,175.575,431.516,176.749,435.158,63.856,398.692,62.682
394.584,175.916,430.952,177.012,434.350,64.378,397.982,63.283
394.117,176.258,430.387,177.275,433.543,64.901,397.273,63.883
393.649,176.599,429.822,177.538,432.735,65.423,396.563,64.484
393.182,176.940,429.257,177.801,431.928,65.946,395.853,65.085
392.715,177.281,428.692,178.064,431.120,66.468,395.143,65.685
392.248,177.622,428.127,178.327,430.312,66.990,394.433,66.286
391.781,177.963,427.563,178.589,429.505,67.513,393.723,66.887
392.083,179.118,427.768,179.665,429.467,68.849,393.783,68.301
392.386,180.273,427.972,180.742,429.429,70.185,393.842,69.715
392.688,181.427,428.177,181.818,429.390,71.521,393.902,71.130
392.991,182.582,428.381,182.895,429.352,72.857,393.961,72.544
393.293,183.736,428.586,183.971,429.314,74.192,394.021,73.958
392.529,186.491,427.724,186.647,428.209,77.129,393.014,76.972
391.764,189.246,426.862,189.324,427.105,80.064,392.007,79.986
391.000,192.000,426.000,192.000,426.000,83.000,391.000,83.000
390.403,193.000,425.299,193.027,425.383,84.357,390.486,84.331
389.806,194.000,424.599,194.053,424.765,85.715,389.972,85.661
389.209,194.999,423.898,195.080,424.148,87.072,389.459,86.992
388.612,195.999,423.198,196.106,423.530,88.429,388.945,88.322
388.016,196.999,422.497,197.133,422.913,89.786,388.431,89.653
387.419,197.999,421.797,198.159,422.296,91.144,387.917,90.983
386.822,198.999,421.096,199.186,421.678,92.501,387.404,92.314
386.225,199.999,420.396,200.212,421.061,93.858,386.890,93.644
385.628,200.998,419.695,201.239,420.443,95.215,386.376,94.975
385.031,201.998,418.995,202.265,419.826,96.573,385.862,96.306
384.273,203.999,418.746,204.199,419.369,96.930,384.897,96.729
383.516,205.999,418.497,206.133,418.913,97.286,383.931,97.153
382.758,208.000,418.249,208.066,418.456,97.643,382.966,97.576
382.000,210.000,418.000,210.000,418.000,98.000,382.000,98.000
382.820,99.251,383.455,210.123,418.908,209.931,418.272,99.059
383.639,100.501,384.911,210.245,419.815,209.862,418.544,100.119
384.459,101.752,386.366,210.368,420.723,209.794,418.815,101.178
385.279,103.003,387.822,210.490,421.631,209.725,419.087,102.237
386.098,104.253,389.277,210.613,422.538,209.656,419.359,103.296
386.918,105.504,390.733,210.735,423.446,209.587,419.631,104.356
387.737,106.754,392.188,210.858,424.353,209.518,419.903,105.415
388.557,108.005,393.644,210.980,425.261,209.450,420.175,106.474
389.377,109.256,395.099,211.103,426.169,209.381,420.446,107.533
390.196,110.506,396.555,211.226,427.076,209.312,420.718,108.593
398.010,211.348,427.984,209.243,420.990,109.652,391.016,111.757
390.357,112.800,397.254,212.725,427.595,210.657,420.699,110.732
389.699,113.843,396.498,214.103,427.206,212.072,420.407,111.812
389.040,114.886,395.741,215.480,426.817,213.486,420.116,112.892
388.381,115.929,394.985,216.857,426.428,214.900,419.824,113.972
387.723,116.971,394.229,218.234,426.039,216.314,419.533,115.051
387.064,118.014,393.473,219.611,425.650,217.729,419.242,116.131
392.717,220.989,425.261,219.143,418.950,117.211,386.405,119.057
386.560,121.254,390.861,222.746,423.524,221.546,419.222,120.054
386.714,123.450,389.006,224.504,421.786,223.950,419.494,122.896
386.868,125.646,387.151,226.262,420.048,226.354,419.765,125.738
385.296,228.019,418.310,228.757,420.037,128.581,387.023,127.843
383.441,229.777,416.573,231.161,420.309,131.423,387.177,130.039
381.586,231.535,414.835,233.565,420.581,134.265,387.332,132.235
379.731,233.292,413.097,235.968,420.852,137.108,387.486,134.432
377.876,235.050,411.360,238.372,421.124,139.950,387.640,136.628
375.913,235.882,409.852,240.128,421.920,142.618,387.981,138.372
373.950,236.715,408.345,241.883,422.716,145.285,388.322,140.117
371.988,237.547,406.837,243.639,423.512,147.953,388.663,141.861
370.920,238.346,407.123,243.896,422.080,146.654,385.877,141.104
369.852,239.144,407.410,244.152,420.648,145.356,383.090,140.348
368.784,239.942,407.696,244.409,419.216,144.058,380.304,139.591
368.040,240.317,407.565,244.437,418.160,143.883,378.635,139.763
367.296,240.692,407.434,244.465,417.104,143.708,376.966,139.935
366.551,241.066,407.303,244.493,416.049,143.534,375.297,140.107
365.807,241.441,407.173,244.521,414.993,143.359,373.627,140.279
365.063,241.816,407.042,244.549,413.937,143.184,371.958,140.451
364.319,242.191,406.911,244.577,412.881,143.009,370.289,140.623
363.574,242.565,406.780,244.605,411.826,142.835,368.620,140.795
362.830,242.940,406.650,244.633,410.770,142.660,366.950,140.967
362.086,243.315,406.519,244.661,409.714,142.485,365.281,141.139
361.342,243.690,406.388,244.689,408.658,142.310,363.612,141.311
361.878,243.387,405.952,244.050,407.236,140.528,363.162,139.864
362.415,243.083,405.516,243.411,405.814,138.745,362.713,138.417
362.263,136.970,362.951,242.780,405.080,242.772,404.392,136.963
361.814,135.524,363.487,242.476,404.643,242.134,402.970,135.181
361.364,134.077,364.023,242.173,404.207,241.495,401.548,133.399
360.915,132.630,364.560,241.869,403.771,240.856,400.126,131.616
360.465,131.183,365.096,241.566,403.335,240.217,398.704,129.834
360.492,130.212,366.108,241.739,403.375,240.054,397.758,128.528
360.519,129.242,367.121,241.911,403.414,239.892,396.813,127.222
368.133,242.084,403.454,239.729,395.867,125.916,360.546,128.271
361.273,128.921,369.089,243.759,405.127,241.299,397.311,126.461
362.001,129.570,370.046,245.433,406.799,242.868,398.754,127.005
362.728,130.220,371.002,247.108,408.472,244.438,400.198,127.550
363.455,130.869,371.958,248.782,410.145,246.007,401.642,128.094
364.182,131.519,372.914,250.457,411.818,247.577,403.086,128.639
364.910,132.168,373.871,252.131,413.490,249.146,404.529,129.183
365.637,132.818,374.827,253.806,415.163,250.716,405.973,129.728
366.364,133.950,375.783,255.963,416.836,252.768,407.417,130.755
367.091,135.081,376.740,258.119,418.508,254.819,408.860,131.781
367.819,136.213,377.696,260.276,420.181,256.871,410.304,132.808
368.546,137.344,378.652,262.432,421.854,258.922,411.747,133.834
369.273,136.976,379.609,263.089,423.527,259.474,413.191,133.361
370.000,136.608,380.565,263.746,425.200,260.026,414.635,132.888
370.728,136.239,381.522,264.402,426.872,260.577,416.078,132.414
382.478,265.059,428.545,261.129,417.522,131.941,371.455,135.871
373.439,135.237,382.466,265.165,429.061,261.963,420.034,132.035
375.423,134.602,382.455,265.271,429.577,262.798,422.545,132.129
377.407,133.968,382.444,265.376,430.093,263.632,425.056,132.224
379.390,133.334,382.433,265.482,430.610,264.466,427.567,132.318
381.374,132.699,382.421,265.588,431.126,265.301,430.079,132.412
382.410,265.694,431.642,266.135,432.590,132.506,383.358,132.065
382.399,265.799,432.158,266.969,435.101,132.601,385.342,131.431
382.388,265.905,432.675,267.804,437.612,132.695,387.325,130.796
382.376,266.011,433.191,268.638,440.124,132.789,389.309,130.162
382.365,266.116,433.707,269.472,442.635,132.884,391.293,129.528
383.612,267.052,435.380,270.446,444.500,131.393,392.731,127.998
384.858,267.987,437.053,271.420,446.364,129.901,394.169,126.469
386.104,268.923,438.727,272.394,448.229,128.410,395.607,124.939
387.351,269.859,440.400,273.368,450.094,126.919,397.044,123.410
388.597,270.794,442.073,274.342,451.959,125.428,398.482,121.880
389.843,271.730,443.747,275.316,453.823,123.937,399.920,120.350
391.090,272.665,445.420,276.290,455.688,122.446,401.358,118.821
392.336,273.601,447.093,277.264,457.553,120.955,402.796,117.291
393.582,274.536,448.766,278.238,459.418,119.464,404.234,115.762
396.610,279.834,452.449,283.289,462.390,123.633,406.551,120.178
394.327,276.315,448.456,279.722,458.245,125.904,404.116,122.497
394.302,276.688,449.267,279.833,458.303,124.616,403.338,121.471
394.277,277.061,450.078,279.944,458.361,123.329,402.560,120.446
394.252,277.435,450.889,280.056,458.419,122.041,401.782,119.421
394.226,277.808,451.700,280.167,458.477,120.754,401.004,118.395
394.201,278.181,452.511,280.278,458.535,119.467,400.226,117.370
394.176,278.554,453.322,280.389,458.593,118.179,399.447,116.344
394.151,278.927,454.133,280.500,458.652,116.892,398.669,115.319
394.126,279.301,454.944,280.611,458.710,115.604,397.891,114.294
394.101,279.674,455.756,280.722,458.768,114.317,397.113,113.268
394.075,280.047,456.567,280.833,458.826,113.029,396.335,112.243
394.050,280.420,457.378,280.944,458.884,111.742,395.556,111.217
394.025,280.793,458.189,281.056,458.942,110.454,394.778,110.192
394.000,279.000,459.000,279.000,459.000,107.000,394.000,107.000
394.475,279.412,459.424,279.915,460.775,107.788,395.826,107.285
394.951,279.823,459.848,280.829,462.549,108.577,397.652,107.571
395.426,280.235,460.271,281.744,464.324,109.365,399.479,107.856
395.901,280.646,460.695,282.659,466.099,110.154,401.305,108.141
396.376,281.058,461.119,283.574,467.874,110.942,403.131,108.426
396.852,281.469,461.543,284.488,469.648,111.731,404.957,108.712
397.327,281.881,461.967,285.403,471.423,112.519,406.783,108.997
397.802,282.292,462.390,286.318,473.198,113.308,408.610,109.282
397.517,282.133,463.351,286.277,474.483,109.667,408.649,105.523
397.232,281.973,464.311,286.237,475.768,106.027,408.689,101.763
397.116,283.892,463.033,288.120,474.634,107.358,408.717,103.130
397.000,285.811,461.754,290.003,473.500,108.689,408.746,104.497
396.883,287.730,460.476,291.885,472.367,110.020,408.774,105.865
396.767,289.649,459.198,293.768,471.233,111.351,408.802,107.232
398.492,289.684,460.105,293.901,472.619,111.760,411.006,107.543
400.218,289.719,461.012,294.034,474.004,112.170,413.211,107.854
401.944,289.755,461.918,294.168,475.390,112.579,415.415,108.166
403.669,289.790,462.825,294.301,476.775,112.988,417.619,108.477
405.395,289.825,463.732,294.434,478.161,113.397,419.824,108.788
407.120,289.860,464.638,294.568,479.546,113.806,422.028,109.099
408.846,289.896,465.545,294.701,480.932,114.216,424.233,109.410
410.571,289.931,466.452,294.834,482.317,114.625,426.437,109.721
412.297,289.966,467.359,294.968,483.703,115.034,428.641,110.032
413.082,289.790,467.526,295.055,484.736,117.028,430.293,111.763
413.867,289.614,467.692,295.141,485.770,119.022,431.945,113.495
414.600,288.656,468.641,293.850,485.633,116.909,431.593,111.715
415.333,287.699,469.589,292.559,485.496,114.796,431.240,109.936
416.066,286.741,470.537,291.268,485.359,112.683,430.888,108.156
416.798,285.783,471.486,289.977,485.222,110.570,430.535,106.377
417.531,284.826,472.434,288.686,485.085,108.457,430.183,104.597
418.264,283.868,473.382,287.394,484.949,106.344,429.831,102.818
418.997,282.910,474.330,286.103,484.812,104.231,429.478,101.038
419.729,281.953,475.279,284.812,484.675,102.118,429.126,99.259
420.462,280.995,476.227,283.521,484.538,100.005,428.773,97.479
419.644,283.032,475.117,285.638,483.786,102.065,428.314,99.459
418.826,285.069,474.007,287.755,483.035,104.126,427.854,101.439
418.008,287.106,472.897,289.873,482.283,106.186,427.394,103.419
417.191,289.142,471.788,291.990,481.532,108.247,426.935,105.399
416.373,291.179,470.678,294.107,480.780,110.307,426.475,107.379
415.555,293.216,469.568,296.225,480.029,112.368,426.015,109.359
414.737,295.252,468.458,298.342,479.277,114.428,425.556,111.339
413.919,297.289,467.348,300.459,478.526,116.489,425.096,113.319
413.101,299.326,466.238,302.576,477.774,118.549,424.637,115.299
415.244,299.811,467.862,302.862,478.723,119.606,426.105,116.554
417.386,300.296,469.486,303.149,479.672,120.663,427.573,117.810
419.529,300.781,471.110,303.435,480.621,121.719,429.040,119.065
421.672,301.266,472.734,303.722,481.570,122.776,430.508,120.320
423.814,301.752,474.359,304.008,482.519,123.833,431.976,121.576
425.957,302.237,475.983,304.295,483.469,124.890,433.444,122.831
428.100,302.722,477.607,304.581,484.418,125.946,434.911,124.086
430.242,303.206,479.230,304.867,485.367,127.002,436.378,125.342
430.671,302.922,479.733,304.407,485.279,125.162,436.218,123.676
431.099,302.637,480.235,303.947,485.192,123.322,436.057,122.011
431.528,302.352,480.737,303.487,485.105,121.481,435.896,120.346
431.188,302.567,480.284,304.532,487.787,121.808,438.691,119.843
430.847,302.781,479.831,305.578,490.470,122.136,441.486,119.339
430.506,302.995,479.378,306.623,493.152,122.464,444.281,118.835
430.166,303.209,478.924,307.669,495.834,122.791,447.076,118.331
428.896,303.735,478.760,308.266,495.566,123.572,445.701,119.042
427.626,304.262,478.596,308.863,495.297,124.353,444.327,119.752
426.356,304.788,478.431,309.461,495.029,125.135,442.953,120.462
425.086,305.315,478.267,310.058,494.760,125.916,441.579,121.172
423.816,305.842,478.103,310.656,494.492,126.697,440.205,121.883
422.546,306.368,477.938,311.253,494.223,127.478,438.831,122.593
421.276,306.895,477.774,311.851,493.955,128.259,437.457,123.303
420.006,307.421,477.610,312.448,493.686,129.040,436.083,124.014
418.736,307.948,477.445,313.045,493.417,129.822,434.708,124.724
417.466,308.474,477.281,313.643,493.149,130.603,433.334,125.434
416.197,309.001,477.117,314.240,492.880,131.384,431.960,126.144
414.927,309.527,476.952,314.838,492.612,132.165,430.586,126.855
413.657,310.054,476.788,315.435,492.343,132.946,429.212,127.565
415.147,309.527,477.754,313.366,488.782,131.949,426.175,128.110
416.637,309.001,478.720,311.296,485.220,130.951,423.138,128.656
418.127,308.475,479.685,309.227,481.658,129.954,420.100,129.201
417.063,129.747,419.617,307.948,480.651,307.158,478.097,128.957
414.026,130.292,421.108,307.422,481.617,305.089,474.535,127.959
422.598,306.895,482.583,303.019,470.974,126.962,410.989,130.838
409.238,128.962,420.737,304.876,480.512,301.038,469.013,125.124
407.488,127.086,418.876,302.857,478.440,299.056,467.053,123.286
405.738,125.211,417.015,300.838,476.369,297.075,465.092,121.448
403.987,123.335,415.154,298.819,474.298,295.093,463.131,119.610
402.237,121.460,413.293,296.799,472.227,293.112,461.171,117.772
400.487,119.584,411.432,294.780,470.156,291.130,459.210,115.934
398.737,117.708,409.572,292.761,468.085,289.149,457.250,114.096
407.711,290.742,466.014,287.167,455.289,112.258,396.986,115.833
396.541,113.368,407.268,288.334,465.590,284.759,454.863,109.792
396.095,110.903,406.825,285.927,465.167,282.350,454.436,107.326
395.649,108.438,406.383,283.519,464.743,279.941,454.010,104.860
395.204,105.973,405.940,281.111,464.319,277.533,453.583,102.394
394.758,103.508,405.497,278.704,463.896,275.124,453.157,99.928
397.113,101.043,407.854,276.296,466.272,272.715,455.530,97.462
399.467,98.578,410.212,273.888,468.648,270.307,457.904,94.996
399.821,97.351,410.569,272.719,469.025,269.136,458.277,93.768
400.176,96.124,410.926,271.549,469.401,267.966,458.651,92.541
400.530,94.897,411.284,270.380,469.778,266.795,459.024,91.313
400.884,93.670,411.641,269.210,470.154,265.625,459.398,90.085
401.239,92.443,411.998,268.041,470.530,264.454,459.771,88.857
401.593,91.216,412.355,266.871,470.907,263.284,460.145,87.629
401.794,90.246,412.559,265.958,471.129,262.369,460.364,86.658
401.994,89.275,412.762,265.045,471.352,261.455,460.584,85.686
402.195,88.305,412.966,264.132,471.575,260.541,460.804,84.715
402.395,87.334,413.169,263.218,471.797,259.627,461.023,83.743
402.596,86.364,413.373,262.305,472.020,258.713,461.243,82.772
402.796,85.393,413.576,261.392,472.242,257.799,461.463,81.800
402.997,84.423,413.779,260.479,472.465,256.885,461.682,80.829
403.197,83.452,413.983,259.566,472.687,255.971,461.902,79.857
403.398,82.482,414.186,258.653,472.910,255.056,462.121,78.886
403.598,81.511,414.390,257.739,473.132,254.142,462.341,77.914
403.799,80.541,414.593,256.826,473.355,253.228,462.561,76.943
403.999,79.570,414.797,255.913,473.577,252.314,462.780,75.971
415.000,255.000,473.800,251.400,463.000,75.000,404.200,78.600
405.233,78.950,415.583,255.333,474.475,251.883,464.125,75.500
406.267,79.300,416.167,255.667,475.150,252.367,465.250,76.000
407.300,79.650,416.750,256.000,475.825,252.850,466.375,76.500
408.333,80.000,417.333,256.333,476.500,253.333,467.500,77.000
409.367,80.350,417.917,256.667,477.175,253.817,468.625,77.500
410.400,80.700,418.500,257.000,477.850,254.300,469.750,78.000
411.433,81.050,419.083,257.333,478.525,254.783,470.875,78.500
412.467,81.400,419.667,257.667,479.200,255.267,472.000,79.000
412.937,83.063,419.688,259.312,479.312,257.062,472.562,80.813
413.408,84.725,419.708,260.958,479.425,258.858,473.125,82.625
413.879,86.388,419.729,262.604,479.537,260.654,473.687,84.438
414.350,88.050,419.750,264.250,479.650,262.450,474.250,86.250
414.821,89.713,419.771,265.896,479.762,264.246,474.812,88.063
415.292,91.375,419.792,267.542,479.875,266.042,475.375,89.875
415.762,93.038,419.813,269.187,479.987,267.837,475.937,91.688
416.233,94.700,419.833,270.833,480.100,269.633,476.500,93.500
416.704,96.363,419.854,272.479,480.212,271.429,477.062,95.313
417.175,98.025,419.875,274.125,480.325,273.225,477.625,97.125
417.646,99.688,419.896,275.771,480.437,275.021,478.187,98.938
418.117,101.350,419.917,277.417,480.550,276.817,478.750,100.750
418.587,103.013,419.938,279.062,480.662,278.612,479.312,102.563
419.058,104.675,419.958,280.708,480.775,280.408,479.875,104.375
419.529,106.338,419.979,282.354,480.887,282.204,480.437,106.188
420.000,284.000,481.000,284.000,481.000,108.000,420.000,108.000
419.444,286.333,480.111,286.333,480.111,110.222,419.444,110.222
418.889,288.667,479.222,288.667,479.222,112.444,418.889,112.444
418.333,291.000,478.333,291.000,478.333,114.667,418.333,114.667
417.778,293.333,477.444,293.333,477.444,116.889,417.778,116.889
417.222,295.667,476.556,295.667,476.556,119.111,417.222,119.111
416.667,298.000,475.667,298.000,475.667,121.333,416.667,121.333
416.111,300.333,474.778,300.333,474.778,123.556,416.111,123.556
415.556,302.667,473.889,302.667,473.889,125.778,415.556,125.778
415.000,305.000,473.000,305.000,473.000,128.000,415.000,128.000
415.406,305.549,473.384,305.549,473.384,128.682,415.406,128.682
415.813,306.098,473.768,306.098,473.768,129.365,415.813,129.365
416.219,306.647,474.152,306.647,474.152,130.047,416.219,130.047
416.625,307.196,474.537,307.196,474.537,130.729,416.625,130.729
417.031,307.745,474.921,307.745,474.921,131.411,417.031,131.411
417.438,308.294,475.305,308.294,475.305,132.094,417.438,132.094
417.844,308.843,475.689,308.843,475.689,132.776,417.844,132.776
417.322,308.773,475.144,308.773,475.144,132.839,417.322,132.839
416.800,308.703,474.600,308.703,474.600,132.903,416.800,132.903
416.277,308.632,474.055,308.632,474.055,132.966,416.277,132.966
415.755,308.562,473.511,308.562,473.511,133.029,415.755,133.029
415.233,308.492,472.966,308.492,472.966,133.093,415.233,133.093
414.711,308.422,472.422,308.422,472.422,133.156,414.711,133.156
414.998,308.411,472.153,308.571,472.726,133.195,415.571,133.035
415.285,308.400,471.884,308.720,473.031,133.234,416.431,132.914
415.571,308.390,471.615,308.870,473.335,133.273,417.292,132.793
415.858,308.379,471.346,309.019,473.639,133.312,418.152,132.672
416.145,308.368,471.077,309.168,473.944,133.351,419.012,132.551
416.432,308.357,470.807,309.317,474.248,133.390,419.872,132.429
416.718,308.346,470.538,309.467,474.553,133.429,420.733,132.308
417.005,308.336,470.269,309.616,474.857,133.468,421.593,132.187
417.292,308.325,470.000,309.765,475.161,133.507,422.453,132.066
417.579,308.314,469.731,309.914,475.466,133.545,423.313,131.945
417.865,308.303,469.462,310.063,475.770,133.584,424.174,131.824
418.152,308.292,469.193,310.213,476.074,133.623,425.034,131.703
418.439,308.281,468.924,310.362,476.379,133.662,425.894,131.582
418.726,308.271,468.655,310.511,476.683,133.701,426.754,131.461
419.012,308.260,468.386,310.660,476.988,133.740,427.614,131.340
418.718,307.950,468.539,310.210,476.635,133.638,426.814,131.378
418.423,307.641,468.693,309.759,476.283,133.535,426.013,131.417
418.128,307.332,468.847,309.309,475.931,133.433,425.212,131.456
417.833,307.022,469.001,308.858,475.579,133.331,424.411,131.495
417.538,306.713,469.155,308.407,475.226,133.228,423.610,131.534
417.243,306.403,469.308,307.957,474.874,133.126,422.809,131.573
416.949,306.094,469.462,307.506,474.522,133.024,422.008,131.612
416.654,305.785,469.616,307.055,474.170,132.921,421.208,131.650
416.359,305.475,469.770,306.605,473.818,132.819,420.407,131.689
416.064,305.166,469.923,306.154,473.465,132.717,419.606,131.728
415.769,304.856,470.077,305.704,473.113,132.614,418.805,131.767
415.474,304.547,470.231,305.253,472.761,132.512,418.004,131.806
415.179,304.238,470.385,304.802,472.409,132.409,417.203,131.845
414.885,303.928,470.539,304.352,472.057,132.307,416.403,131.883
414.590,303.619,470.692,303.901,471.704,132.205,415.602,131.922
414.295,303.309,470.846,303.451,471.352,132.102,414.801,131.961
414.000,303.000,471.000,303.000,471.000,132.000,414.000,132.000
413.563,132.467,414.236,303.355,470.865,303.177,470.193,132.289
413.127,132.934,414.471,303.710,470.730,303.355,469.386,132.579
412.690,133.401,414.707,304.065,470.596,303.532,468.579,132.868
412.253,133.868,414.942,304.421,470.461,303.710,467.772,133.157
411.817,134.335,415.178,304.776,470.326,303.887,466.965,133.447
411.380,134.802,415.414,305.131,470.191,304.064,466.158,133.736
410.943,135.269,415.649,305.486,470.057,304.242,465.351,134.025
410.507,135.736,415.885,305.841,469.922,304.419,464.544,134.315
410.070,136.203,416.120,306.196,469.787,304.597,463.737,134.604
410.139,136.486,416.693,306.377,470.004,304.646,463.450,134.755
410.208,136.768,417.265,306.557,470.221,304.696,463.164,134.906
410.277,137.050,417.837,306.738,470.437,304.746,462.877,135.058
410.346,137.332,418.409,306.918,470.654,304.795,462.591,135.209
410.414,137.614,418.982,307.099,470.871,304.845,462.304,135.360
410.483,137.896,419.554,307.280,471.088,304.895,462.018,135.512
410.552,138.178,420.126,307.460,471.305,304.945,461.731,135.663
410.621,138.461,420.698,307.641,471.522,304.994,461.444,135.814
410.690,138.743,421.271,307.821,471.738,305.044,461.158,135.965
410.759,139.025,421.843,308.002,471.955,305.094,460.871,136.117
410.828,139.307,422.415,308.183,472.172,305.143,460.585,136.268
410.897,139.589,422.987,308.363,472.389,305.193,460.298,136.419
410.966,139.871,423.560,308.544,472.606,305.243,460.012,136.571
411.035,140.154,424.132,308.724,472.823,305.293,459.725,136.722
409.779,139.713,423.890,309.153,472.506,305.446,458.396,136.006
408.524,139.273,423.648,309.582,472.190,305.598,457.067,135.290
407.269,138.833,423.406,310.011,471.874,305.751,455.737,134.573
406.014,138.393,423.164,310.440,471.558,305.904,454.408,133.857
404.758,137.953,422.921,310.869,471.241,306.057,453.079,133.141
403.503,137.513,422.679,311.298,470.925,306.210,451.749,132.425
402.248,137.073,422.437,311.727,470.609,306.363,450.420,131.709
400.993,136.633,422.195,312.156,470.293,306.516,449.090,130.993
399.738,136.192,421.953,312.585,469.977,306.669,447.761,130.276
398.482,135.752,421.711,313.014,469.660,306.822,446.432,129.560
397.227,135.312,421.469,313.443,469.344,306.975,445.102,128.844
421.227,313.872,469.028,307.128,443.773,128.128,395.972,134.872
395.303,134.160,420.620,313.144,469.864,306.173,444.547,127.189
394.634,133.449,420.014,312.416,470.700,305.218,445.320,126.250
393.965,132.737,419.407,311.689,471.535,304.263,446.093,125.311
393.295,132.025,418.801,310.961,472.371,303.308,446.866,124.372
392.626,131.314,418.194,310.233,473.207,302.353,447.639,123.434
391.957,130.602,417.588,309.505,474.043,301.398,448.412,122.495
391.288,129.890,416.982,308.777,474.879,300.443,449.185,121.556
390.618,129.179,416.375,308.050,475.715,299.488,449.958,120.617
389.949,128.467,415.769,307.322,476.551,298.533,450.731,119.678
389.280,127.755,415.162,306.594,477.387,297.578,451.504,118.739
388.611,127.044,414.556,305.866,478.222,296.623,452.277,117.801
413.950,305.138,479.058,295.668,453.050,116.862,387.942,126.332
387.101,125.244,412.328,303.816,476.899,294.672,451.672,116.101
386.260,124.156,410.706,302.493,474.740,293.677,450.294,115.340
385.419,123.069,409.084,301.170,472.581,292.681,448.916,114.580
384.578,121.981,407.462,299.848,470.422,291.686,447.538,113.819
383.737,120.893,405.840,298.525,468.263,290.690,446.160,113.058
382.896,119.805,404.218,297.202,466.104,289.695,444.782,112.298
382.055,118.718,402.596,295.880,463.945,288.699,443.404,111.537
381.214,117.630,400.974,294.557,461.786,287.703,442.026,110.776
380.373,116.542,399.352,293.235,459.627,286.708,440.648,110.015
379.532,115.454,397.731,291.912,457.468,285.712,439.269,109.255
378.692,114.367,396.109,290.589,455.308,284.717,437.891,108.494
394.487,289.267,453.149,283.721,436.513,107.733,377.851,113.279
376.970,115.183,393.159,289.185,452.151,283.696,435.961,109.694
376.089,117.086,391.831,289.103,451.153,283.671,435.410,111.654
375.208,118.990,390.505,289.021,450.155,283.646,434.859,113.615
371.803,119.039,387.296,289.187,448.015,283.642,432.521,113.495
368.398,119.089,384.089,289.352,445.874,283.638,430.183,113.375
364.993,119.138,380.881,289.517,443.733,283.634,427.845,113.255
361.589,119.188,377.674,289.683,441.593,283.630,425.507,113.135
358.184,119.237,374.466,289.848,439.452,283.626,423.169,113.015
354.779,119.287,371.259,290.013,437.311,283.622,420.832,112.896
351.375,119.336,368.051,290.179,435.171,283.618,418.494,112.776
364.844,290.344,433.030,283.614,416.156,112.656,347.970,119.386
348.973,118.948,364.160,290.409,431.527,284.352,416.340,112.891
349.976,118.509,363.476,290.475,430.024,285.091,416.524,113.125
350.979,118.070,362.791,290.541,428.521,285.830,416.709,113.359
351.982,117.632,362.107,290.606,427.018,286.568,416.893,113.594
352.985,117.193,361.422,290.672,425.515,287.307,417.078,113.828
353.988,116.755,360.738,290.738,424.012,288.045,417.262,114.062
354.991,116.316,360.053,290.803,422.509,288.784,417.447,114.297
355.994,115.877,359.369,290.869,421.006,289.523,417.631,114.531
356.997,115.439,358.684,290.934,419.503,290.261,417.816,114.766
358.000,291.000,418.000,291.000,418.000,115.000,358.000,115.000
359.375,292.625,419.500,292.625,419.500,117.000,359.375,117.000
360.750,294.250,421.000,294.250,421.000,119.000,360.750,119.000
362.125,295.875,422.500,295.875,422.500,121.000,362.125,121.000
363.500,297.500,424.000,297.500,424.000,123.000,363.500,123.000
364.875,299.125,425.500,299.125,425.500,125.000,364.875,125.000
366.250,300.750,427.000,300.750,427.000,127.000,366.250,127.000
367.625,302.375,428.500,302.375,428.500,129.000,367.625,129.000
369.000,304.000,430.000,304.000,430.000,131.000,369.000,131.000
369.946,305.411,431.161,305.411,431.161,132.554,369.946,132.554
370.893,306.822,432.322,306.822,432.322,134.107,370.893,134.107
371.839,308.232,433.482,308.232,433.482,135.661,371.839,135.661
372.786,309.643,434.643,309.643,434.643,137.215,372.786,137.215
373.732,311.054,435.804,311.054,435.804,138.768,373.732,138.768
374.678,312.465,436.965,312.465,436.965,140.322,374.678,140.322
375.625,313.875,438.125,313.875,438.125,141.875,375.625,141.875
376.571,315.286,439.286,315.286,439.286,143.429,376.571,143.429
377.809,316.405,440.738,316.405,440.738,144.691,377.809,144.691
379.047,317.524,442.191,317.524,442.191,145.953,379.047,145.953
380.286,318.643,443.643,318.643,443.643,147.215,380.286,147.215
381.524,319.762,445.095,319.762,445.095,148.476,381.524,148.476
382.762,320.881,446.548,320.881,446.548,149.738,382.762,149.738
384.000,322.000,448.000,322.000,448.000,151.000,384.000,151.000
385.603,155.261,385.863,321.465,449.330,321.406,449.071,155.202
387.207,159.522,387.725,320.929,450.660,320.811,450.142,159.404
388.810,163.783,389.588,320.394,451.990,320.217,451.212,163.606
390.414,168.044,391.450,319.858,453.320,319.623,452.283,167.808
392.017,172.305,393.313,319.323,454.649,319.028,453.354,172.010
395.175,318.788,455.979,318.434,454.425,176.212,393.621,176.566
390.885,318.120,453.563,319.457,455.815,176.380,393.137,175.043
386.594,317.452,451.148,320.481,457.206,176.548,392.652,173.519
382.304,316.785,448.732,321.504,458.596,176.715,392.168,171.996
378.013,316.117,446.316,322.528,459.987,176.883,391.684,170.472
377.629,316.883,445.886,323.486,460.121,176.617,391.864,170.014
377.245,317.648,445.456,324.443,460.255,176.352,392.044,169.557
376.861,318.413,445.025,325.401,460.389,176.087,392.225,169.099
376.476,319.178,444.595,326.358,460.524,175.822,392.405,168.642
376.092,319.943,444.165,327.315,460.658,175.557,392.585,168.185
375.708,320.708,443.735,328.273,460.792,175.292,392.765,167.727
375.324,321.473,443.304,329.230,460.926,175.027,392.946,167.270
374.939,322.239,442.874,330.188,461.061,174.761,393.126,166.812
376.093,321.522,444.151,327.121,457.357,173.228,389.299,167.628
377.246,320.806,445.428,324.055,453.654,171.694,385.472,168.445
378.400,320.089,446.706,320.989,449.950,170.161,381.644,169.261
377.817,170.078,379.554,319.373,447.983,317.922,446.246,168.627
373.990,170.894,380.707,318.656,449.260,314.856,442.543,167.094
370.163,171.711,381.861,317.939,450.537,311.789,438.839,165.561
366.336,172.527,383.014,317.223,451.814,308.723,435.136,164.027
362.509,173.344,384.168,316.506,453.091,305.656,431.432,162.494
359.578,171.976,384.551,315.927,454.722,303.524,429.749,159.573
384.934,315.348,456.352,301.391,428.066,156.652,356.648,170.609
356.981,167.039,383.780,312.873,454.304,299.818,427.506,153.985
357.314,163.470,382.625,310.397,452.257,298.244,426.946,151.317
357.647,159.901,381.471,307.921,450.210,296.670,426.387,148.650
357.980,156.332,380.316,305.446,448.163,295.097,425.827,145.983
358.313,152.763,379.162,302.970,446.116,293.523,425.267,143.316
358.646,149.194,378.007,300.494,444.068,291.949,424.707,140.648
376.853,298.019,442.021,290.375,424.147,137.981,358.979,145.625
359.258,143.572,377.271,295.426,441.908,287.761,423.896,135.907
359.538,141.520,377.689,292.833,441.796,285.146,423.645,133.833
359.817,139.468,378.107,290.240,441.683,282.532,423.393,131.760
360.096,137.416,378.525,287.648,441.570,279.917,423.142,129.686
360.376,135.364,378.943,285.055,441.458,277.303,422.891,127.612
379.361,282.462,441.345,274.688,422.639,125.538,360.655,133.312
365.300,133.257,382.657,280.990,439.700,274.143,422.343,126.410
369.944,133.202,385.954,279.518,438.056,273.598,422.046,127.282
374.589,133.148,389.250,278.046,436.411,273.052,421.750,128.154
379.234,133.093,392.546,276.573,434.766,272.507,421.454,129.027
395.843,275.101,433.122,271.961,421.157,129.899,383.878,133.039
382.592,131.729,394.304,274.033,433.008,270.871,421.296,128.567
381.306,130.419,392.765,272.966,432.894,269.781,421.435,127.234
380.020,129.109,391.226,271.898,432.780,268.691,421.574,125.902
378.735,127.800,389.687,270.830,432.665,267.600,421.713,124.570
377.449,126.490,388.148,269.762,432.551,266.510,421.852,123.238
376.163,125.180,386.609,268.694,432.437,265.420,421.991,121.906
374.877,123.871,385.070,267.626,432.323,264.329,422.130,120.574
373.591,122.561,383.531,266.559,432.209,263.239,422.269,119.241
372.305,121.251,381.992,265.491,432.095,262.149,422.408,117.909
380.452,264.423,431.981,261.059,422.548,116.577,371.019,119.941
370.302,120.521,378.388,263.791,430.984,260.907,422.898,117.637
369.585,121.101,376.323,263.159,429.986,260.756,423.248,118.698
368.868,121.681,374.259,262.527,428.989,260.605,423.599,119.758
368.151,122.261,372.194,261.896,427.992,260.454,423.949,120.819
367.434,122.840,370.129,261.264,426.995,260.302,424.299,121.879
366.717,123.420,368.065,260.632,425.997,260.151,424.650,122.940
366.000,260.000,425.000,260.000,425.000,124.000,366.000,124.000
364.861,259.528,423.972,259.528,423.972,122.972,364.861,122.972
363.722,259.055,422.945,259.055,422.945,121.945,363.722,121.945
362.583,258.583,421.917,258.583,421.917,120.917,362.583,120.917
361.444,258.111,420.889,258.111,420.889,119.889,361.444,119.889
360.127,258.246,419.683,258.246,419.683,119.468,360.127,119.468
358.809,258.381,418.476,258.381,418.476,119.048,358.809,119.048
357.492,258.516,417.270,258.516,417.270,118.627,357.492,118.627
356.174,258.651,416.064,258.651,416.064,118.206,356.174,118.206
355.557,260.186,415.557,260.186,415.557,119.186,355.557,119.186
354.939,261.721,415.051,261.721,415.051,120.165,354.939,120.165
354.322,263.255,414.545,263.255,414.545,121.145,354.322,121.145
353.705,264.790,414.038,264.790,414.038,122.124,353.705,122.124
353.087,266.325,413.532,266.325,413.532,123.103,353.087,123.103
352.470,267.860,413.025,267.860,413.025,124.083,352.470,124.083
351.852,269.395,412.519,269.395,412.519,125.062,351.852,125.062
351.235,270.930,412.013,270.930,412.013,126.041,351.235,126.041
350.617,272.465,411.506,272.465,411.506,127.021,350.617,127.021
350.000,274.000,411.000,274.000,411.000,128.000,350.000,128.000
349.163,275.323,409.554,276.224,411.722,131.561,351.331,130.660
348.325,276.646,408.108,278.448,412.444,135.123,352.662,133.321
347.488,277.969,406.663,280.672,413.167,138.684,353.992,135.981
346.650,279.293,405.216,282.896,413.889,142.245,355.322,138.642
346.131,280.549,404.005,284.314,413.070,145.206,355.197,141.442
345.612,281.806,402.794,285.732,412.252,148.168,355.070,144.242
345.092,283.063,401.582,287.150,411.434,151.129,354.944,147.042
344.573,284.320,400.371,288.568,410.615,154.090,354.818,149.842
344.528,285.652,400.635,289.625,410.223,154.276,354.115,150.303
344.483,286.984,400.900,290.683,409.830,154.462,353.413,150.763
344.438,288.317,401.165,291.740,409.437,154.647,352.711,151.224
344.393,289.649,401.429,292.798,409.045,154.833,352.008,151.684
344.348,290.981,401.694,293.855,408.652,155.019,351.306,152.145
343.639,291.482,400.963,294.177,407.486,155.705,350.162,153.011
342.930,291.984,400.232,294.498,406.320,156.391,349.018,153.877
342.220,292.485,399.501,294.820,405.155,157.078,347.874,154.743
341.511,292.986,398.770,295.141,403.989,157.764,346.730,155.609
340.802,293.487,398.039,295.463,402.823,158.450,345.586,156.475
340.093,293.988,397.308,295.785,401.657,159.137,344.442,157.340
339.383,294.489,396.578,296.106,400.492,159.823,343.297,158.206
338.674,294.991,395.847,296.428,399.326,160.509,342.153,159.072
337.965,295.492,395.116,296.749,398.160,161.196,341.009,159.938
337.256,295.993,394.385,297.071,396.994,161.882,339.865,160.804
336.546,296.494,393.654,297.392,395.829,162.568,338.721,161.670
335.837,296.995,392.923,297.714,394.663,163.255,337.577,162.536
335.128,297.496,392.193,298.035,393.497,163.941,336.432,163.402
334.419,297.998,391.462,298.357,392.331,164.627,335.288,164.268
333.709,298.499,390.731,298.678,391.166,165.314,334.144,165.134
333.000,299.000,390.000,299.000,390.000,166.000,333.000,166.000
331.250,299.250,388.063,299.250,388.063,167.000,331.250,167.000
329.500,299.500,386.125,299.500,386.125,168.000,329.500,168.000
327.750,299.750,384.188,299.750,384.188,169.000,327.750,169.000
326.000,300.000,382.250,300.000,382.250,170.000,326.000,170.000
324.250,300.250,380.313,300.250,380.313,171.000,324.250,171.000
322.500,300.500,378.375,300.500,378.375,172.000,322.500,172.000
320.750,300.750,376.438,300.750,376.438,173.000,320.750,173.000
319.000,301.000,374.500,301.000,374.500,174.000,319.000,174.000
317.250,301.250,372.563,301.250,372.563,175.000,317.250,175.000
315.500,301.500,370.625,301.500,370.625,176.000,315.500,176.000
313.750,301.750,368.688,301.750,368.688,177.000,313.750,177.000
312.000,302.000,366.750,302.000,366.750,178.000,312.000,178.000
310.250,302.250,364.813,302.250,364.813,179.000,310.250,179.000
308.500,302.500,362.875,302.500,362.875,180.000,308.500,180.000
306.750,302.750,360.938,302.750,360.938,181.000,306.750,181.000
305.000,303.000,359.000,303.000,359.000,182.000,305.000,182.000
302.400,303.633,356.300,303.633,356.300,182.033,302.400,182.033
299.800,304.267,353.600,304.267,353.600,182.067,299.800,182.067
297.200,304.900,350.900,304.900,350.900,182.100,297.200,182.100
294.600,305.057,348.200,305.057,348.200,181.657,294.600,181.657
292.000,305.214,345.500,305.214,345.500,181.214,292.000,181.214
289.400,305.371,342.800,305.371,342.800,180.771,289.400,180.771
286.800,305.529,340.100,305.529,340.100,180.329,286.800,180.329
284.200,305.686,337.400,305.686,337.400,179.886,284.200,179.886
281.600,305.843,334.700,305.843,334.700,179.443,281.600,179.443
279.000,306.000,332.000,306.000,332.000,179.000,279.000,179.000
276.467,306.149,329.500,306.245,329.716,180.234,276.683,180.138
273.935,306.298,327.001,306.491,327.432,181.469,274.366,181.276
271.402,306.447,324.501,306.736,325.148,182.703,272.049,182.414
268.870,306.596,322.002,306.981,322.864,183.937,269.732,183.552
266.337,306.745,319.502,307.227,320.579,185.172,267.414,184.690
263.805,306.894,317.003,307.472,318.295,186.406,265.097,185.828
261.272,307.043,314.503,307.718,316.011,187.640,262.780,186.966
258.740,307.192,312.004,307.963,313.727,188.875,260.463,188.104
255.924,307.273,309.365,308.096,311.190,189.642,257.749,188.818
253.109,307.354,306.727,308.229,308.653,190.408,255.035,189.533
250.294,307.435,304.088,308.362,306.116,191.175,252.321,190.247
247.478,307.515,301.450,308.496,303.579,191.942,249.607,190.962
244.663,307.596,298.812,308.629,301.042,192.709,246.893,191.676
241.213,307.446,295.763,309.512,300.140,193.706,245.589,191.641
237.762,307.296,292.715,310.395,299.238,194.704,244.285,191.605
235.787,307.359,290.114,310.540,296.838,195.641,242.511,192.460
233.812,307.421,287.512,310.685,294.438,196.579,240.738,193.315
231.872,307.448,285.207,310.407,291.503,196.552,238.168,193.593
229.932,307.475,282.902,310.129,288.568,196.525,235.598,193.871
227.991,307.502,280.596,309.850,285.634,196.498,233.029,194.150
226.051,307.529,278.291,309.572,282.699,196.471,230.459,194.428
223.441,307.831,275.473,310.343,280.934,197.169,228.902,194.657
220.831,308.133,272.656,311.114,279.169,197.867,227.344,194.886
