214.070,139.220,302.760,139.490,302.600,191.220,213.910,190.950
210.030,142.440,301.490,135.670,305.460,189.260,214.000,196.040
208.340,141.730,301.830,139.850,302.850,190.800,209.370,192.680
205.100,144.340,299.050,136.840,303.170,188.380,209.210,195.880
206.390,141.730,303.500,144.610,302.100,191.730,205.000,188.850
202.580,142.720,299.240,145.940,297.650,193.460,200.990,190.230
199.800,140.760,297.430,143.860,295.860,193.440,198.230,190.340
199.620,142.180,298.190,146.930,295.860,195.180,197.290,190.430
199.010,140.830,299.230,149.190,295.100,198.760,194.880,190.410
195.490,141.080,296.330,150.290,291.980,197.940,191.140,188.730
197.180,144.150,295.340,148.370,293.250,197.000,195.080,192.780
190.500,144.660,292.700,146.750,291.640,198.500,189.440,196.420
189.020,147.350,291.650,145.750,292.430,195.360,189.790,196.960
187.150,150.550,287.000,146.250,289.090,194.650,189.240,198.960
187.050,149.360,286.720,149.660,286.570,198.250,186.910,197.940
186.300,150.270,290.920,151.320,290.420,200.810,185.810,199.760
179.780,156.110,284.360,145.830,289.290,196.010,184.710,206.280
180.140,153.110,287.360,150.130,288.840,203.390,181.620,206.370
178.320,153.940,287.520,151.280,288.790,203.420,179.590,206.080
175.590,158.600,286.020,149.510,290.160,199.830,179.730,208.920
176.210,155.210,288.180,152.370,289.490,204.220,177.530,207.060
175.700,154.460,289.110,154.160,289.260,209.850,175.850,210.150
176.540,157.520,286.250,153.350,288.410,210.280,178.700,214.460
176.020,156.620,286.010,157.490,285.560,213.710,175.570,212.830
173.200,163.980,280.810,154.460,285.680,209.490,178.070,219.010
171.110,162.540,280.450,159.650,281.860,213.230,172.520,216.120
167.430,163.310,280.280,158.210,282.690,211.640,169.840,216.740
167.840,162.790,280.250,159.280,281.920,212.760,169.510,216.260
165.850,157.610,277.470,162.840,274.850,218.620,163.230,213.390
162.280,166.650,270.440,159.770,273.800,212.570,165.640,219.460
163.980,166.590,270.960,161.830,273.280,214.100,166.310,218.860
160.900,167.470,271.030,163.860,272.700,214.630,162.560,218.240
159.010,168.210,266.210,163.100,268.680,214.920,161.480,220.030
150.910,170.170,259.900,161.880,264.060,216.590,155.070,224.880
152.270,166.830,259.260,164.400,260.530,220.240,153.540,222.670
152.150,168.330,258.940,168.150,259.030,221.140,152.230,221.320
155.460,168.180,258.840,170.400,257.700,223.500,154.320,221.280
155.670,168.430,257.880,172.410,255.810,225.560,153.600,221.580
156.220,170.720,259.400,179.850,255.080,228.670,151.900,219.540
154.960,167.600,256.830,174.650,253.380,224.480,151.520,217.440
156.130,166.020,253.830,172.890,250.350,222.410,152.650,215.550
155.350,167.640,253.270,168.550,252.800,218.880,154.880,217.970
152.280,165.090,251.840,167.230,250.750,218.040,151.180,215.900
154.380,162.860,253.960,170.750,250.070,219.930,150.490,212.050
156.200,163.980,252.050,168.660,249.550,219.790,153.700,215.110
154.740,161.620,251.000,165.930,248.710,217.100,152.450,212.780
157.560,162.930,252.030,170.240,248.210,219.610,153.740,212.300
156.860,162.290,251.390,168.720,247.870,220.400,153.350,213.970
158.800,161.210,250.840,170.820,245.520,221.830,153.470,212.220
161.260,160.410,250.700,171.140,244.530,222.550,155.090,211.810
159.400,160.350,250.040,170.830,244.170,221.620,153.520,211.130
160.500,160.990,249.230,168.540,244.660,222.190,155.930,214.640
160.260,160.920,248.590,172.170,242.050,223.500,153.720,212.250
159.700,163.590,248.060,173.030,242.620,223.980,154.260,214.540
161.040,161.250,247.330,170.740,241.650,222.400,155.360,212.910
160.260,162.250,247.130,169.520,242.730,222.050,155.860,214.780
160.600,163.240,246.370,169.730,242.440,221.670,156.670,215.180
162.410,163.130,245.470,169.260,241.710,220.310,158.640,214.180
162.910,162.200,246.250,169.210,241.840,221.590,158.510,214.580
161.000,165.000,238.000,165.000,238.000,219.000,161.000,219.000
163.580,161.890,240.150,167.570,236.250,220.230,159.680,214.560
165.780,160.020,242.960,167.810,237.720,219.820,160.530,212.030
166.130,161.910,240.000,168.980,234.950,221.770,161.080,214.700
165.230,162.570,238.380,167.660,234.760,219.680,161.620,214.590
168.280,162.460,240.770,170.220,235.240,221.920,162.750,214.160
164.670,164.300,238.870,165.290,238.160,218.350,163.960,217.360
164.440,164.710,241.110,164.770,241.080,219.610,164.410,219.550
167.880,161.640,241.950,165.060,239.380,220.600,165.320,217.170
172.400,159.370,244.610,176.200,233.610,223.400,161.400,206.580
172.370,159.200,247.770,179.210,235.080,227.000,159.680,206.990
168.560,159.280,246.750,174.330,237.310,223.350,159.120,208.300
168.700,158.200,248.640,179.600,236.120,226.360,156.180,204.960
164.900,160.900,241.010,171.650,234.050,220.960,157.940,210.210
167.650,158.420,246.970,179.420,234.960,224.770,155.640,203.770
166.480,159.200,246.490,179.490,235.080,224.520,155.060,204.230
164.140,159.860,246.610,176.140,237.270,223.430,154.810,207.150
160.630,162.160,242.060,170.040,237.080,221.460,155.650,213.580
156.970,162.640,238.080,166.320,235.660,219.390,154.560,215.710
165.760,156.460,239.950,186.640,222.330,229.960,148.140,199.790
157.510,161.410,233.160,168.290,228.480,219.680,152.840,212.800
153.810,162.590,226.550,163.390,225.950,217.330,153.220,216.530
162.280,156.050,231.730,184.800,213.900,227.870,144.450,199.110
151.980,163.580,219.570,161.030,221.610,215.180,154.020,217.730
151.940,163.220,215.930,163.060,216.070,216.060,152.070,216.220
150.720,162.890,216.120,166.350,213.490,216.030,148.090,212.580
148.290,162.820,213.740,163.750,212.970,217.330,147.520,216.390
148.180,163.190,212.260,164.430,211.230,217.410,147.160,216.170
137.680,191.940,165.480,153.550,216.030,190.160,188.230,228.550
148.460,163.360,208.640,164.150,207.950,217.200,147.770,216.410
148.000,162.000,208.000,162.000,208.000,217.000,148.000,217.000
150.640,160.510,213.810,169.520,206.600,220.050,143.430,211.040
136.310,192.170,163.000,157.280,216.610,198.280,189.910,233.180
135.170,192.820,159.300,157.410,214.350,194.940,190.220,230.340
135.780,193.870,160.410,159.050,211.560,195.220,186.930,230.050
158.670,160.130,213.540,190.190,192.110,229.300,137.240,199.240
157.880,160.320,213.400,188.570,193.070,228.500,137.560,200.250
158.950,159.370,213.500,190.660,191.450,229.110,136.900,197.820
139.640,175.880,171.920,158.090,200.370,209.690,168.090,227.490
161.860,159.290,217.100,191.180,195.060,229.360,139.820,197.460
161.410,160.850,220.230,187.090,201.760,228.490,142.940,202.250
161.860,159.070,223.700,186.280,204.790,229.250,142.960,202.040
162.590,158.530,225.380,186.030,206.030,230.200,143.240,202.700
166.250,156.780,229.470,187.810,208.270,231.000,145.050,199.960
158.000,219.000,202.000,219.000,202.000,161.000,158.000,161.000
150.345,210.105,204.865,222.895,214.760,168.735,160.240,155.945
162.480,150.890,227.520,176.470,207.730,226.790,142.690,201.210
161.000,221.000,206.000,221.000,206.000,160.000,161.000,160.000
161.250,222.000,205.250,222.000,205.250,159.500,161.250,159.500
161.500,223.000,204.500,223.000,204.500,159.000,161.500,159.000
161.750,224.000,203.750,224.000,203.750,158.500,161.750,158.500
162.000,225.000,203.000,225.000,203.000,158.000,162.000,158.000
162.750,224.500,200.000,224.500,200.000,157.750,162.750,157.750
163.500,224.000,197.000,224.000,197.000,157.500,163.500,157.500
164.250,223.500,194.000,223.500,194.000,157.250,164.250,157.250
165.000,223.000,191.000,223.000,191.000,157.000,165.000,157.000
164.200,223.400,192.400,223.400,192.400,156.000,164.200,156.000
163.400,223.800,193.800,223.800,193.800,155.000,163.400,155.000
162.600,224.200,195.200,224.200,195.200,154.000,162.600,154.000
161.800,224.600,196.600,224.600,196.600,153.000,161.800,153.000
161.000,225.000,198.000,225.000,198.000,152.000,161.000,152.000
165.000,160.000,193.000,160.000,193.000,215.000,165.000,215.000
168.000,161.000,193.000,161.000,193.000,215.000,168.000,215.000
168.000,161.000,194.000,161.000,194.000,214.000,168.000,214.000
166.000,160.000,193.000,160.000,193.000,215.000,166.000,215.000
166.000,160.000,197.000,160.000,197.000,216.000,166.000,216.000
168.000,161.000,196.000,161.000,196.000,218.000,168.000,218.000
168.000,163.000,197.000,163.000,197.000,218.000,168.000,218.000
170.000,163.000,197.000,163.000,197.000,215.000,170.000,215.000
168.000,160.000,196.000,160.000,196.000,212.000,168.000,212.000
168.000,163.000,196.000,163.000,196.000,211.000,168.000,211.000
168.000,162.000,195.000,162.000,195.000,213.000,168.000,213.000
171.000,166.000,197.000,166.000,197.000,217.000,171.000,217.000
172.000,164.000,198.000,164.000,198.000,214.000,172.000,214.000
171.000,160.000,198.000,160.000,198.000,216.000,171.000,216.000
173.000,161.000,199.000,161.000,199.000,211.000,173.000,211.000
175.000,162.000,201.000,162.000,201.000,216.000,175.000,216.000
175.000,161.000,203.000,161.000,203.000,213.000,175.000,213.000
175.000,161.000,201.000,161.000,201.000,211.000,175.000,211.000
176.000,162.000,205.000,162.000,205.000,209.000,176.000,209.000
178.000,160.000,207.000,160.000,207.000,206.000,178.000,206.000
176.000,159.000,208.000,159.000,208.000,207.000,176.000,207.000
179.000,160.000,209.000,160.000,209.000,211.000,179.000,211.000
177.000,164.000,214.000,164.000,214.000,208.000,177.000,208.000
178.000,162.000,214.000,162.000,214.000,206.000,178.000,206.000
178.000,161.000,216.000,161.000,216.000,209.000,178.000,209.000
177.000,163.000,218.000,163.000,218.000,211.000,177.000,211.000
182.000,163.000,222.000,163.000,222.000,212.000,182.000,212.000
179.000,166.000,222.000,166.000,222.000,211.000,179.000,211.000
179.000,165.000,222.000,165.000,222.000,210.000,179.000,210.000
180.000,165.000,224.000,165.000,224.000,216.000,180.000,216.000
180.000,168.000,224.000,168.000,224.000,212.000,180.000,212.000
183.000,167.000,226.000,167.000,226.000,208.000,183.000,208.000
180.000,166.000,225.000,166.000,225.000,210.000,180.000,210.000
181.000,168.000,228.000,168.000,228.000,210.000,181.000,210.000
181.000,169.000,228.000,169.000,228.000,212.000,181.000,212.000
175.000,169.000,228.000,169.000,228.000,214.000,175.000,214.000
176.000,171.000,228.000,171.000,228.000,210.000,176.000,210.000
174.000,172.000,232.000,172.000,232.000,211.000,174.000,211.000
172.000,173.000,231.000,173.000,231.000,213.000,172.000,213.000
173.000,174.000,228.000,174.000,228.000,213.000,173.000,213.000
169.000,174.000,231.000,174.000,231.000,214.000,169.000,214.000
171.000,173.000,233.000,173.000,233.000,216.000,171.000,216.000
168.000,173.000,231.000,173.000,231.000,215.000,168.000,215.000
166.000,175.000,233.000,175.000,233.000,211.000,166.000,211.000
169.000,171.000,235.000,171.000,235.000,213.000,169.000,213.000
172.000,175.000,240.000,175.000,240.000,215.000,172.000,215.000
172.000,175.000,240.000,175.000,240.000,213.000,172.000,213.000
177.000,175.000,245.000,175.000,245.000,212.000,177.000,212.000
174.000,176.000,247.000,176.000,247.000,213.000,174.000,213.000
179.000,175.000,247.000,175.000,247.000,211.000,179.000,211.000
180.000,175.000,248.000,175.000,248.000,211.000,180.000,211.000
182.000,177.000,252.000,177.000,252.000,214.000,182.000,214.000
183.000,179.000,251.000,179.000,251.000,214.000,183.000,214.000
182.000,177.000,255.000,177.000,255.000,219.000,182.000,219.000
183.000,182.000,257.000,182.000,257.000,221.000,183.000,221.000
187.000,184.000,255.000,184.000,255.000,224.000,187.000,224.000
182.000,186.000,261.000,186.000,261.000,225.000,182.000,225.000
185.000,187.000,258.000,187.000,258.000,224.000,185.000,224.000
183.000,190.000,257.000,190.000,257.000,228.000,183.000,228.000
181.000,190.000,256.000,190.000,256.000,229.000,181.000,229.000
181.000,193.000,259.000,193.000,259.000,232.000,181.000,232.000
180.000,195.000,258.000,195.000,258.000,234.000,180.000,234.000
179.000,198.000,257.000,198.000,257.000,234.000,179.000,234.000
179.000,197.000,254.000,197.000,254.000,231.000,179.000,231.000
176.000,202.000,253.000,202.000,253.000,230.000,176.000,230.000
172.000,201.000,251.000,201.000,251.000,234.000,172.000,234.000
175.000,202.000,253.000,202.000,253.000,235.000,175.000,235.000
176.000,205.000,251.000,205.000,251.000,237.000,176.000,237.000
177.000,203.000,253.000,203.000,253.000,238.000,177.000,238.000
177.000,204.000,252.000,204.000,252.000,239.000,177.000,239.000
177.000,203.000,256.000,203.000,256.000,237.000,177.000,237.000
173.000,200.000,254.000,200.000,254.000,240.000,173.000,240.000
176.000,202.000,253.000,202.000,253.000,240.000,176.000,240.000
172.000,204.000,252.000,204.000,252.000,239.000,172.000,239.000
174.000,198.000,245.000,198.000,245.000,241.000,174.000,241.000
169.000,204.000,251.000,204.000,251.000,242.000,169.000,242.000
176.000,206.000,251.000,206.000,251.000,245.000,176.000,245.000
169.000,202.000,255.000,202.000,255.000,240.000,169.000,240.000
175.000,200.000,252.000,200.000,252.000,246.000,175.000,246.000
172.000,203.000,260.000,203.000,260.000,243.000,172.000,243.000
169.000,201.000,254.000,201.000,254.000,245.000,169.000,245.000
171.000,203.000,257.000,203.000,257.000,250.000,171.000,250.000
172.000,199.000,253.000,199.000,253.000,244.000,172.000,244.000
171.000,205.000,249.000,205.000,249.000,245.000,171.000,245.000
170.000,204.000,256.000,204.000,256.000,248.000,170.000,248.000
170.000,203.000,251.000,203.000,251.000,245.000,170.000,245.000
171.000,204.000,250.000,204.000,250.000,247.000,171.000,247.000
170.000,206.000,257.000,206.000,257.000,245.000,170.000,245.000
174.000,209.000,253.000,209.000,253.000,247.000,174.000,247.000
170.000,209.000,259.000,209.000,259.000,248.000,170.000,248.000
176.000,211.000,253.000,211.000,253.000,248.000,176.000,248.000
170.000,209.000,259.000,209.000,259.000,246.000,170.000,246.000
176.000,209.000,259.000,209.000,259.000,246.000,176.000,246.000
175.000,211.000,253.000,211.000,253.000,251.000,175.000,251.000
175.000,212.000,257.000,212.000,257.000,250.000,175.000,250.000
177.000,211.000,250.000,211.000,250.000,249.000,177.000,249.000
177.000,212.000,256.000,212.000,256.000,252.000,177.000,252.000
176.000,208.000,258.000,208.000,258.000,248.000,176.000,248.000
174.000,208.000,257.000,208.000,257.000,249.000,174.000,249.000
178.000,208.000,253.000,208.000,253.000,246.000,178.000,246.000
177.000,209.000,251.000,209.000,251.000,249.000,177.000,249.000
177.000,210.000,247.000,210.000,247.000,249.000,177.000,249.000
177.000,212.000,251.000,212.000,251.000,251.000,177.000,251.000
178.000,211.000,248.000,211.000,248.000,250.000,178.000,250.000
179.000,211.000,246.000,211.000,246.000,250.000,179.000,250.000
179.000,210.000,246.000,210.000,246.000,248.000,179.000,248.000
178.000,209.000,243.000,209.000,243.000,248.000,178.000,248.000
177.000,206.000,242.000,206.000,242.000,249.000,177.000,249.000
182.000,210.000,243.000,210.000,243.000,246.000,182.000,246.000
177.000,212.000,244.000,212.000,244.000,248.000,177.000,248.000
178.000,211.000,239.000,211.000,239.000,251.000,178.000,251.000
176.000,212.000,235.000,212.000,235.000,249.000,176.000,249.000
180.000,209.000,238.000,209.000,238.000,250.000,180.000,250.000
180.000,209.000,235.000,209.000,235.000,247.000,180.000,247.000
178.000,208.000,232.000,208.000,232.000,249.000,178.000,249.000
179.000,208.000,230.000,208.000,230.000,250.000,179.000,250.000
182.000,210.000,228.000,210.000,228.000,247.000,182.000,247.000
183.000,207.000,230.000,207.000,230.000,245.000,183.000,245.000
183.000,205.000,229.000,205.000,229.000,247.000,183.000,247.000
181.000,206.000,228.000,206.000,228.000,247.000,181.000,247.000
181.000,207.000,231.000,207.000,231.000,245.000,181.000,245.000
186.000,205.000,227.000,205.000,227.000,246.000,186.000,246.000
183.000,206.000,228.000,206.000,228.000,249.000,183.000,249.000
184.000,207.000,227.000,207.000,227.000,248.000,184.000,248.000
183.000,206.000,224.000,206.000,224.000,247.000,183.000,247.000
184.000,207.000,219.000,207.000,219.000,244.000,184.000,244.000
185.000,205.000,218.000,205.000,218.000,250.000,185.000,250.000
185.000,209.000,220.000,209.000,220.000,246.000,185.000,246.000
189.000,208.000,212.000,208.000,212.000,250.000,189.000,250.000
190.000,209.000,216.000,209.000,216.000,250.000,190.000,250.000
193.000,207.000,217.000,207.000,217.000,249.000,193.000,249.000
192.000,208.000,223.000,208.000,223.000,248.000,192.000,248.000
195.000,208.000,227.000,208.000,227.000,252.000,195.000,252.000
193.000,202.000,232.000,202.000,232.000,250.000,193.000,250.000
196.000,204.000,237.000,204.000,237.000,249.000,196.000,249.000
199.000,205.000,236.000,205.000,236.000,250.000,199.000,250.000
198.000,205.000,239.000,205.000,239.000,249.000,198.000,249.000
199.000,204.000,243.000,204.000,243.000,249.000,199.000,249.000
199.000,202.000,244.000,202.000,244.000,247.000,199.000,247.000
197.000,203.000,245.000,203.000,245.000,248.000,197.000,248.000
197.000,205.000,249.000,205.000,249.000,247.000,197.000,247.000
196.000,207.000,249.000,207.000,249.000,249.000,196.000,249.000
194.000,205.000,250.000,205.000,250.000,246.000,194.000,246.000
197.000,204.000,252.000,204.000,252.000,248.000,197.000,248.000
196.000,201.000,255.000,201.000,255.000,242.000,196.000,242.000
197.000,204.000,254.000,204.000,254.000,240.000,197.000,240.000
193.000,205.000,254.000,205.000,254.000,241.000,193.000,241.000
191.000,202.000,258.000,202.000,258.000,241.000,191.000,241.000
195.000,199.000,258.000,199.000,258.000,242.000,195.000,242.000
192.000,200.000,261.000,200.000,261.000,241.000,192.000,241.000
191.640,196.470,263.210,202.510,259.760,243.430,188.190,237.390
190.900,196.570,264.640,201.480,261.860,243.190,188.130,238.280
192.310,196.290,264.130,199.810,262.040,242.520,190.220,239.010
192.980,193.050,267.050,198.310,263.910,242.630,189.830,237.370
191.350,191.620,269.340,202.470,263.240,246.280,185.260,235.440
192.670,192.470,271.610,200.450,267.130,244.780,188.190,236.800
194.010,195.880,271.980,199.930,269.620,245.320,191.650,241.270
195.840,197.130,274.310,199.350,273.060,243.870,194.580,241.650
198.790,197.560,276.310,198.050,276.030,243.400,198.500,242.910
196.990,195.030,276.190,199.400,273.680,244.910,194.480,240.540
195.070,194.850,276.880,194.910,276.850,240.330,195.040,240.270
197.600,196.360,279.740,194.750,280.610,239.430,198.480,241.040
197.530,193.320,279.940,194.070,279.500,241.830,197.090,241.080
201.760,199.150,281.360,194.350,284.000,238.130,204.390,242.930
201.000,200.220,282.210,192.960,286.090,236.400,204.880,243.660
201.840,198.490,283.690,196.430,284.740,238.210,202.890,240.270
202.860,194.410,288.370,198.950,285.950,244.620,200.430,240.080
202.580,197.900,286.010,195.950,287.030,239.450,203.600,241.410
199.550,197.090,288.120,196.340,288.500,240.830,199.920,241.580
202.020,193.540,291.640,198.410,289.160,243.980,199.550,239.110
208.050,194.140,290.530,195.600,289.730,241.220,207.250,239.760
206.660,194.150,294.040,197.910,292.120,242.570,204.740,238.810
205.140,198.270,294.060,198.240,294.070,240.090,205.160,240.120
208.880,194.570,298.320,199.870,295.800,242.310,206.370,237.020
210.860,197.010,301.430,200.810,299.680,242.510,209.100,238.710
213.200,196.820,306.040,201.840,303.770,243.660,210.940,238.650
210.880,197.110,306.610,199.720,305.480,241.020,209.760,238.410
215.780,196.560,310.210,199.200,309.070,240.220,214.630,237.580
215.430,196.510,314.430,198.410,313.640,239.800,214.640,237.900
218.500,195.970,314.370,197.460,313.740,237.870,217.880,236.380
221.270,192.490,313.890,199.500,310.800,240.260,218.180,233.250
218.180,195.510,314.180,195.800,314.050,235.780,218.060,235.480
219.550,194.670,315.630,196.710,314.810,235.110,218.740,233.070
223.960,194.530,317.160,195.220,316.880,232.300,223.680,231.600
223.430,193.840,320.420,195.510,319.730,235.720,222.740,234.050
225.820,191.370,323.010,195.240,321.450,234.470,224.260,230.600
226.850,192.800,322.390,194.530,321.670,234.530,226.120,232.800
228.250,187.970,323.960,196.160,320.520,236.280,224.820,228.090
229.950,188.680,327.970,197.100,324.640,235.860,226.620,227.440
231.980,188.860,329.280,197.440,325.850,236.300,228.550,227.710
232.350,193.420,330.310,194.220,329.990,233.300,232.030,232.510
237.500,186.970,333.280,200.310,327.920,238.780,232.140,225.440
241.860,188.590,335.420,201.030,330.310,239.430,236.760,226.990
241.660,190.340,335.660,199.910,331.710,238.730,237.700,229.160
243.610,191.830,338.910,201.730,334.930,239.990,239.640,230.090
244.900,191.190,340.590,201.970,336.210,240.820,240.520,230.040
243.110,196.340,339.850,196.980,339.580,238.270,242.840,237.630
246.220,194.240,342.340,198.610,340.380,241.740,244.260,237.380
254.960,187.100,346.710,205.170,338.880,244.930,247.140,226.860
260.270,185.120,350.600,207.100,340.870,247.080,250.540,225.100
261.050,188.810,350.850,206.210,343.230,245.550,253.430,228.160
255.590,196.700,350.390,197.680,349.930,241.360,255.140,240.370
268.470,187.190,356.520,209.730,346.760,247.890,258.700,225.340
270.070,195.490,355.900,202.310,352.510,244.900,266.690,238.080
273.380,198.080,362.610,203.030,360.210,246.180,270.990,241.220
275.100,199.470,364.830,201.970,363.640,245.130,273.900,242.640
276.320,196.970,367.410,205.350,363.490,247.910,272.400,239.530
287.000,190.250,370.070,212.310,359.550,251.900,276.490,229.840
279.400,200.290,368.970,203.090,367.680,244.300,278.110,241.500
288.180,197.720,371.470,206.180,367.220,247.900,283.940,239.430
291.660,196.000,375.930,208.720,369.770,249.500,285.510,236.770
291.070,195.450,378.260,208.890,371.970,249.690,284.780,236.260
288.540,200.180,380.360,204.770,378.200,247.960,286.380,243.370
289.410,199.500,382.240,203.530,380.360,246.750,287.530,242.720
290.250,199.420,383.850,202.170,382.550,246.160,288.960,243.410
287.430,197.090,382.480,201.270,380.620,243.710,285.570,239.540
290.610,190.440,386.530,203.540,381.010,243.970,285.090,230.870
290.350,190.300,388.770,197.950,385.480,240.180,287.070,232.530
298.060,186.820,386.810,197.800,381.740,238.820,292.980,227.850
302.650,184.720,391.360,197.050,385.710,237.700,297.000,225.370
304.290,189.240,389.050,189.240,389.050,232.000,304.280,232.000
306.720,181.910,393.620,193.470,388.320,233.300,301.420,221.740
307.340,177.880,394.200,194.200,386.750,233.860,299.880,217.530
306.390,178.030,394.990,191.100,388.960,232.010,300.360,218.940
306.500,184.290,396.160,190.430,393.550,228.450,303.900,222.300
314.060,179.010,398.630,189.190,393.810,229.240,309.240,219.060
315.470,175.030,401.740,188.140,395.370,230.070,309.100,216.960
313.060,178.300,401.590,183.910,398.940,225.870,310.400,220.260
317.460,173.600,405.910,184.490,400.700,226.830,312.250,215.950
322.270,174.560,406.440,184.110,401.800,224.960,317.630,215.400
318.590,173.170,405.340,184.530,400.040,225.020,313.290,213.660
319.440,172.840,407.300,183.820,402.160,224.920,314.310,213.940
323.060,172.840,409.430,181.560,405.070,224.760,318.700,216.040
322.790,173.000,409.790,182.780,405.060,224.830,318.060,215.050
323.950,172.310,412.150,182.530,407.180,225.460,318.980,215.240
321.700,174.360,411.880,181.140,408.690,223.600,318.510,216.820
318.680,177.730,412.670,178.390,412.370,221.360,318.380,220.700
320.370,174.150,414.280,178.920,412.030,223.300,318.120,218.530
321.980,173.470,416.290,178.440,413.950,223.000,319.630,218.030
320.100,176.080,414.290,176.690,414.010,219.410,319.820,218.800
320.210,176.490,413.770,176.070,413.970,218.900,320.410,219.320
324.410,173.610,416.120,176.620,414.630,222.150,322.910,219.140
323.800,174.710,416.700,176.880,415.670,220.800,322.770,218.620
324.080,173.610,415.800,176.780,414.270,221.250,322.540,218.080
324.040,175.120,416.830,175.380,416.710,217.240,323.920,216.990
323.240,175.470,419.090,175.310,419.160,217.970,323.310,218.120
322.530,173.920,415.370,175.350,414.690,219.010,321.850,217.570
319.990,175.650,417.390,175.070,417.650,217.830,320.250,218.420
320.930,174.330,417.930,174.640,417.790,218.630,320.790,218.320
319.690,177.330,415.110,176.520,415.460,218.760,320.040,219.570
321.440,175.130,415.730,173.720,416.380,217.200,322.080,218.610
318.200,173.080,417.100,173.350,416.980,219.120,318.080,218.860
318.350,175.030,419.640,173.080,420.510,218.320,319.220,220.270
320.510,173.310,417.080,173.020,417.210,216.920,320.650,217.220
316.950,176.560,418.180,172.140,420.120,216.480,318.890,220.900
315.440,177.520,418.430,169.630,421.880,214.720,318.890,222.610
317.780,172.440,421.620,172.330,421.670,217.960,317.820,218.060
317.170,174.620,416.320,170.990,417.990,216.570,318.840,220.210
315.990,175.270,415.340,170.750,417.430,216.720,318.080,221.240
319.370,173.320,419.200,172.620,419.510,217.170,319.680,217.870
316.680,171.440,418.630,172.260,418.250,219.750,316.300,218.930
318.240,173.070,417.070,174.270,416.520,219.440,317.690,218.240
317.670,170.000,419.350,172.850,418.030,220.070,316.350,217.220
318.040,170.310,419.800,175.610,417.440,220.900,315.690,215.600
318.310,173.300,420.450,174.370,419.980,219.450,317.840,218.380
319.050,173.610,421.740,174.220,421.460,220.370,318.780,219.760
324.690,176.070,423.980,177.500,423.300,224.630,324.010,223.200
324.200,174.150,424.960,176.980,423.600,225.420,322.840,222.600
326.730,170.310,425.840,180.700,420.820,228.600,321.710,218.210
330.260,174.040,427.700,179.210,425.120,227.800,327.680,222.640
328.440,173.210,428.080,185.040,422.590,231.300,322.950,219.470
326.810,176.360,427.170,182.490,424.190,231.200,323.830,225.070
332.250,175.330,434.160,184.570,429.730,233.510,327.810,224.270
342.550,179.760,433.150,184.590,430.590,232.670,339.990,227.840
341.900,178.460,436.480,184.770,433.170,234.410,338.590,228.110
350.480,175.850,440.490,189.600,433.090,238.050,343.080,224.310
352.760,179.270,440.280,189.570,434.530,238.480,347.010,228.190
353.740,177.460,444.890,191.030,437.520,240.490,346.380,226.920
356.210,180.720,443.860,190.530,438.450,238.870,350.800,229.070
361.420,176.500,447.470,196.020,436.570,244.090,350.520,224.560
357.830,179.300,447.600,185.950,443.850,236.490,354.090,229.830
360.000,183.000,452.000,183.000,452.000,235.000,360.000,235.000
366.860,180.670,455.620,186.910,452.060,237.550,363.300,231.300
369.940,180.110,461.100,185.170,458.130,238.730,366.960,233.660
372.000,182.000,463.000,182.000,463.000,235.000,372.000,235.000
374.030,176.570,469.310,191.370,461.580,241.170,366.290,226.370
377.660,180.620,471.340,185.830,468.470,237.360,374.790,232.150
383.070,180.520,475.660,184.740,473.300,236.470,380.710,232.250
384.190,179.170,477.590,185.520,474.090,236.990,380.690,230.630
388.570,181.860,478.100,184.550,476.570,235.280,387.050,232.600
389.600,181.780,480.650,183.720,479.570,234.250,388.520,232.320
390.310,179.920,480.530,184.320,478.060,235.050,387.840,230.650
389.920,179.470,480.470,180.810,479.700,232.610,389.150,231.270
392.840,180.240,479.270,181.020,478.820,230.700,392.390,229.920
395.980,176.830,483.410,181.240,480.860,231.660,393.440,227.250
392.770,180.220,480.120,176.790,482.080,226.910,394.740,230.340
397.130,177.930,481.950,178.890,481.380,228.420,396.570,227.460
394.590,177.510,480.200,178.140,479.840,227.300,394.230,226.680
394.370,177.860,479.420,176.380,480.270,225.440,395.220,226.920
400.030,176.420,480.750,176.510,480.700,226.070,399.980,225.980
400.050,174.430,478.670,174.540,478.600,223.100,399.980,222.990
401.510,174.910,475.940,175.020,475.870,224.460,401.430,224.350
399.280,175.470,476.060,172.630,477.950,223.630,401.170,226.480
398.220,174.650,475.260,171.680,477.210,222.570,400.170,225.530
399.210,173.220,470.060,173.290,470.010,223.370,399.160,223.290
396.110,173.950,465.780,170.190,468.490,220.460,398.820,224.220
394.470,174.580,466.230,173.120,467.230,221.950,395.460,223.420
391.210,176.130,461.100,168.210,466.600,216.760,396.710,224.680
392.430,175.840,463.990,169.570,468.250,218.250,396.700,224.520
395.000,171.000,467.000,171.000,467.000,222.000,395.000,222.000
392.410,172.870,466.050,169.000,468.740,220.010,395.100,223.890
388.560,174.430,464.420,169.370,467.770,219.480,391.900,224.540
388.130,173.720,462.480,169.110,465.560,218.800,391.210,223.410
390.100,169.360,465.950,168.940,466.240,221.740,390.400,222.160
392.130,174.670,466.280,164.790,473.050,215.600,398.900,225.470
394.810,173.060,466.570,164.450,472.710,215.560,400.940,224.170
397.410,176.170,466.420,163.940,475.110,212.950,406.100,225.190
400.980,175.240,471.440,162.810,480.190,212.440,409.740,224.870
407.940,168.160,474.940,167.580,475.400,220.510,408.410,221.100
408.740,170.990,475.810,162.240,482.330,212.170,415.250,220.920
412.920,178.840,475.640,172.490,479.940,214.900,417.220,221.260
418.000,172.000,485.000,172.000,485.000,213.000,418.000,213.000
421.000,174.000,487.000,174.000,487.000,216.000,421.000,216.000
422.620,172.330,487.040,171.820,487.380,215.770,422.960,216.270
425.570,171.140,487.510,169.060,489.040,214.730,427.100,216.800
424.000,170.360,488.880,170.360,488.880,216.180,424.000,216.180
424.030,167.410,488.010,167.440,487.990,215.420,424.010,215.390
427.070,168.210,486.850,167.960,487.060,217.830,427.280,218.080
424.890,165.560,484.340,167.100,483.030,217.690,423.580,216.140
420.250,175.200,477.250,160.520,489.080,206.450,432.070,221.130
422.980,168.530,478.610,165.600,481.320,217.140,425.690,220.070
425.820,164.730,477.380,161.870,480.340,215.150,428.780,218.010
418.400,181.590,465.020,156.990,486.430,197.590,439.810,222.180
451.840,151.300,485.980,181.650,443.060,229.940,408.920,199.590
452.520,153.580,484.480,185.480,441.510,228.510,409.560,196.610
451.040,153.420,481.810,184.400,440.290,225.650,409.520,194.670
446.690,153.380,479.470,176.780,444.170,226.220,411.400,202.810
442.210,153.300,475.050,176.690,442.120,222.930,409.270,199.540
418.640,159.870,458.910,159.460,459.490,216.850,419.230,217.260
415.270,163.040,454.230,158.480,460.670,213.380,421.700,217.940
420.520,159.630,453.810,159.230,454.450,211.970,421.150,212.370
416.350,161.140,451.220,159.040,454.370,211.390,419.500,213.490
409.880,165.210,445.430,156.980,456.980,206.830,421.430,215.070
414.010,162.280,445.940,159.060,451.160,210.760,419.230,213.990
418.880,160.270,446.560,160.690,445.680,219.330,418.010,218.920
416.730,163.480,442.130,162.010,445.350,217.740,419.950,219.210
412.490,165.770,438.640,162.520,445.280,215.930,419.130,219.180
412.200,166.400,437.620,163.890,442.960,217.980,417.540,220.490
411.450,164.110,435.220,162.080,440.040,218.540,416.270,220.570
408.090,163.850,435.600,162.540,438.380,221.080,410.880,222.390
404.430,166.460,432.490,162.450,440.530,218.690,412.470,222.700
405.090,163.810,433.550,162.450,436.340,221.130,407.880,222.480
402.610,165.240,429.550,162.810,434.740,220.340,407.800,222.770
402.370,165.310,430.780,164.210,432.880,218.760,404.480,219.850
400.940,163.770,428.910,162.480,431.500,218.430,403.530,219.720
400.250,163.290,426.960,162.290,429.230,222.660,402.520,223.670
404.030,161.920,431.590,163.570,428.080,221.910,400.530,220.250
403.990,161.610,433.510,164.400,428.360,218.800,398.840,216.000
405.280,161.950,432.710,164.030,428.540,218.890,401.120,216.810
400.520,163.800,429.610,162.510,432.020,216.750,402.930,218.040
401.070,163.030,432.700,163.550,431.780,220.170,400.150,219.650
401.470,164.100,429.950,162.200,433.750,219.280,405.280,221.180
402.400,162.730,432.690,163.060,432.100,217.170,401.810,216.830
404.740,163.680,433.180,164.760,431.140,218.680,402.700,217.600
404.280,166.490,431.710,165.320,433.920,217.440,406.490,218.600
403.380,162.450,431.520,162.320,431.770,216.600,403.630,216.730
402.760,162.840,431.300,161.160,434.730,219.430,406.180,221.110
405.800,162.180,433.600,163.870,430.180,220.260,402.370,218.570
414.930,161.200,441.820,170.050,424.210,223.550,397.320,214.700
411.800,160.690,440.580,166.750,428.850,222.440,400.080,216.380
410.910,163.180,434.490,164.950,430.280,221.280,406.700,219.510
409.910,164.610,433.360,165.510,431.300,219.470,407.850,218.570
410.350,163.290,432.900,163.830,431.570,218.470,409.030,217.930
410.380,163.840,434.280,164.770,432.190,218.400,408.290,217.470
413.310,166.060,439.100,170.700,430.230,220.090,404.440,215.450
409.720,167.810,433.820,167.600,434.270,218.920,410.170,219.140
408.640,167.460,435.070,166.230,437.520,218.610,411.090,219.850
410.330,166.300,435.160,166.420,434.910,220.290,410.080,220.170
409.610,165.050,435.530,165.350,434.860,222.160,408.950,221.860
408.280,165.990,435.560,167.210,433.080,222.560,405.790,221.330
404.460,164.810,432.720,163.510,435.330,220.530,407.080,221.830
404.040,164.960,434.800,162.500,439.320,218.970,408.550,221.440
408.380,165.020,438.370,166.150,436.270,221.680,406.280,220.550
407.000,162.000,433.000,162.000,433.000,220.000,407.000,220.000
409.950,163.610,438.440,167.800,430.220,223.660,401.730,219.470
406.370,161.560,434.180,161.700,433.870,221.280,406.060,221.140
409.280,161.340,437.080,163.030,433.500,222.190,405.690,220.500
409.290,160.820,437.670,162.360,434.430,222.230,406.050,220.690
412.420,159.170,440.040,162.590,432.450,223.910,404.830,220.490
415.680,157.440,442.180,163.480,428.280,224.570,401.770,218.540
412.320,159.650,440.490,161.730,435.870,224.490,407.690,222.410
411.800,156.990,440.860,158.540,437.570,220.370,408.510,218.830
410.670,157.130,437.900,158.510,434.670,222.330,407.440,220.950
409.000,158.000,438.000,158.000,438.000,216.000,409.000,216.000
409.380,155.360,440.520,157.230,436.850,218.150,405.710,216.280
405.660,154.930,439.430,155.300,438.710,219.440,404.950,219.060
400.110,160.710,437.820,155.200,445.860,210.240,408.150,215.750
403.760,155.590,442.810,156.430,441.480,218.030,402.430,217.180
404.900,154.130,449.440,156.980,445.470,219.030,400.930,216.190
