338.79,225.08,568.52,225.08,568.52,367.14,338.79,367.14
339.45,365.67,567.66,365.67,567.66,224.16,339.45,224.16
340.10,364.20,566.79,364.20,566.79,223.25,340.10,223.25
340.76,362.74,565.92,362.74,565.92,222.33,340.76,222.33
341.41,361.27,565.06,361.27,565.06,221.41,341.41,221.41
342.07,359.80,564.19,359.80,564.19,220.50,342.07,220.50
342.72,358.34,563.33,358.34,563.33,219.58,342.72,219.58
343.38,356.87,562.46,356.87,562.46,218.66,343.38,218.66
344.03,355.40,561.60,355.40,561.60,217.75,344.03,217.75
344.69,353.93,560.73,353.93,560.73,216.83,344.69,216.83
345.35,352.47,559.86,352.47,559.86,215.92,345.35,215.92
346.00,351.00,559.00,351.00,559.00,215.00,346.00,215.00
344.90,350.60,559.30,350.60,559.30,214.20,344.90,214.20
343.80,350.20,559.60,350.20,559.60,213.40,343.80,213.40
342.70,349.80,559.90,349.80,559.90,212.60,342.70,212.60
341.60,349.40,560.20,349.40,560.20,211.80,341.60,211.80
340.50,349.00,560.50,349.00,560.50,211.00,340.50,211.00
339.40,348.60,560.80,348.60,560.80,210.20,339.40,210.20
338.30,348.20,561.10,348.20,561.10,209.40,338.30,209.40
337.20,347.80,561.40,347.80,561.40,208.60,337.20,208.60
336.10,347.40,561.70,347.40,561.70,207.80,336.10,207.80
335.00,207.00,562.00,207.00,562.00,347.00,335.00,347.00
341.50,347.00,562.00,347.00,562.00,205.00,341.50,205.00
348.00,347.00,562.00,347.00,562.00,203.00,348.00,203.00
346.67,351.83,563.92,351.83,563.92,208.83,346.67,208.83
345.33,356.67,565.83,356.67,565.83,214.67,345.33,214.67
344.00,361.50,567.75,361.50,567.75,220.50,344.00,220.50
342.67,366.33,569.67,366.33,569.67,226.33,342.67,226.33
342.44,368.56,569.44,368.56,569.44,228.56,342.44,228.56
342.22,370.78,569.22,370.78,569.22,230.78,342.22,230.78
342.00,233.00,569.00,233.00,569.00,373.00,342.00,373.00
339.00,232.50,566.00,232.50,566.00,372.50,339.00,372.50
336.00,232.00,563.00,232.00,563.00,372.00,336.00,372.00
344.00,236.00,570.00,236.00,570.00,375.00,344.00,375.00
328.00,235.50,554.00,235.50,554.00,374.50,328.00,374.50
312.00,235.00,538.00,235.00,538.00,374.00,312.00,374.00
308.33,368.00,534.00,368.00,534.00,229.00,308.33,229.00
322.67,369.50,548.00,369.50,548.00,230.50,322.67,230.50
337.00,232.00,562.00,232.00,562.00,371.00,337.00,371.00
333.50,230.25,558.25,230.25,558.25,369.25,333.50,369.25
330.00,228.50,554.50,228.50,554.50,367.50,330.00,367.50
326.50,226.75,550.75,226.75,550.75,365.75,326.50,365.75
323.00,225.00,547.00,225.00,547.00,364.00,323.00,364.00
324.00,225.33,548.00,225.33,548.00,364.33,324.00,364.33
325.00,225.67,549.00,225.67,549.00,364.67,325.00,364.67
326.00,226.00,550.00,226.00,550.00,365.00,326.00,365.00
323.33,227.00,547.33,227.00,547.33,366.00,323.33,366.00
320.67,228.00,544.67,228.00,544.67,367.00,320.67,367.00
318.00,229.00,542.00,229.00,542.00,368.00,318.00,368.00
313.78,228.22,537.78,228.22,537.78,367.22,313.78,367.22
309.56,227.44,533.56,227.44,533.56,366.44,309.56,366.44
305.33,226.67,529.33,226.67,529.33,365.67,305.33,365.67
301.11,225.89,525.11,225.89,525.11,364.89,301.11,364.89
296.89,225.11,520.89,225.11,520.89,364.11,296.89,364.11
292.67,224.33,516.67,224.33,516.67,363.33,292.67,363.33
288.44,223.56,512.44,223.56,512.44,362.56,288.44,362.56
284.22,222.78,508.22,222.78,508.22,361.78,284.22,361.78
280.00,222.00,504.00,222.00,504.00,361.00,280.00,361.00
277.14,220.71,501.14,220.71,501.14,359.71,277.14,359.71
274.29,219.43,498.29,219.43,498.29,358.43,274.29,358.43
271.43,218.14,495.43,218.14,495.43,357.14,271.43,357.14
268.57,216.86,492.57,216.86,492.57,355.86,268.57,355.86
265.71,215.57,489.71,215.57,489.71,354.57,265.71,354.57
262.86,214.29,486.86,214.29,486.86,353.29,262.86,353.29
260.00,213.00,484.00,213.00,484.00,352.00,260.00,352.00
264.50,212.00,488.50,212.00,488.50,351.00,264.50,351.00
269.00,211.00,493.00,211.00,493.00,350.00,269.00,350.00
273.50,210.00,497.50,210.00,497.50,349.00,273.50,349.00
278.00,209.00,502.00,209.00,502.00,348.00,278.00,348.00
276.40,209.00,500.40,209.00,500.40,348.00,276.40,348.00
274.80,209.00,498.80,209.00,498.80,348.00,274.80,348.00
273.20,209.00,497.20,209.00,497.20,348.00,273.20,348.00
271.60,209.00,495.60,209.00,495.60,348.00,271.60,348.00
270.00,209.00,494.00,209.00,494.00,348.00,270.00,348.00
269.43,206.57,492.14,206.57,492.14,346.29,269.43,346.29
268.86,204.14,490.29,204.14,490.29,344.57,268.86,344.57
268.29,201.71,488.43,201.71,488.43,342.86,268.29,342.86
267.71,199.29,486.57,199.29,486.57,341.14,267.71,341.14
267.14,196.86,484.71,196.86,484.71,339.43,267.14,339.43
266.57,194.43,482.86,194.43,482.86,337.71,266.57,337.71
266.00,192.00,481.00,192.00,481.00,336.00,266.00,336.00
266.33,189.83,480.50,189.83,480.50,333.33,266.33,333.33
266.67,187.67,480.00,187.67,480.00,330.67,266.67,330.67
267.00,185.50,479.50,185.50,479.50,328.00,267.00,328.00
267.33,183.33,479.00,183.33,479.00,325.33,267.33,325.33
267.67,181.17,478.50,181.17,478.50,322.67,267.67,322.67
268.00,179.00,478.00,179.00,478.00,320.00,268.00,320.00
271.50,177.25,480.75,177.25,480.75,318.00,271.50,318.00
275.00,175.50,483.50,175.50,483.50,316.00,275.00,316.00
278.50,173.75,486.25,173.75,486.25,314.00,278.50,314.00
282.00,172.00,489.00,172.00,489.00,312.00,282.00,312.00
283.00,171.00,489.00,171.00,489.00,311.00,283.00,311.00
284.00,170.00,489.00,170.00,489.00,310.00,284.00,310.00
284.67,172.33,489.00,172.33,489.00,312.33,284.67,312.33
285.33,174.67,489.00,174.67,489.00,314.67,285.33,314.67
286.00,177.00,489.00,177.00,489.00,317.00,286.00,317.00
288.75,183.00,491.00,183.00,491.00,323.25,288.75,323.25
291.50,189.00,493.00,189.00,493.00,329.50,291.50,329.50
294.25,195.00,495.00,195.00,495.00,335.75,294.25,335.75
297.00,201.00,497.00,201.00,497.00,342.00,297.00,342.00
298.25,209.25,497.75,209.25,497.75,350.75,298.25,350.75
299.50,217.50,498.50,217.50,498.50,359.50,299.50,359.50
300.75,225.75,499.25,225.75,499.25,368.25,300.75,368.25
302.00,234.00,500.00,234.00,500.00,377.00,302.00,377.00
304.20,239.80,502.80,239.80,502.80,382.60,304.20,382.60
306.40,245.60,505.60,245.60,505.60,388.20,306.40,388.20
308.60,251.40,508.40,251.40,508.40,393.80,308.60,393.80
310.80,257.20,511.20,257.20,511.20,399.40,310.80,399.40
313.00,263.00,514.00,263.00,514.00,405.00,313.00,405.00
315.33,266.67,517.00,266.67,517.00,408.50,315.33,408.50
317.67,270.33,520.00,270.33,520.00,412.00,317.67,412.00
320.00,274.00,523.00,274.00,523.00,415.50,320.00,415.50
322.33,277.67,526.00,277.67,526.00,419.00,322.33,419.00
324.67,281.33,529.00,281.33,529.00,422.50,324.67,422.50
327.00,285.00,532.00,285.00,532.00,426.00,327.00,426.00
329.67,288.33,535.33,288.33,535.33,429.33,329.67,429.33
332.33,291.67,538.67,291.67,538.67,432.67,332.33,432.67
335.00,295.00,542.00,295.00,542.00,436.00,335.00,436.00
335.71,294.57,543.71,294.57,543.71,436.00,335.71,436.00
336.43,294.14,545.43,294.14,545.43,436.00,336.43,436.00
337.14,293.71,547.14,293.71,547.14,436.00,337.14,436.00
337.86,293.29,548.86,293.29,548.86,436.00,337.86,436.00
338.57,292.86,550.57,292.86,550.57,436.00,338.57,436.00
339.29,292.43,552.29,292.43,552.29,436.00,339.29,436.00
340.00,292.00,554.00,292.00,554.00,436.00,340.00,436.00
336.46,292.20,338.17,435.29,554.70,432.47,553.00,289.38
332.93,292.40,336.34,434.58,555.41,428.93,551.99,286.76
329.39,292.60,334.51,433.87,556.11,425.40,550.99,284.13
325.86,292.80,332.68,433.15,556.81,421.87,549.99,281.51
322.32,292.99,330.85,432.44,557.51,418.34,548.99,278.89
329.02,431.73,558.21,414.81,547.98,276.27,318.79,293.19
331.00,284.00,553.00,284.00,553.00,426.00,331.00,426.00
330.00,287.00,553.50,287.00,553.50,428.75,330.00,428.75
329.00,290.00,554.00,290.00,554.00,431.50,329.00,431.50
328.00,293.00,554.50,293.00,554.50,434.25,328.00,434.25
327.00,296.00,555.00,296.00,555.00,437.00,327.00,437.00
326.13,296.87,328.25,437.75,555.62,434.38,553.50,293.50
325.26,297.74,329.50,438.51,556.24,431.76,552.00,290.99
324.39,298.62,330.76,439.26,556.86,429.13,550.49,288.49
323.52,299.49,332.01,440.02,557.48,426.51,548.99,285.98
322.65,300.36,333.26,440.77,558.09,423.89,547.49,283.48
321.79,301.23,334.51,441.52,558.71,421.27,545.99,280.98
320.92,302.11,335.76,442.27,559.33,418.64,544.49,278.48
337.02,443.03,559.95,416.02,542.98,275.97,320.05,302.98
322.27,300.56,338.49,441.16,561.51,415.39,545.28,274.80
324.49,298.15,339.97,439.29,563.06,414.76,547.59,273.62
326.72,295.73,341.45,437.42,564.62,414.13,549.89,272.45
328.94,293.32,342.92,435.54,566.17,413.51,552.19,271.28
331.16,290.90,344.40,433.67,567.73,412.88,554.49,270.11
339.14,286.54,351.63,429.85,575.03,410.30,562.54,266.98
347.11,296.17,358.86,440.03,582.34,421.72,570.59,277.86
348.08,305.80,359.08,450.21,582.64,433.14,571.64,288.74
359.31,460.39,582.95,444.56,572.69,299.61,349.05,315.44
347.70,316.99,357.79,460.99,581.13,445.35,571.04,301.34
346.35,318.54,356.27,461.60,579.32,446.13,569.39,303.07
344.99,320.09,354.76,462.21,577.51,446.91,567.74,304.79
343.64,321.64,353.24,462.81,575.69,447.70,566.09,306.52
342.29,323.19,351.72,463.42,573.88,448.48,564.45,308.25
350.20,464.03,572.07,449.26,562.80,309.97,340.93,324.74
350.95,326.02,362.10,465.83,584.70,448.08,573.55,308.27
356.96,328.80,369.99,469.12,593.34,448.40,580.31,308.08
352.98,331.58,367.89,472.42,591.97,448.72,577.06,307.88
350.16,332.20,366.95,473.55,591.77,446.87,574.98,305.51
347.34,332.81,366.01,474.69,591.57,445.02,572.90,303.15
337.03,330.43,357.58,472.82,583.87,440.17,563.32,297.78
322.14,329.77,343.00,476.06,575.41,442.93,554.55,296.64
334.13,325.30,350.43,467.38,576.07,441.50,559.77,299.42
342.66,324.12,359.83,466.55,585.94,439.28,568.77,296.85
369.24,465.72,595.82,437.06,577.76,294.28,351.18,322.94
340.19,317.10,359.18,461.10,584.21,431.50,565.22,287.50
331.53,308.09,351.46,453.33,574.93,422.77,555.01,277.54
322.88,299.09,343.73,445.55,565.66,414.05,544.80,267.59
314.22,290.08,336.01,437.77,556.38,405.32,534.59,257.63
338.96,432.66,557.77,399.26,535.04,250.34,316.23,283.74
314.30,284.81,337.94,434.33,557.04,399.69,533.40,250.17
312.36,285.88,336.92,436.00,556.30,400.12,531.75,250.00
310.43,280.95,335.90,431.67,555.57,394.55,530.10,243.83
308.50,276.02,334.88,427.34,554.83,388.98,528.45,237.66
317.34,253.47,341.04,405.41,561.32,371.03,537.62,219.09
347.21,383.48,567.81,353.09,546.79,200.52,326.19,230.91
332.02,208.00,351.92,361.26,572.78,332.56,552.88,179.30
337.86,185.09,356.63,339.05,577.74,312.04,558.97,158.09
343.69,166.68,361.35,321.33,582.71,296.02,565.05,141.37
350.36,137.77,366.89,293.12,588.50,269.49,571.98,114.15
347.03,138.87,362.44,294.90,584.30,272.97,568.90,116.93
363.08,305.98,585.20,285.74,570.92,129.01,348.80,149.26
358.30,144.13,372.30,301.24,592.99,281.57,578.99,124.47
366.31,130.01,380.03,287.49,599.27,268.40,585.55,110.92
374.32,115.89,387.75,273.75,605.56,255.23,592.12,97.38
360.39,101.13,374.39,259.14,590.44,240.04,576.45,82.03
346.47,86.37,361.02,244.52,575.32,224.84,560.77,66.68
349.04,74.61,364.15,232.91,576.71,212.64,561.59,54.34
355.08,64.17,370.33,222.73,581.29,202.46,566.04,43.89
376.51,212.55,585.88,192.27,570.49,33.44,361.12,53.73
372.36,206.76,580.57,191.40,569.64,43.24,361.43,58.60
348.45,69.21,359.40,218.07,567.22,202.79,556.27,53.93
348.68,70.22,359.64,219.79,567.06,204.58,556.09,55.01
348.90,71.23,359.89,221.50,566.90,206.37,555.91,56.10
349.13,72.24,360.13,223.21,566.74,208.16,555.74,57.19
349.36,73.25,360.37,224.93,566.58,209.95,555.56,58.27
360.61,226.64,566.42,211.74,555.39,59.36,349.58,74.26
351.05,82.15,364.80,232.76,571.12,213.65,557.37,63.04
352.52,90.03,368.99,238.88,575.82,215.57,559.35,66.72
355.98,107.92,375.17,255.01,582.52,227.48,563.33,80.39
359.45,125.80,381.36,271.13,589.22,239.40,567.31,94.07
365.67,147.44,390.30,291.00,598.66,255.06,574.04,111.50
389.37,312.55,592.96,282.60,572.63,144.45,369.05,174.40
364.22,190.77,387.91,332.87,595.43,298.37,571.73,156.27
359.39,207.13,386.45,353.19,597.90,314.15,570.84,168.10
369.55,220.57,395.88,366.52,605.38,328.86,579.05,182.91
387.71,220.00,413.31,365.85,620.86,329.57,595.26,183.73
385.32,221.53,412.15,367.91,618.72,330.18,591.90,183.80
367.94,223.06,395.99,369.98,601.59,330.79,573.53,183.88
379.84,372.05,584.45,331.41,555.16,183.96,350.55,224.59
342.00,231.95,380.12,378.29,585.83,323.89,547.71,177.54
343.95,237.80,390.91,383.04,597.71,314.87,550.76,169.63
345.91,243.65,401.70,387.78,609.59,305.85,553.80,161.72
332.46,254.83,393.76,395.37,599.21,304.50,537.90,163.96
325.01,266.01,391.83,402.97,594.82,303.16,528.01,166.20
389.89,410.56,590.43,301.82,518.11,168.44,317.57,277.18
311.76,293.75,393.40,421.17,584.84,298.58,503.20,171.16
305.95,310.32,396.91,431.78,579.25,295.35,488.29,173.88
300.14,326.89,400.42,442.39,573.66,292.11,473.38,176.61
300.25,340.83,408.40,450.12,572.15,288.17,464.00,178.88
416.37,457.86,570.65,284.23,454.63,181.14,300.35,354.77
304.69,355.32,419.84,457.72,574.66,283.65,459.51,181.24
309.02,355.86,423.30,457.59,578.67,283.07,464.38,181.34
313.35,356.40,426.77,457.45,582.68,282.48,469.26,181.43
317.68,356.95,430.23,457.32,586.69,281.90,474.14,181.53
322.01,357.49,433.69,457.18,590.70,281.32,479.02,181.62
322.74,360.43,433.56,459.45,591.11,283.14,480.30,184.12
429.42,465.55,587.52,288.79,477.58,190.45,319.48,367.21
323.00,371.63,434.04,468.30,589.45,289.78,478.40,193.11
326.52,376.05,438.67,471.05,591.37,290.77,479.23,195.78
330.04,380.47,443.29,473.79,593.30,291.76,480.05,198.44
324.90,386.89,439.25,478.54,586.56,294.75,472.21,203.10
319.75,393.31,435.20,483.29,579.82,297.74,464.36,207.76
314.61,399.73,431.16,488.04,573.07,300.73,456.52,212.43
322.13,407.15,439.78,493.79,579.00,304.72,461.34,218.09
448.12,502.39,584.64,311.57,465.88,226.61,329.36,417.43
327.61,420.01,444.91,505.16,581.55,316.89,464.26,231.74
325.86,422.60,441.69,507.92,578.47,322.20,462.64,236.88
324.12,425.18,438.48,510.69,575.38,327.52,461.02,242.01
325.70,425.09,438.60,510.79,575.63,330.17,462.73,244.48
327.29,425.01,438.72,510.89,575.88,332.83,464.45,246.95
328.87,424.92,438.84,510.98,576.13,335.48,466.16,249.41
331.29,423.26,439.79,509.50,577.21,336.54,468.71,250.30
333.71,421.59,440.75,508.02,578.29,337.61,471.25,251.18
336.12,419.92,441.70,506.53,579.38,338.68,473.80,252.07
442.65,505.05,580.46,339.75,476.35,252.95,338.54,418.25
346.97,427.57,456.81,503.72,576.63,331.33,466.79,255.18
350.39,428.83,460.18,502.69,575.14,332.31,465.36,258.44
353.81,430.08,463.55,501.67,573.65,333.29,463.92,261.70
357.24,431.33,466.91,500.64,572.16,334.27,462.49,264.96
454.73,497.95,576.90,333.50,467.27,252.05,345.10,416.50
339.82,417.21,449.80,495.18,567.35,329.29,457.37,251.32
334.53,417.92,444.87,492.41,557.80,325.08,447.47,250.59
336.29,408.35,446.14,481.20,557.21,313.65,447.36,240.80
338.04,398.78,447.41,469.99,556.62,302.22,447.26,231.01
339.80,389.21,448.68,458.78,556.03,290.79,447.15,221.22
434.91,452.58,547.60,295.01,446.09,222.42,333.40,379.99
333.48,370.58,435.29,444.19,547.90,288.30,446.08,214.68
333.55,361.16,435.67,435.80,548.20,281.59,446.08,206.95
333.63,351.74,436.05,427.42,548.50,274.88,446.07,199.21
333.70,342.32,436.43,419.03,548.80,268.18,446.07,191.47
333.78,332.90,436.81,410.64,549.10,261.47,446.06,183.74
333.85,323.49,437.20,402.25,549.40,254.76,446.05,176.00
333.93,314.07,437.58,393.86,549.70,248.06,446.05,168.27
437.96,385.47,550.00,241.35,446.04,160.53,334.00,304.65
336.61,297.70,436.97,380.71,550.48,242.63,450.12,159.62
339.21,290.74,435.98,375.95,550.95,243.92,454.19,158.72
341.82,283.79,434.99,371.19,551.43,245.21,458.26,157.81
344.43,276.84,434.00,366.42,551.91,246.49,462.33,156.91
347.03,269.89,433.01,361.66,552.39,247.78,466.41,156.00
349.64,262.93,432.02,356.90,552.86,249.07,470.48,155.10
349.20,261.18,430.49,355.50,550.38,250.49,469.10,156.17
348.76,259.42,428.95,354.10,547.91,251.92,467.72,157.24
348.32,257.66,427.42,352.69,545.43,253.34,466.33,158.31
347.88,255.90,425.88,351.29,542.95,254.77,464.95,159.38
347.44,254.14,424.35,349.89,540.47,256.19,463.57,160.45
422.81,348.48,538.00,257.62,462.19,161.52,347.00,252.38
344.22,250.35,416.18,346.27,532.28,259.65,460.32,163.74
341.43,248.31,409.55,344.05,526.57,261.69,458.45,165.95
338.65,246.28,402.92,341.83,520.85,263.72,456.58,168.17
335.86,244.24,396.28,339.61,515.14,265.76,454.72,170.39
333.08,242.21,389.65,337.39,509.42,267.79,452.85,172.61
330.30,240.17,383.02,335.17,503.70,269.83,450.98,174.82
327.51,238.14,376.39,332.96,497.99,271.86,449.11,177.04
324.73,236.10,369.76,330.74,492.27,273.90,447.24,179.26
321.94,234.07,363.12,328.52,486.56,275.93,445.38,181.48
319.16,232.03,356.49,326.30,480.84,277.97,443.51,183.70
316.37,230.00,349.86,324.08,475.13,280.00,441.64,185.91
343.23,321.87,469.41,282.04,439.77,188.13,313.59,227.96
309.98,229.33,340.35,322.81,465.20,282.31,434.83,188.82
306.36,230.69,337.46,323.76,460.99,282.58,429.89,189.51
302.75,232.06,334.58,324.71,456.78,282.84,424.95,190.20
299.14,233.43,331.70,325.66,452.57,283.11,420.01,190.88
295.53,234.79,328.82,326.60,448.35,283.38,415.07,191.57
297.80,235.02,330.71,327.24,449.99,284.78,417.08,192.56
300.07,235.26,332.61,327.89,451.64,286.19,419.10,193.56
302.34,235.49,334.50,328.53,453.28,287.59,421.12,194.55
308.16,237.68,343.20,330.68,461.13,286.38,426.09,193.38
313.99,239.88,351.90,332.83,468.98,285.16,431.07,192.22
315.35,239.44,351.86,332.24,467.97,286.59,431.45,193.79
316.70,239.00,351.83,331.65,466.95,288.01,431.83,195.37
351.79,331.06,465.94,289.44,432.21,196.94,318.06,238.56
312.25,243.25,350.70,332.17,462.05,282.92,423.60,194.00
306.44,247.93,349.61,333.27,458.16,276.40,414.99,191.06
300.63,252.62,348.52,334.38,454.27,269.88,406.38,188.12
295.32,255.08,345.73,334.58,450.45,265.30,400.04,185.80
290.01,257.55,342.94,334.78,446.64,260.72,393.70,183.48
284.70,260.01,340.15,334.99,442.82,256.13,387.36,181.16
284.88,262.39,342.86,335.11,444.50,251.46,386.52,178.75
285.07,264.77,345.57,335.22,446.19,246.80,385.68,176.35
285.26,267.16,348.28,335.34,447.87,242.13,384.85,173.94
350.99,335.46,449.55,237.46,384.01,171.54,285.45,269.54
291.15,270.88,359.67,333.29,452.57,231.69,384.04,169.28
296.85,272.23,368.35,331.12,455.58,225.91,384.08,167.02
302.55,273.57,377.03,328.95,458.59,220.14,384.11,164.77
308.25,274.92,385.71,326.77,461.61,214.37,384.15,162.51
313.95,278.60,394.39,326.93,464.62,210.93,384.19,162.59
319.65,282.28,403.06,327.09,467.63,207.49,384.22,162.67
411.74,327.26,470.65,204.05,384.26,162.74,325.35,285.95
331.48,286.24,417.30,326.81,475.47,203.56,389.65,162.99
337.61,286.53,422.86,326.37,480.29,203.07,395.04,163.23
343.74,286.82,428.42,325.93,485.11,202.58,400.43,163.47
349.87,287.11,433.98,325.48,489.93,202.09,405.82,163.72
355.99,287.39,439.54,325.04,494.76,201.60,411.21,163.96
355.47,286.65,438.45,323.56,492.93,200.08,409.95,163.17
354.95,285.90,437.36,322.09,491.10,198.56,408.69,162.38
354.43,285.16,436.27,320.61,489.27,197.04,407.43,161.59
353.91,284.41,435.18,319.14,487.44,195.52,406.17,160.80
353.39,283.67,434.09,317.66,485.61,194.00,404.91,160.01
352.86,282.92,433.00,316.18,483.79,192.48,403.65,159.22
352.34,282.18,431.91,314.71,481.96,190.96,402.39,158.43
351.82,281.43,430.82,313.23,480.13,189.43,401.13,157.64
351.83,281.76,430.27,312.83,478.84,188.98,400.40,157.92
351.85,282.08,429.71,312.42,477.54,188.53,399.68,158.20
351.86,282.41,429.16,312.02,476.25,188.08,398.96,158.48
351.88,282.74,428.60,311.61,474.96,187.63,398.23,158.76
351.89,283.06,428.05,311.21,473.67,187.18,397.51,159.04
351.90,283.39,427.50,310.80,472.37,186.73,396.78,159.32
351.92,283.72,426.94,310.40,471.08,186.28,396.06,159.60
350.96,285.10,425.13,311.19,468.48,187.78,394.31,161.69
349.99,286.48,423.31,311.98,465.88,189.27,392.56,163.77
349.03,287.87,421.50,312.76,463.28,190.76,390.81,165.86
348.07,289.25,419.68,313.55,460.68,192.25,389.07,167.95
347.11,290.63,417.87,314.34,458.08,193.74,387.32,170.03
346.14,292.02,416.05,315.13,455.48,195.23,385.57,172.12
345.18,293.40,414.24,315.92,452.88,196.72,383.82,174.21
344.22,294.79,412.43,316.71,450.28,198.21,382.07,176.29
343.26,296.17,410.61,317.50,447.68,199.71,380.33,178.38
342.30,297.55,408.80,318.29,445.08,201.20,378.58,180.46
341.33,298.94,406.98,319.08,442.48,202.69,376.83,182.55
340.37,300.32,405.17,319.86,439.88,204.18,375.08,184.63
339.41,301.70,403.36,320.65,437.28,205.67,373.33,186.72
338.45,303.09,401.54,321.44,434.68,207.16,371.58,188.81
337.48,304.47,399.73,322.23,432.08,208.65,369.84,190.89
336.52,305.86,397.91,323.02,429.48,210.15,368.09,192.98
335.66,307.41,396.42,324.51,427.88,212.74,367.12,195.64
334.79,308.97,394.92,326.01,426.28,215.34,366.15,198.30
333.93,310.53,393.43,327.50,424.69,217.94,365.19,200.96
333.06,312.08,391.93,328.99,423.09,220.53,364.22,203.62
332.20,313.64,390.44,330.49,421.50,223.13,363.26,206.28
331.33,315.20,388.94,331.98,419.90,225.73,362.29,208.94
330.47,316.75,387.45,333.47,418.30,228.32,361.32,211.60
329.60,318.31,385.95,334.97,416.71,230.92,360.36,214.26
328.73,319.87,384.46,336.46,415.11,233.52,359.39,216.93
327.87,321.42,382.96,337.95,413.52,236.11,358.42,219.59
327.00,322.98,381.47,339.45,411.92,238.71,357.45,222.25
326.14,324.54,379.97,340.94,410.32,241.31,356.49,224.91
325.27,326.10,378.48,342.43,408.73,243.90,355.52,227.57
324.27,330.82,376.88,346.17,405.23,249.18,352.62,233.83
323.27,335.54,375.28,349.92,401.73,254.46,349.72,240.08
322.26,340.26,373.67,353.66,398.24,259.74,346.83,246.34
321.26,344.98,372.07,357.40,394.74,265.02,343.93,252.60
321.66,347.24,372.42,359.60,394.84,267.76,344.08,255.40
322.05,349.51,372.77,361.80,394.95,270.49,344.23,258.20
322.45,351.78,373.12,364.00,395.05,273.22,344.38,261.00
322.84,354.05,373.46,366.20,395.16,275.95,344.54,263.80
323.23,356.31,373.81,368.40,395.27,278.69,344.69,266.60
323.63,358.58,374.16,370.60,395.37,281.42,344.84,269.40
322.88,361.32,372.61,373.12,393.49,285.12,343.77,273.32
322.14,364.06,371.05,375.64,391.61,288.82,342.70,277.23
321.39,366.80,369.50,378.17,389.73,292.51,341.62,281.15
320.65,369.54,367.95,380.69,387.85,296.21,340.55,285.06
315.90,371.14,362.39,382.08,381.97,298.78,335.48,287.84
311.16,372.75,356.84,383.47,376.09,301.34,330.41,290.62
306.41,374.36,351.29,384.86,370.21,303.90,325.34,293.41
301.67,375.96,345.73,386.24,364.33,306.47,320.27,296.19
296.92,377.57,340.18,387.63,358.45,309.03,315.20,298.97
290.39,377.83,332.84,387.68,350.79,310.25,308.34,300.41
283.86,378.10,325.50,387.73,343.12,311.48,301.48,301.85
282.23,379.76,323.06,389.17,340.36,314.10,299.52,304.69
280.60,381.43,320.62,390.62,337.59,316.72,297.57,307.52
278.97,383.09,318.18,392.07,334.83,319.34,295.61,310.36
277.34,384.75,315.74,393.51,332.06,321.96,293.65,313.20
275.71,386.42,313.30,394.96,329.29,324.58,291.70,316.04
274.40,388.08,311.83,396.29,327.12,326.77,289.69,318.56
273.09,389.74,310.35,397.62,324.94,328.95,287.68,321.08
271.78,391.41,308.87,398.95,322.77,331.14,285.68,323.60
273.68,392.61,310.60,399.82,323.80,332.86,286.88,325.65
275.58,393.82,312.33,400.70,324.83,334.59,288.08,327.71
277.47,395.02,314.06,401.57,325.87,336.32,289.28,329.77
279.37,396.23,315.79,402.44,326.90,338.05,290.48,331.83
281.27,397.43,317.52,403.31,327.93,339.77,291.68,333.89
283.17,398.64,319.25,404.18,328.97,341.50,292.89,335.95
285.07,399.84,320.98,405.05,330.00,343.23,294.09,338.01
286.97,401.05,322.71,405.93,331.03,344.95,295.29,340.07
287.54,401.55,322.82,406.18,330.73,346.07,295.44,341.44
288.11,402.05,322.93,406.44,330.42,347.19,295.59,342.80
288.68,402.55,323.05,406.69,330.11,348.31,295.74,344.16
289.25,403.04,323.16,406.95,329.80,349.43,295.89,345.53
289.82,403.54,323.27,407.20,329.49,350.55,296.04,346.89
290.39,404.04,323.38,407.46,329.18,351.67,296.19,348.25
290.96,404.54,323.49,407.72,328.87,352.79,296.34,349.62
291.53,405.04,323.61,407.97,328.57,353.91,296.49,350.98
292.10,405.54,323.72,408.23,328.26,355.03,296.64,352.35
292.67,406.04,323.83,408.48,327.95,356.15,296.79,353.71
293.24,406.54,323.94,408.74,327.64,357.27,296.94,355.07
293.81,407.04,324.05,408.99,327.33,358.39,297.09,356.43
293.91,406.10,324.01,408.88,328.66,358.62,298.56,355.83
294.01,405.16,323.97,408.77,329.99,358.84,300.03,355.23
297.00,405.07,326.65,408.66,332.61,359.36,302.97,355.78
299.99,404.98,329.33,408.55,335.24,359.89,305.90,356.32
302.98,404.90,332.01,408.44,337.86,360.41,308.83,356.87
305.97,404.81,334.70,408.33,340.49,360.93,311.77,357.42
308.96,404.73,337.38,408.22,343.12,361.45,314.70,357.96
311.95,404.64,340.06,408.11,345.74,361.97,317.63,358.51
318.74,407.75,346.74,407.90,347.00,362.06,318.99,361.91
325.52,410.86,353.42,407.69,348.26,362.15,320.36,365.32
319.65,364.78,324.02,409.30,351.37,406.63,347.01,362.11
318.95,364.25,322.51,407.74,349.32,405.56,345.76,362.06
318.25,363.71,321.01,406.19,347.26,404.49,344.50,362.02
317.55,363.18,319.50,404.63,345.21,403.42,343.25,361.97
318.00,403.07,343.16,402.36,342.00,361.93,316.84,362.64
316.38,359.34,317.49,399.54,342.72,398.85,341.62,358.65
315.92,356.04,316.97,396.00,342.29,395.34,341.23,355.38
315.45,352.74,316.46,392.46,341.86,391.83,340.85,352.11
314.99,349.43,315.95,388.92,341.42,388.33,340.47,348.84
314.53,346.13,315.43,385.38,340.99,384.82,340.09,345.57
314.07,342.83,314.92,381.84,340.56,381.31,339.70,342.30
311.10,339.53,311.91,378.30,337.62,377.80,336.82,339.03
308.14,336.23,308.89,374.77,334.69,374.30,333.94,335.76
305.18,332.92,305.88,371.23,331.76,370.79,331.05,332.49
305.71,329.62,306.37,367.69,332.33,367.28,331.67,329.21
306.25,326.32,306.85,364.15,332.89,363.78,332.29,325.94
306.32,324.56,306.87,362.16,332.99,361.81,332.44,324.22
306.39,322.80,306.89,360.17,333.09,359.85,332.58,322.49
306.45,321.05,306.90,358.17,333.18,357.89,332.73,320.77
306.52,319.29,306.92,356.18,333.28,355.93,332.88,319.04
306.59,317.53,306.94,354.19,333.38,353.97,333.03,317.32
306.65,315.78,306.96,352.19,333.48,352.01,333.17,315.59
305.38,314.15,305.63,350.33,332.23,350.17,331.98,313.99
304.10,312.52,304.30,348.46,330.98,348.34,330.78,312.39
302.83,310.89,302.98,346.60,329.74,346.50,329.59,310.80
301.55,309.26,301.65,344.73,328.49,344.67,328.39,309.20
300.28,307.63,300.33,342.87,327.25,342.83,327.20,307.60
299.00,341.00,326.00,341.00,326.00,306.00,299.00,306.00
299.83,339.35,326.78,339.35,326.78,304.63,299.83,304.63
300.66,337.70,327.56,337.70,327.56,303.27,300.66,303.27
301.49,336.04,328.34,336.04,328.34,301.90,301.49,301.90
302.31,334.39,329.12,334.39,329.12,300.53,302.31,300.53
303.14,332.74,329.90,332.74,329.90,299.17,303.14,299.17
303.97,331.09,330.69,331.09,330.69,297.80,303.97,297.80
305.58,330.21,332.24,330.21,332.24,297.21,305.58,297.21
307.18,329.34,333.80,329.34,333.80,296.62,307.18,296.62
308.79,328.46,335.36,328.46,335.36,296.03,308.79,296.03
310.40,327.59,336.92,327.59,336.92,295.44,310.40,295.44
306.60,325.81,333.08,325.81,333.08,293.96,306.60,293.96
302.81,324.04,329.24,324.04,329.24,292.47,302.81,292.47
299.02,322.26,325.40,322.26,325.40,290.98,299.02,290.98
295.22,320.49,321.56,320.49,321.56,289.49,295.22,289.49
291.43,318.71,317.71,318.71,317.71,288.00,291.43,288.00
291.86,316.76,318.10,316.76,318.10,286.33,291.86,286.33
292.29,314.81,318.48,314.81,318.48,284.67,292.29,284.67
292.71,312.86,318.86,312.86,318.86,283.00,292.71,283.00
293.14,310.90,319.24,310.90,319.24,281.33,293.14,281.33
293.57,308.95,319.62,308.95,319.62,279.67,293.57,279.67
294.00,307.00,320.00,307.00,320.00,278.00,294.00,278.00
295.82,276.40,296.02,305.63,321.72,305.50,321.53,276.27
297.65,274.81,298.04,304.27,323.45,304.00,323.05,274.54
299.47,273.21,300.07,302.90,325.17,302.50,324.58,272.81
301.30,271.62,302.09,301.54,326.89,301.00,326.10,271.08
303.12,270.02,304.11,300.17,328.62,299.50,327.63,269.35
304.95,268.43,306.13,298.80,330.34,298.00,329.15,267.62
308.23,266.54,309.61,297.15,333.52,296.21,332.14,265.60
311.51,264.65,313.09,295.49,336.70,294.42,335.12,263.58
314.79,262.77,316.57,293.83,339.89,292.63,338.11,261.56
318.08,260.88,320.05,292.17,343.07,290.83,341.09,259.54
321.36,258.99,323.53,290.52,346.25,289.04,344.08,257.52
324.64,257.11,327.01,288.86,349.43,287.25,347.06,255.50
327.92,255.22,330.49,287.20,352.61,285.46,350.04,253.48
333.97,285.54,355.79,283.67,353.03,251.46,331.21,253.33
334.80,254.66,338.02,286.40,359.45,284.25,356.24,252.50
338.40,255.98,342.06,287.26,363.11,284.83,359.45,253.55
342.00,257.31,346.10,288.12,366.77,285.41,362.67,254.60
345.60,258.63,350.14,288.98,370.43,285.99,365.88,255.64
349.20,259.95,354.19,289.84,374.09,286.57,369.09,256.69
352.79,261.28,358.23,290.70,377.74,287.16,372.31,257.73
356.39,262.61,362.27,291.56,381.40,287.74,375.52,258.78
359.99,263.93,366.32,292.42,385.06,288.32,378.73,259.83
363.59,265.25,370.36,293.28,388.72,288.90,381.95,260.87
365.02,265.86,372.24,293.42,390.21,288.76,382.99,261.19
366.45,266.46,374.11,293.56,391.70,288.62,384.04,261.52
367.88,267.06,375.99,293.70,393.20,288.48,385.09,261.84
377.86,293.83,394.69,288.34,386.14,262.17,369.31,267.66
369.87,267.46,377.58,293.85,394.57,288.89,386.86,262.50
370.43,267.25,377.30,293.86,394.45,289.44,387.58,262.84
370.99,267.05,377.02,293.86,394.33,289.99,388.30,263.18
371.55,266.84,376.73,293.87,394.21,290.55,389.03,263.51
372.11,266.63,376.45,293.88,394.09,291.10,389.75,263.85
372.67,266.42,376.17,293.89,393.97,291.65,390.47,264.19
373.90,268.00,377.32,295.24,394.99,293.05,391.58,265.81
375.13,269.58,378.47,296.59,396.02,294.44,392.68,267.43
376.36,271.15,379.62,297.94,397.05,295.84,393.78,269.05
377.58,272.73,380.78,299.29,398.08,297.23,394.89,270.67
378.99,273.08,382.11,299.42,399.29,297.41,396.17,271.07
380.40,273.44,383.45,299.55,400.50,297.59,397.46,271.48
381.82,273.80,384.78,299.69,401.72,297.77,398.75,271.88
383.23,274.16,386.12,299.82,402.93,297.94,400.03,272.28
383.40,273.27,386.22,298.70,402.90,296.87,400.08,271.43
383.57,272.37,386.32,297.58,402.88,295.79,400.13,270.59
383.74,271.48,386.41,296.46,402.85,294.72,400.18,269.74
383.92,270.58,386.51,295.34,402.83,293.64,400.23,268.89
384.09,269.69,386.61,294.22,402.80,292.57,400.28,268.04
384.26,268.80,386.71,293.10,402.77,291.49,400.33,267.19
384.44,267.90,386.81,291.98,402.75,290.42,400.38,266.34
384.61,267.01,386.90,290.86,402.72,289.34,400.43,265.49
384.78,266.11,387.00,289.74,402.70,288.27,400.48,264.64
386.51,264.61,388.66,288.01,404.23,286.58,402.08,263.18
390.31,286.28,405.76,284.90,403.69,261.72,388.24,263.10
389.63,262.20,391.93,285.32,407.30,283.79,404.99,260.67
391.01,261.29,393.55,284.36,408.83,282.68,406.30,259.61
392.40,260.39,395.17,283.40,410.37,281.57,407.61,258.55
393.86,259.54,396.48,282.45,411.57,280.70,408.95,257.79
395.32,258.68,397.80,281.49,412.77,279.84,410.30,257.04
396.78,257.83,399.11,280.53,413.97,278.98,411.64,256.28
398.24,256.98,400.43,279.57,415.17,278.11,412.98,255.52
399.70,256.12,401.74,278.61,416.37,277.25,414.33,254.77
398.01,256.17,399.91,278.55,414.42,277.29,412.52,254.91
396.33,256.22,398.07,278.49,412.47,277.33,410.72,255.05
394.64,256.26,396.24,278.43,410.52,277.36,408.91,255.20
392.95,256.31,394.40,278.37,408.57,277.40,407.11,255.34
388.72,256.61,390.03,278.57,404.08,277.70,402.76,255.74
384.49,256.92,385.66,278.76,399.58,277.99,398.42,256.14
380.26,257.22,381.28,278.96,395.10,278.28,394.08,256.54
376.54,257.04,377.41,278.68,391.11,278.10,390.24,256.46
372.82,256.87,373.55,278.40,387.12,277.92,386.40,256.39
370.76,256.70,371.34,278.12,384.81,277.73,384.22,256.31
368.70,256.52,369.14,277.84,382.49,277.55,382.05,256.23
366.65,256.35,366.94,277.56,380.17,277.37,379.88,256.15
365.32,256.17,365.47,277.28,378.58,277.18,378.44,256.08
364.00,277.00,377.00,277.00,377.00,256.00,364.00,256.00
363.84,277.65,376.90,277.65,376.90,256.82,363.84,256.82
363.69,278.29,376.80,278.29,376.80,257.65,363.69,257.65
363.53,278.94,376.71,278.94,376.71,258.47,363.53,258.47
364.99,280.16,378.23,280.16,378.23,259.87,364.99,259.87
366.45,281.38,379.75,281.38,379.75,261.26,366.45,261.26
367.92,282.60,381.27,282.60,381.27,262.65,367.92,262.65
369.13,282.75,382.54,282.75,382.54,262.98,369.13,262.98
370.34,282.90,383.81,282.90,383.81,263.31,370.34,263.31
371.55,283.05,385.08,283.05,385.08,263.64,371.55,263.64
372.77,283.20,386.35,283.20,386.35,263.96,372.77,263.96
374.37,281.03,388.02,281.03,388.02,261.97,374.37,261.97
375.98,278.86,389.68,278.86,389.68,259.97,375.98,259.97
377.58,276.68,391.35,276.68,391.35,257.98,377.58,257.98
378.18,268.01,392.01,268.01,392.01,249.48,378.18,249.48
378.79,259.34,392.67,259.34,392.67,240.99,378.79,240.99
381.39,256.67,395.34,256.67,395.34,238.49,381.39,238.49
384.00,254.00,398.00,254.00,398.00,236.00,384.00,236.00
387.75,252.93,401.68,252.93,401.68,235.07,387.75,235.07
391.50,251.87,405.37,251.87,405.37,234.13,391.50,234.13
395.25,250.80,409.05,250.80,409.05,233.20,395.25,233.20
399.00,249.73,412.73,249.73,412.73,232.27,399.00,232.27
403.23,247.67,416.89,247.67,416.89,230.33,403.23,230.33
407.45,245.60,421.05,245.60,421.05,228.40,407.45,228.40
410.60,244.51,424.13,244.51,424.13,227.44,410.60,227.44
413.74,243.41,427.21,243.41,427.21,226.48,413.74,226.48
416.89,242.32,430.29,242.32,430.29,225.52,416.89,225.52
420.03,241.22,433.36,241.22,433.36,224.56,420.03,224.56
423.32,240.08,436.59,240.08,436.59,223.54,423.32,223.54
426.62,238.93,439.82,238.93,439.82,222.53,426.62,222.53
427.41,238.62,440.55,238.62,440.55,222.36,427.41,222.36
428.21,238.31,441.27,238.31,441.27,222.18,428.21,222.18
429.00,238.00,442.00,238.00,442.00,222.00,429.00,222.00
428.74,237.64,441.74,237.64,441.74,221.56,428.74,221.56
428.48,237.29,441.48,237.29,441.48,221.12,428.48,221.12
428.21,236.93,441.21,236.93,441.21,220.68,428.21,220.68
427.95,236.57,440.95,236.57,440.95,220.24,427.95,220.24
427.69,236.21,440.69,236.21,440.69,219.80,427.69,219.80
427.43,235.86,440.43,235.86,440.43,219.36,427.43,219.36
427.17,235.50,440.17,235.50,440.17,218.92,427.17,218.92
427.93,234.80,440.93,234.80,440.93,218.13,427.93,218.13
428.70,234.10,441.70,234.10,441.70,217.35,428.70,217.35
429.47,233.40,442.47,233.40,442.47,216.57,429.47,216.57
430.23,232.70,443.23,232.70,443.23,215.78,430.23,215.78
431.00,232.00,444.00,232.00,444.00,215.00,431.00,215.00
433.47,229.82,446.55,230.15,446.91,213.43,433.83,213.10
435.93,227.64,449.09,228.31,449.82,211.86,436.66,211.19
438.40,225.46,451.64,226.46,452.73,210.29,439.48,209.29
440.86,223.28,454.19,224.62,455.64,208.72,442.31,207.38
443.33,221.10,456.73,222.77,458.55,207.15,445.14,205.48
445.79,218.91,459.28,220.92,461.46,205.59,447.97,203.58
448.26,216.73,461.83,219.08,464.36,204.02,450.80,201.67
450.73,214.55,464.37,217.23,467.27,202.45,453.63,199.77
453.97,211.03,467.49,213.86,470.60,199.12,457.08,196.28
457.21,207.50,470.61,210.50,473.93,195.79,460.54,192.79
460.45,203.97,473.72,207.13,477.26,192.46,463.99,189.30
463.69,200.45,476.84,203.76,480.59,189.12,467.45,185.81
452.72,196.17,465.74,199.64,469.70,185.04,456.69,181.57
441.74,191.89,454.64,195.52,458.82,180.96,445.92,177.33
444.27,189.12,457.04,192.91,461.43,178.38,448.66,174.59
444.51,187.53,457.15,191.48,461.76,176.99,449.11,173.04
444.75,185.95,457.27,190.05,462.08,175.60,449.57,171.49
438.99,184.36,451.38,188.63,456.41,174.21,444.02,169.95
432.65,183.69,444.91,188.12,450.15,173.74,437.89,169.31
426.30,183.02,438.44,187.60,443.90,173.27,431.76,168.68
419.96,182.35,431.97,187.09,437.64,172.79,425.63,168.05
413.61,181.68,425.50,186.58,431.39,172.32,419.50,167.42
413.97,179.06,425.82,183.90,431.61,169.72,419.76,164.88
408.32,176.45,420.14,181.22,425.84,167.12,414.01,162.34
399.83,175.50,411.63,180.21,417.23,166.19,405.44,161.47
391.35,174.55,403.11,179.20,408.63,165.25,396.86,160.60
382.87,173.60,394.60,178.18,400.02,164.32,388.29,159.74
375.32,172.38,387.02,176.90,392.35,163.12,380.65,158.60
376.27,172.66,387.94,177.12,393.17,163.42,381.51,158.96
387.22,172.95,398.86,177.34,404.00,163.72,392.36,159.33
392.67,170.61,404.28,174.93,409.33,161.39,397.72,157.07
401.98,170.23,413.61,174.93,419.02,161.47,407.39,156.77
416.95,171.85,428.61,176.93,434.39,163.55,422.73,158.47
422.04,172.72,433.73,178.18,439.87,164.88,428.18,159.42
407.14,169.59,418.85,175.43,425.36,162.21,413.65,156.37
368.24,169.12,379.98,175.34,386.85,162.21,375.11,155.99
365.73,169.66,377.50,176.26,384.73,163.21,372.97,156.61
355.23,170.20,367.02,177.17,374.62,164.20,362.83,157.23
359.23,167.07,371.05,174.42,379.01,161.53,367.19,154.18
365.22,167.94,377.07,175.67,385.40,162.86,373.55,155.13
365.72,166.81,377.59,174.92,386.28,162.19,374.41,154.08
369.68,167.06,381.52,175.05,390.18,162.23,378.33,154.23
379.64,165.31,391.45,173.19,400.07,160.26,388.26,152.38
390.41,164.56,402.18,172.32,410.76,159.30,398.99,151.53
395.17,163.81,406.91,171.46,415.46,158.34,403.72,150.68
399.94,163.06,411.64,170.60,420.15,157.37,408.44,149.83
396.70,162.31,408.37,169.73,416.84,156.41,405.17,148.98
393.46,161.56,405.10,168.87,413.54,155.44,401.90,148.13
387.48,160.88,399.07,168.50,407.72,155.32,396.13,147.70
381.50,160.21,393.04,168.14,401.90,155.19,390.36,147.26
375.52,159.53,387.02,167.77,396.08,155.07,384.58,146.83
369.54,158.86,380.99,167.40,390.27,154.94,378.81,146.40
363.55,158.18,374.96,167.04,384.45,154.82,373.04,145.96
358.48,159.24,369.84,168.00,379.23,155.82,367.87,147.06
353.40,160.29,364.73,168.96,374.02,156.83,362.70,148.16
348.33,161.34,359.61,169.93,368.81,157.84,357.52,149.25
344.33,162.32,355.58,170.81,364.68,158.76,353.43,150.27
340.34,163.29,351.55,171.69,360.55,159.68,349.34,151.28
342.35,163.26,353.51,171.57,362.42,159.61,351.26,151.30
344.36,163.23,355.48,171.45,364.29,159.53,353.17,151.31
347.40,163.95,358.48,172.08,367.19,160.20,356.11,152.07
350.45,164.67,361.49,172.71,370.10,160.88,359.06,152.84
353.88,163.56,364.88,171.50,373.39,159.72,362.39,151.77
357.31,162.44,368.27,170.30,376.69,158.56,365.73,150.70
365.47,151.88,378.95,151.88,378.95,165.69,365.47,165.69
370.80,150.27,384.06,150.27,384.06,163.88,370.80,163.88
373.68,159.04,386.80,163.53,391.61,151.68,378.49,147.19
379.13,157.90,392.97,161.27,396.58,149.38,382.74,146.01
384.92,157.94,399.48,160.18,401.89,148.25,387.33,146.01
390.71,157.97,405.99,159.09,407.19,147.13,391.91,146.01
392.00,158.00,408.00,158.00,408.00,146.00,392.00,146.00
395.51,158.08,411.45,158.54,411.82,146.42,395.88,145.96
399.02,158.16,414.90,159.07,415.64,146.84,399.76,145.93
402.53,158.24,418.36,159.61,419.47,147.26,403.64,145.89
406.05,158.32,421.81,160.15,423.29,147.68,407.53,145.85
409.56,158.41,425.26,160.69,427.11,148.09,411.41,145.81
413.07,158.49,428.71,161.22,430.93,148.51,415.29,145.78
414.06,158.32,429.86,160.88,431.94,148.21,416.14,145.66
415.06,158.15,431.02,160.53,432.94,147.91,416.98,145.54
416.05,157.99,432.17,160.18,433.95,147.61,417.83,145.42
414.55,157.41,430.82,159.41,432.45,146.89,416.18,144.89
413.05,156.82,429.47,158.65,430.95,146.18,414.53,144.35
411.54,156.24,428.13,157.88,429.46,145.46,412.87,143.82
410.04,155.66,426.78,157.12,427.96,144.74,411.22,143.28
408.53,155.08,425.43,156.35,426.47,144.02,409.57,142.75
407.03,154.49,424.08,155.59,424.97,143.30,407.92,142.21
405.52,153.91,422.74,154.82,423.48,142.59,406.26,141.68
404.02,153.33,421.39,154.06,421.98,141.87,404.61,141.14
402.51,152.75,420.04,153.29,420.49,141.15,402.96,140.60
401.01,152.16,418.70,152.53,418.99,140.43,401.30,140.07
399.50,151.58,417.35,151.76,417.50,139.72,399.65,139.54
398.00,151.00,416.00,151.00,416.00,139.00,398.00,139.00
395.67,151.90,413.57,151.90,413.57,139.90,395.67,139.90
393.33,152.80,411.13,152.80,411.13,140.80,393.33,140.80
391.00,153.70,408.70,153.70,408.70,141.70,391.00,141.70
388.67,154.60,406.27,154.60,406.27,142.60,388.67,142.60
386.33,155.50,403.83,155.50,403.83,143.50,386.33,143.50
384.00,157.60,401.40,157.60,401.40,145.60,384.00,145.60
381.94,158.78,399.82,159.53,400.36,147.12,382.48,146.37
379.89,159.95,398.24,161.46,399.31,148.65,380.95,147.14
377.83,161.13,396.67,163.40,398.27,150.17,379.43,147.90
375.78,162.30,395.09,165.33,397.22,151.70,377.91,148.67
372.89,162.63,391.26,165.65,393.44,152.37,375.08,149.35
370.01,162.97,387.42,165.97,389.66,153.03,372.25,150.03
367.13,163.30,383.58,166.29,385.87,153.70,369.42,150.71
362.15,162.70,379.26,165.66,381.45,153.10,364.34,150.14
357.17,162.10,374.94,165.03,377.03,152.50,359.26,149.57
354.69,162.34,373.11,165.24,375.11,152.73,356.69,149.83
352.21,162.57,371.29,165.45,373.18,152.96,354.11,150.09
349.74,162.80,369.46,165.65,371.26,153.20,351.54,150.35
