162.000,231.000,210.000,231.000,210.000,54.000,162.000,54.000
163.890,230.330,211.440,230.330,211.440,53.670,163.890,53.670
165.780,229.670,212.890,229.670,212.890,53.330,165.780,53.330
164.850,229.000,211.520,229.000,211.520,53.000,164.850,53.000
167.930,227.330,214.150,227.330,214.150,51.670,167.930,51.670
168.720,228.740,214.500,228.740,214.500,53.400,168.720,53.400
171.360,229.990,216.690,229.990,216.690,54.990,171.360,54.990
170.660,228.570,215.550,228.570,215.550,53.910,170.660,53.910
169.960,227.160,214.410,227.160,214.410,52.820,169.960,52.820
168.070,224.840,212.070,224.840,212.070,50.840,168.070,50.840
166.170,222.530,209.730,222.530,209.730,48.860,166.170,48.860
164.280,222.090,207.390,222.090,207.390,48.750,164.280,48.750
162.380,221.650,205.050,221.650,205.050,48.650,162.380,48.650
160.480,221.200,202.710,221.200,202.710,48.540,160.480,48.540
158.590,220.760,200.360,220.760,200.360,48.430,158.590,48.430
156.690,220.320,198.020,220.320,198.020,48.320,156.690,48.320
154.790,219.880,195.680,219.880,195.680,48.220,154.790,48.220
152.900,219.440,193.340,219.440,193.340,48.110,152.900,48.110
151.000,219.000,191.000,219.000,191.000,48.000,151.000,48.000
150.350,218.620,189.800,218.930,191.380,48.880,151.920,48.570
149.700,218.240,188.600,218.850,191.750,49.760,152.840,49.150
149.040,217.850,187.410,218.780,192.120,50.650,153.760,49.720
148.390,217.470,186.210,218.710,192.500,51.530,154.680,50.290
147.740,217.090,185.010,218.630,192.870,52.410,155.600,50.870
147.090,216.710,183.810,218.560,193.250,53.290,156.520,51.440
146.430,216.330,182.610,218.490,193.620,54.170,157.440,52.010
145.780,215.950,181.410,218.410,194.000,55.050,158.360,52.580
145.130,215.570,180.220,218.340,194.370,55.940,159.280,53.160
144.480,215.180,179.020,218.270,194.750,56.820,160.200,53.730
143.820,214.800,177.820,218.200,195.120,57.700,161.120,54.300
143.170,214.420,176.620,218.120,195.500,58.580,162.040,54.880
142.520,214.040,175.430,218.050,195.870,59.460,162.960,55.450
141.870,213.660,174.230,217.980,196.250,60.340,163.880,56.020
141.210,213.270,173.030,217.900,196.620,61.230,164.800,56.600
140.560,212.890,171.830,217.830,196.990,62.110,165.730,57.170
139.910,212.510,170.630,217.760,197.370,62.990,166.650,57.740
139.260,212.130,169.430,217.680,197.740,63.870,167.570,58.320
139.710,212.440,169.940,217.970,198.070,64.170,167.840,58.640
140.160,212.750,170.440,218.260,198.400,64.470,168.110,58.970
140.610,213.060,170.950,218.540,198.720,64.770,168.380,59.290
141.060,213.370,171.450,218.830,199.050,65.070,168.660,59.620
141.510,213.680,171.960,219.110,199.380,65.370,168.930,59.940
141.960,214.000,172.460,219.400,199.700,65.670,169.200,60.270
142.410,214.310,172.970,219.680,200.030,65.970,169.480,60.600
142.870,214.620,173.470,219.970,200.360,66.270,169.750,60.920
143.320,214.930,173.980,220.250,200.680,66.570,170.020,61.250
143.770,215.240,174.480,220.540,201.010,66.870,170.300,61.570
144.220,215.550,174.990,220.820,201.340,67.170,170.570,61.900
144.670,215.860,175.490,221.110,201.660,67.470,170.840,62.220
145.120,216.180,176.000,221.400,201.990,67.770,171.120,62.550
145.570,216.490,176.500,221.680,202.320,68.070,171.390,62.880
146.020,216.800,177.010,221.960,202.640,68.370,171.660,63.200
146.480,217.110,177.510,222.250,202.970,68.670,171.930,63.530
146.930,217.420,178.010,222.540,203.290,68.970,172.210,63.850
147.380,217.730,178.520,222.820,203.620,69.270,172.480,64.180
150.180,219.580,182.720,223.810,204.430,68.330,171.890,64.100
152.980,221.440,186.920,224.800,205.240,67.400,171.300,64.030
155.780,223.290,191.120,225.790,206.050,66.460,170.710,63.960
158.590,225.140,195.320,226.790,206.860,65.530,170.120,63.880
161.390,226.990,199.520,227.780,207.670,64.590,169.530,63.810
164.190,228.850,203.720,228.770,208.480,63.650,168.940,63.730
166.990,230.700,207.920,229.760,209.290,62.720,168.350,63.660
169.790,232.550,212.120,230.750,210.100,61.780,167.770,63.580
169.060,64.270,173.080,232.820,216.240,230.530,212.220,61.980
170.360,64.960,176.380,233.100,220.350,230.310,214.340,62.170
171.660,65.650,179.670,233.370,224.460,230.080,216.460,62.370
172.960,66.340,182.960,233.640,228.580,229.860,218.580,62.560
174.260,67.030,186.250,233.910,232.690,229.640,220.700,62.760
175.550,67.720,189.540,234.180,236.800,229.420,222.820,62.950
176.850,68.400,192.830,234.450,240.920,229.200,224.930,63.150
178.150,69.090,196.120,234.720,245.030,228.970,227.050,63.340
179.450,69.780,199.410,234.990,249.140,228.750,229.180,63.540
202.710,235.270,253.260,228.530,231.290,63.730,180.740,70.470
184.530,68.840,205.710,234.150,255.660,227.690,234.480,62.380
188.320,67.210,208.720,233.040,258.070,226.850,237.670,61.020
192.110,65.580,211.730,231.920,260.470,226.010,240.850,59.660
195.900,63.950,214.740,230.800,262.880,225.160,244.040,58.310
199.690,62.320,217.740,229.690,265.280,224.320,247.230,56.950
203.480,60.690,220.750,228.570,267.690,223.480,250.410,55.590
207.270,59.050,223.760,227.460,270.090,222.640,253.600,54.240
211.060,57.420,226.770,226.340,272.500,221.800,256.790,52.880
211.920,56.920,226.850,226.350,271.980,222.080,257.050,52.650
212.790,56.410,226.930,226.360,271.460,222.370,257.310,52.420
213.650,55.900,227.020,226.370,270.940,222.650,257.570,52.180
214.510,55.400,227.100,226.380,270.420,222.930,257.830,51.950
215.380,54.890,227.180,226.390,269.900,223.220,258.090,51.720
216.240,54.390,227.270,226.400,269.380,223.500,258.360,51.490
217.110,53.880,227.350,226.410,268.860,223.790,258.620,51.260
217.970,53.370,227.430,226.420,268.340,224.070,258.880,51.020
218.840,52.870,227.520,226.430,267.820,224.350,259.140,50.790
227.600,226.440,267.300,224.640,259.400,50.560,219.700,52.360
221.820,224.960,260.550,225.460,262.640,55.790,223.910,55.290
216.030,223.480,253.790,226.290,265.890,61.020,228.120,58.220
210.250,222.000,247.040,227.110,269.130,66.250,232.340,61.140
204.460,220.520,240.290,227.930,272.370,71.480,236.550,64.070
198.680,219.040,233.530,228.750,275.610,76.710,240.760,67.000
192.900,217.560,226.780,229.580,278.850,81.940,244.970,69.920
189.660,212.010,221.680,225.610,280.550,86.240,248.530,72.640
186.420,206.460,216.570,221.650,282.240,90.540,252.090,75.350
183.190,200.910,211.470,217.680,283.940,94.840,255.650,78.070
179.950,195.360,206.370,213.720,285.630,99.140,259.210,80.780
176.710,189.820,201.260,209.750,287.330,103.430,262.780,83.500
173.480,184.270,196.160,205.790,289.020,107.730,266.340,86.210
177.780,179.570,201.520,203.010,290.220,111.630,266.480,88.190
182.090,174.880,206.880,200.230,291.410,115.520,266.620,90.170
186.400,170.180,212.230,197.460,292.600,119.420,266.770,92.140
190.700,165.490,217.590,194.680,293.800,123.310,266.910,94.120
195.010,160.790,222.950,191.900,294.990,127.210,267.050,96.100
196.500,167.180,224.630,194.990,291.210,121.820,263.080,94.010
198.000,173.560,226.320,198.070,287.430,116.440,259.110,91.930
199.490,179.950,228.000,201.150,283.650,111.050,255.140,89.850
200.980,186.340,229.690,204.230,279.870,105.670,251.170,87.770
202.480,192.720,231.380,207.310,276.090,100.280,247.200,85.690
203.970,199.110,233.060,210.390,272.320,94.890,243.220,83.610
205.460,205.490,234.750,213.470,268.540,89.510,239.250,81.530
222.460,215.120,252.870,216.100,256.760,87.160,226.350,86.180
213.450,90.840,239.460,224.750,270.990,218.720,244.990,84.810
256.460,234.380,289.120,221.340,233.210,82.460,200.550,95.500
194.540,91.680,249.970,231.350,282.750,218.440,227.320,78.760
188.530,87.860,243.480,228.320,276.380,215.530,221.430,75.070
182.520,84.040,236.990,225.290,270.020,212.630,215.550,71.380
176.510,75.470,230.490,217.510,263.650,204.980,209.660,62.930
170.500,66.900,224.000,209.730,257.280,197.320,203.770,54.490
164.490,58.330,217.510,201.950,250.910,189.670,197.890,46.050
158.480,49.760,211.020,194.180,244.540,182.020,192.000,37.600
151.220,38.440,203.280,183.650,236.930,171.610,184.860,26.410
148.270,34.670,199.860,180.660,233.620,168.750,182.040,22.760
145.330,30.890,196.430,177.670,230.320,165.890,179.220,19.110
142.380,27.110,193.000,174.690,227.020,163.030,176.390,15.460
139.430,23.340,189.580,171.700,223.710,160.170,173.570,11.810
136.490,19.560,186.150,168.710,220.410,157.310,170.750,8.160
138.440,21.380,187.620,171.330,222.010,160.050,172.820,10.110
189.100,173.940,223.600,162.790,174.900,12.060,140.400,23.210
145.580,26.270,193.340,176.240,227.940,165.250,180.180,15.290
150.770,29.340,197.580,178.530,232.270,167.710,185.460,18.520
155.950,32.410,201.820,180.820,236.600,170.160,190.740,21.750
161.140,35.470,206.060,183.120,240.930,172.620,196.010,24.980
166.330,38.540,210.300,185.410,245.260,175.080,201.290,28.210
171.510,41.600,214.540,187.700,249.600,177.540,206.570,31.440
176.700,44.670,218.770,190.000,253.930,179.990,211.850,34.670
185.580,54.130,226.710,198.690,261.950,188.850,220.820,44.290
194.460,63.590,234.640,207.380,269.980,197.700,229.790,53.920
200.740,72.620,239.970,215.630,275.400,206.120,236.160,63.110
207.020,81.650,245.310,223.890,280.830,214.540,242.540,72.300
212.810,82.020,250.150,223.490,285.770,214.300,248.420,72.840
218.600,82.400,255.000,223.090,290.710,214.070,254.310,73.380
224.400,82.770,259.850,222.690,295.650,213.830,260.200,73.920
230.190,83.150,264.700,222.290,300.590,213.600,266.080,74.450
235.990,83.520,269.550,221.890,305.530,213.370,271.970,74.990
238.880,84.890,271.500,222.490,307.570,214.130,274.960,76.530
241.780,86.270,273.440,223.100,309.610,214.900,277.950,78.070
243.840,86.810,274.560,222.860,310.820,214.830,280.100,78.770
245.900,87.350,275.670,222.630,312.020,214.760,282.250,79.480
247.210,87.140,276.040,221.650,312.480,213.940,283.650,79.430
248.520,86.930,276.400,220.670,312.940,213.120,285.060,79.390
249.840,86.720,276.770,219.690,313.400,212.300,286.460,79.340
277.130,218.710,313.850,211.490,287.870,79.290,251.150,86.510
248.850,84.230,271.950,218.220,309.230,211.820,286.130,77.830
246.550,81.950,266.770,217.730,304.620,212.140,284.390,76.360
244.250,79.660,261.590,217.240,300.000,212.470,282.660,74.890
241.960,77.380,256.410,216.750,295.380,212.800,280.920,73.430
239.660,75.100,251.230,216.260,290.760,213.130,279.180,71.960
237.360,72.810,246.050,215.780,286.140,213.460,277.450,70.490
235.060,70.530,240.870,215.290,281.520,213.790,275.710,69.030
232.760,68.240,235.690,214.800,276.900,214.120,273.980,67.560
230.470,65.960,230.510,214.310,272.280,214.440,272.240,66.090
225.330,213.820,267.660,214.770,270.500,64.620,228.170,63.680
220.150,213.340,263.040,215.100,268.770,63.160,225.870,61.390
214.970,212.850,258.420,215.430,267.030,61.690,223.570,59.110
209.790,212.360,253.810,215.760,265.290,60.220,221.280,56.830
203.660,209.890,247.830,214.000,261.840,58.100,217.670,53.990
197.540,207.410,241.860,212.230,258.380,55.970,214.050,51.150
191.410,204.940,235.890,210.470,254.930,53.850,210.440,48.310
187.110,207.090,231.750,213.340,253.300,56.350,208.660,50.100
182.820,209.240,227.610,216.200,251.680,58.850,206.890,51.890
178.520,211.390,223.480,219.060,250.060,61.350,205.110,53.680
174.230,213.540,219.340,221.930,248.440,63.850,203.330,55.470
169.940,215.700,215.200,224.790,246.810,66.350,201.550,57.260
165.640,217.850,211.060,227.650,245.190,68.850,199.770,59.040
161.350,220.000,206.920,230.510,243.570,71.350,197.990,60.830
157.050,222.150,202.790,233.380,241.950,73.850,196.210,62.620
156.930,224.620,202.290,236.420,244.270,77.180,198.910,65.380
156.810,227.080,201.800,239.450,246.590,80.520,201.600,68.150
156.680,229.540,201.310,242.490,248.910,83.860,204.290,70.910
148.200,229.320,192.260,246.050,254.350,88.620,210.290,71.890
139.710,229.090,183.200,249.600,259.780,93.390,216.280,72.880
131.210,228.870,174.140,253.160,265.210,98.160,222.280,73.860
133.550,231.330,176.140,255.800,268.560,100.980,225.980,76.510
135.520,230.440,177.590,254.840,270.370,100.900,228.310,76.500
137.490,229.560,179.030,253.880,272.190,100.820,230.650,76.490
139.460,228.670,180.480,252.920,274.010,100.740,232.990,76.480
141.430,227.780,181.930,251.960,275.820,100.650,235.320,76.470
143.400,226.890,183.380,251.000,277.640,100.570,237.660,76.460
145.370,226.000,184.830,250.040,279.460,100.490,240.000,76.450
147.340,225.120,186.270,249.080,281.270,100.400,242.340,76.440
149.310,224.230,187.720,248.120,283.090,100.320,244.680,76.430
151.280,223.340,189.170,247.170,284.900,100.240,247.010,76.420
153.250,222.450,190.620,246.210,286.720,100.160,249.350,76.400
155.220,221.570,192.070,245.250,288.540,100.080,251.690,76.390
154.900,223.110,191.570,247.190,290.300,101.570,253.630,77.490
154.580,224.650,191.070,249.120,292.050,103.060,255.560,78.580
152.270,221.530,188.550,245.940,290.040,97.320,253.760,72.910
149.970,218.420,186.040,242.760,288.030,91.580,251.960,67.240
151.890,220.350,187.800,245.400,293.220,95.180,257.300,70.130
153.810,222.290,189.560,248.050,298.400,98.780,262.650,73.020
155.730,224.220,191.310,250.690,303.590,102.380,268.000,75.910
157.260,222.590,192.660,249.460,307.190,100.690,271.790,73.820
158.790,220.950,194.010,248.220,310.800,99.010,275.580,71.740
160.320,219.320,195.360,246.980,314.410,97.320,279.370,69.660
161.850,217.680,196.710,245.750,318.020,95.640,283.150,67.570
163.380,216.050,198.060,244.510,321.620,93.950,286.940,65.490
162.460,205.630,198.140,239.320,323.140,95.030,287.460,61.350
161.540,195.220,198.220,234.120,324.660,96.110,287.980,57.210
175.060,198.530,214.690,239.130,329.740,101.470,290.110,60.870
176.360,192.550,217.640,237.190,329.860,103.820,288.570,59.180
177.660,186.560,220.600,235.250,329.970,106.180,287.030,57.490
178.960,180.570,223.550,233.300,330.090,108.540,285.490,55.810
179.300,182.840,228.320,229.780,324.070,98.250,275.050,51.320
179.650,185.100,233.100,226.250,318.050,87.970,264.600,46.830
180.000,187.360,237.870,222.720,312.030,77.690,254.160,42.340
193.930,204.960,256.080,226.550,300.080,65.080,237.940,43.480
207.870,222.560,274.290,230.390,288.130,52.460,221.720,44.630
221.810,240.150,292.490,234.220,276.190,39.850,205.510,45.780
205.120,47.750,227.310,240.140,296.380,232.670,274.190,40.280
204.740,49.720,232.800,240.120,300.260,231.120,272.200,40.710
204.350,51.690,238.300,240.110,304.150,229.570,270.200,41.140
203.970,53.650,243.790,240.100,308.030,228.010,268.210,41.570
203.580,55.620,249.290,240.080,311.920,226.460,266.210,42.000
203.200,57.590,254.780,240.070,315.800,224.910,264.220,42.430
202.810,59.560,260.270,240.060,319.690,223.350,262.230,42.860
202.430,61.530,265.770,240.040,323.570,221.800,260.230,43.290
203.200,64.470,268.630,240.110,324.500,221.530,259.070,45.890
203.970,67.410,271.500,240.180,325.430,221.260,257.900,48.490
204.750,70.340,274.360,240.240,326.350,220.990,256.740,51.090
205.520,73.280,277.220,240.310,327.280,220.720,255.580,53.690
206.290,76.220,280.090,240.380,328.210,220.450,254.410,56.290
207.070,79.160,282.950,240.440,329.130,220.180,253.250,58.890
207.840,82.090,285.810,240.510,330.060,219.910,252.090,61.490
208.610,85.030,288.680,240.580,330.990,219.640,250.920,64.090
209.390,87.970,291.540,240.640,331.910,219.370,249.760,66.690
294.400,240.710,332.840,219.100,248.600,69.290,210.160,90.900
208.290,90.910,291.970,241.540,330.540,220.090,246.860,69.460
206.430,90.920,289.540,242.370,328.240,221.080,245.130,69.630
204.560,90.920,287.100,243.200,325.940,222.080,243.400,69.800
202.700,90.930,284.670,244.040,323.640,223.070,241.670,69.960
200.830,90.930,282.230,244.870,321.340,224.070,239.940,70.130
198.970,90.940,279.800,245.700,319.040,225.060,238.210,70.300
197.100,90.940,277.360,246.530,316.740,226.060,236.480,70.470
194.180,89.950,275.260,246.130,314.710,225.470,233.620,69.290
191.250,88.950,273.160,245.720,312.680,224.880,230.770,68.110
188.330,87.960,271.060,245.320,310.650,224.290,227.920,66.930
185.410,86.960,268.960,244.920,308.630,223.710,225.070,65.750
174.570,86.490,262.340,254.100,309.440,229.340,221.680,61.740
255.720,263.280,310.260,234.980,218.280,57.720,163.740,86.020
165.610,84.480,254.200,261.330,308.010,234.190,219.410,57.330
167.470,82.940,252.690,259.390,305.750,233.390,220.530,56.940
169.340,81.400,251.170,257.450,303.500,232.600,221.660,56.560
171.200,79.860,249.660,255.500,301.240,231.810,222.790,56.170
173.060,78.320,248.150,253.560,298.990,231.020,223.910,55.780
174.930,76.770,246.630,251.610,296.740,230.230,225.040,55.390
176.790,75.230,245.120,249.670,294.480,229.430,226.160,55.000
178.660,73.690,243.600,247.720,292.230,228.640,227.290,54.610
180.520,72.150,242.090,245.780,289.980,227.850,228.410,54.220
182.390,70.610,240.570,243.840,287.730,227.060,229.540,53.830
184.250,69.070,239.060,241.890,285.470,226.260,230.660,53.440
186.120,67.530,237.540,239.950,283.220,225.470,231.790,53.050
187.980,65.990,236.030,238.000,280.960,224.680,232.910,52.670
189.840,64.440,234.510,236.060,278.710,223.890,234.040,52.280
191.710,62.900,233.000,234.110,276.460,223.100,235.170,51.890
193.570,61.360,231.490,232.170,274.210,222.300,236.290,51.500
195.440,59.820,229.970,230.220,271.950,221.510,237.420,51.110
228.460,228.280,269.700,220.720,238.540,50.720,197.300,58.280
194.690,62.130,226.450,231.520,267.640,223.790,235.880,54.390
192.080,65.980,224.440,234.770,265.590,226.860,233.220,58.070
189.460,69.820,222.440,238.010,263.540,229.930,230.560,61.740
189.080,73.010,228.540,234.510,268.090,224.790,228.620,63.300
188.690,76.210,234.650,231.010,272.640,219.660,226.680,64.860
188.300,79.400,240.760,227.500,277.200,214.530,224.740,66.430
187.920,82.590,246.860,224.000,281.750,209.400,222.800,67.990
188.570,85.360,246.740,227.590,281.940,213.160,223.770,70.920
189.230,88.120,246.620,231.190,282.120,216.930,224.730,73.860
188.320,90.490,244.930,234.390,280.740,220.290,224.130,76.390
188.100,87.730,244.660,237.710,282.100,223.580,225.540,73.610
187.870,84.980,244.400,241.040,283.470,226.880,226.940,70.820
187.640,82.220,244.130,244.360,284.830,230.180,228.350,68.040
183.810,83.390,245.880,244.000,286.300,228.380,224.240,67.770
179.980,84.560,247.620,243.640,287.770,226.580,220.130,67.510
176.150,85.740,249.370,243.270,289.240,224.780,216.020,67.240
172.320,86.910,251.120,242.910,290.710,222.980,211.910,66.980
175.530,84.880,252.800,241.270,292.580,221.680,215.310,65.290
178.740,82.860,254.480,239.620,294.450,220.380,218.710,63.610
181.950,80.830,256.160,237.980,296.330,219.080,222.110,61.930
185.150,78.800,257.840,236.340,298.200,217.780,225.510,60.240
188.360,76.780,259.520,234.690,300.070,216.480,228.910,58.560
192.010,74.170,258.080,235.920,299.710,218.950,233.630,57.200
256.640,237.160,299.340,221.430,238.350,55.840,195.660,71.570
196.800,70.110,255.630,236.970,298.070,221.840,239.250,54.990
197.950,68.660,254.610,236.790,296.800,222.260,240.140,54.130
199.090,67.200,253.590,236.600,295.540,222.670,241.030,53.280
200.230,65.740,252.570,236.410,294.270,223.090,241.930,52.420
201.380,64.290,251.560,236.230,293.000,223.500,242.820,51.560
202.520,62.830,250.540,236.040,291.730,223.920,243.710,50.710
206.570,61.980,250.690,234.780,291.220,223.730,247.100,50.930
210.610,61.130,250.840,233.510,290.720,223.540,250.490,51.150
211.810,57.310,252.350,233.350,292.490,223.390,251.950,47.350
213.000,53.500,253.850,233.200,294.260,223.240,253.410,43.550
213.820,53.430,254.340,233.260,294.210,223.520,253.680,43.690
214.630,53.350,254.830,233.330,294.160,223.800,253.960,43.820
215.450,53.280,255.320,233.390,294.120,224.070,254.240,43.960
216.260,53.210,255.810,233.460,294.070,224.350,254.520,44.100
217.070,53.140,256.300,233.530,294.020,224.620,254.800,44.240
217.890,53.070,256.790,233.590,293.970,224.900,255.070,44.380
218.700,53.000,257.280,233.660,293.930,225.180,255.350,44.510
219.520,52.930,257.770,233.730,293.880,225.450,255.630,44.650
219.660,51.330,253.550,237.940,290.260,230.760,256.360,44.150
223.810,49.240,252.540,238.090,289.130,232.020,260.400,43.180
227.950,47.160,251.520,238.240,288.000,233.290,264.430,42.220
224.480,48.080,236.260,235.120,283.500,232.640,271.720,45.610
221.000,232.000,279.000,232.000,279.000,49.000,221.000,49.000
218.210,233.090,252.910,235.790,267.790,44.920,233.090,42.210
219.560,233.440,253.990,235.590,265.240,47.530,230.810,45.380
220.910,233.790,255.060,235.390,262.690,50.140,228.540,48.540
222.260,234.150,256.130,235.200,260.140,52.750,226.270,51.700
219.400,235.670,253.490,237.400,260.650,54.970,226.560,53.250
216.550,237.190,250.850,239.600,261.150,57.200,226.850,54.790
213.700,238.710,248.220,241.800,261.660,59.420,227.140,56.330
210.840,240.230,245.580,244.000,262.160,61.650,227.420,57.880
207.990,241.750,242.950,246.200,262.670,63.870,227.710,59.420
205.140,243.270,240.310,248.400,263.170,66.100,228.000,60.970
204.070,243.430,239.460,249.240,265.460,66.960,230.070,61.150
203.000,243.600,238.610,250.090,267.760,67.830,232.150,61.340
201.930,243.760,237.760,250.930,270.050,68.700,234.220,61.530
200.870,243.920,236.910,251.770,272.340,69.570,236.290,61.720
199.800,244.090,236.060,252.620,274.630,70.430,238.370,61.900
198.730,244.250,235.210,253.460,276.920,71.300,240.440,62.090
197.660,244.410,234.360,254.300,279.210,72.170,242.510,62.280
195.980,242.650,236.940,255.230,286.340,73.700,245.380,61.120
194.290,240.890,239.520,256.160,293.480,75.240,248.240,59.970
192.600,239.130,242.100,257.090,300.610,76.770,251.110,58.810
190.910,237.370,244.690,258.020,307.750,78.310,253.970,57.660
189.230,235.610,247.270,258.950,314.880,79.840,256.840,56.510
187.540,233.850,249.850,259.870,322.020,81.380,259.700,55.350
185.850,232.090,252.430,260.800,329.150,82.910,262.570,54.200
193.040,234.880,250.380,259.590,326.950,80.360,269.600,55.660
200.230,237.680,248.340,258.380,324.750,77.820,276.640,57.120
207.420,240.470,246.290,257.160,322.550,75.270,283.680,58.570
205.850,237.230,256.580,258.270,335.150,68.770,284.420,47.740
208.330,240.210,257.780,262.510,347.000,66.130,297.560,43.820
210.520,237.450,255.120,258.310,344.140,69.220,299.550,48.360
212.720,234.690,252.460,254.110,341.280,72.310,301.540,52.890
214.920,237.020,267.900,260.080,351.080,68.980,298.100,45.920
214.730,239.380,271.670,262.670,352.270,66.120,295.330,42.830
214.540,241.750,275.450,265.270,353.460,63.250,292.550,39.730
220.650,246.700,277.400,267.760,357.350,52.300,300.600,31.240
226.980,245.530,280.840,264.670,355.440,50.610,301.580,31.460
233.310,244.360,284.280,261.580,353.520,48.920,302.560,31.690
239.650,243.180,287.720,258.500,351.610,47.220,303.540,31.910
245.980,242.010,291.150,255.410,349.700,45.530,304.520,32.130
252.310,240.840,294.590,252.330,347.780,43.830,305.500,32.350
252.380,243.330,297.360,253.610,344.530,40.900,299.550,30.620
252.450,245.810,300.120,254.890,341.270,37.970,293.610,28.890
252.520,248.300,302.890,256.180,338.020,35.040,287.660,27.160
252.600,250.790,305.650,257.460,334.770,32.110,281.710,25.430
252.670,253.270,308.420,258.740,331.510,29.180,275.760,23.700
252.740,255.760,311.180,260.020,328.260,26.250,269.820,21.980
248.500,254.060,304.520,258.360,322.500,27.830,266.480,23.530
244.260,252.370,297.850,256.690,316.740,29.410,263.150,25.090
240.030,250.680,291.180,255.020,310.970,30.990,259.820,26.640
235.790,248.980,284.510,253.360,305.210,32.570,256.490,28.200
231.550,247.290,277.840,251.690,299.450,34.160,253.160,29.750
227.310,245.600,271.170,250.020,293.690,35.740,249.830,31.310
223.080,243.900,264.500,248.360,287.920,37.320,246.500,32.860
218.840,242.210,257.830,246.690,282.160,38.900,243.170,34.420
214.600,240.510,251.160,245.030,276.400,40.490,239.840,35.970
212.630,236.830,249.480,241.070,271.490,41.040,234.650,36.810
210.670,233.150,247.800,237.110,266.580,41.600,229.450,37.640
208.700,229.460,246.120,233.150,261.670,42.170,224.260,38.470
196.220,242.360,243.120,247.230,264.780,38.640,217.880,33.770
191.990,230.260,234.860,236.040,257.950,41.510,215.090,35.730
187.760,218.160,226.600,224.850,251.130,44.370,212.300,37.690
181.350,227.440,223.430,234.070,249.240,43.250,207.160,36.620
174.940,236.720,220.260,243.290,247.360,42.120,202.030,35.550
168.520,246.000,217.100,252.520,245.480,41.000,196.900,34.480
168.010,244.800,223.050,249.200,239.990,37.190,184.950,32.800
168.960,245.900,218.360,249.920,235.540,39.100,186.140,35.080
169.910,246.990,213.660,250.630,231.090,41.010,187.340,37.370
168.410,252.520,217.940,256.990,237.590,39.480,188.060,35.010
167.030,240.770,213.460,245.480,233.970,43.230,187.540,38.520
166.360,242.260,213.450,246.460,231.640,43.070,184.550,38.870
165.700,243.750,213.440,247.450,229.300,42.910,181.560,39.220
165.030,245.240,213.420,248.430,226.970,42.760,178.580,39.570
159.170,239.950,206.060,245.500,228.830,53.050,181.940,47.500
159.590,244.330,208.600,249.550,230.410,44.670,181.400,39.450
160.730,241.470,211.370,245.980,229.270,47.530,178.630,43.020
161.870,238.610,214.150,242.420,228.130,50.390,175.850,46.580
161.390,241.740,213.080,245.880,228.610,52.260,176.920,48.120
160.920,244.870,212.020,249.340,229.080,54.130,177.980,49.660
161.310,240.580,208.280,245.310,227.690,52.420,180.720,47.690
164.470,240.640,212.060,243.720,224.530,51.360,176.940,48.280
164.400,240.210,212.460,243.430,225.270,51.960,177.200,48.740
164.330,239.780,212.870,243.130,226.010,52.560,177.460,49.200
164.250,239.350,213.280,242.840,226.750,53.150,177.720,49.660
164.180,238.910,213.680,242.550,227.490,53.750,177.980,50.120
164.110,238.490,214.090,242.250,228.230,54.350,178.240,50.580
164.030,238.050,214.500,241.960,228.970,54.950,178.500,51.040
163.530,239.260,214.670,243.230,229.300,55.080,178.170,51.100
163.030,240.460,214.840,244.510,229.640,55.210,177.830,51.160
162.530,241.660,215.010,245.790,229.970,55.340,177.490,51.220
162.030,242.860,215.180,247.060,230.310,55.470,177.160,51.270
161.520,244.060,215.350,248.340,230.640,55.600,176.820,51.330
161.020,245.260,215.520,249.610,230.980,55.740,176.480,51.390
166.740,242.050,214.550,245.660,228.760,55.950,180.950,52.340
172.460,238.830,213.580,241.700,226.540,56.170,185.420,53.300
170.710,243.110,216.670,246.730,231.290,60.890,185.330,57.270
169.360,241.760,214.700,245.590,230.140,62.740,184.800,58.910
168.010,240.400,212.720,244.450,228.990,64.600,184.280,60.560
168.680,240.330,212.600,243.700,226.160,69.000,182.230,65.630
169.340,240.270,212.480,242.960,223.330,73.400,180.180,70.700
170.010,240.200,212.360,242.220,220.490,77.800,178.140,75.780
170.670,240.130,212.240,241.480,217.660,82.200,176.090,80.850
171.340,240.070,212.120,240.740,214.830,86.600,174.050,85.930
172.000,240.000,212.000,240.000,212.000,91.000,172.000,91.000
172.810,93.150,173.160,241.700,213.350,241.580,213.010,93.030
173.620,95.300,174.320,243.400,214.710,243.170,214.010,95.070
174.440,97.450,175.480,245.100,216.060,244.750,215.020,97.100
168.210,244.300,211.170,246.290,216.650,97.020,173.690,95.030
160.940,243.490,206.270,247.830,218.280,96.940,172.940,92.600
153.670,242.690,201.370,249.370,219.900,96.850,172.200,90.170
146.400,241.880,196.480,250.910,221.530,96.770,171.450,87.750
139.130,241.080,191.580,252.450,223.160,96.690,170.700,85.320
131.860,240.280,186.680,253.990,224.790,96.610,169.960,82.900
124.590,239.480,181.790,255.530,226.410,96.530,169.210,80.470
131.100,234.150,184.540,249.820,230.270,95.440,176.830,79.780
137.620,228.820,187.290,244.100,234.120,94.360,184.460,79.090
144.130,223.500,190.030,238.390,237.980,93.290,192.080,78.390
199.700,77.700,150.650,218.170,192.780,232.680,241.830,92.210
137.570,227.680,187.460,246.000,242.430,96.320,192.540,78.000
148.570,228.980,200.930,243.520,244.430,88.770,192.070,74.230
159.570,230.280,214.390,241.040,246.430,81.220,191.610,70.460
170.570,231.570,227.850,238.560,248.430,73.680,191.150,66.690
181.570,232.870,241.310,236.080,250.430,66.130,190.690,62.920
183.370,234.410,240.220,238.000,251.670,71.540,194.810,67.960
185.160,235.950,239.130,239.920,252.910,76.960,198.940,72.990
188.890,221.680,232.880,227.170,252.210,89.190,208.220,83.700
184.900,224.950,235.550,232.690,258.150,89.480,207.500,81.740
180.910,228.220,238.220,238.210,264.080,89.780,206.780,79.790
181.110,229.240,237.710,239.000,263.390,90.010,206.790,80.250
181.310,230.250,237.200,239.780,262.690,90.250,206.800,80.720
181.500,231.260,236.690,240.570,262.000,90.490,206.810,81.180
181.700,232.270,236.180,241.360,261.300,90.730,206.820,81.640
199.240,231.640,249.400,234.420,256.760,91.360,206.600,88.580
216.780,231.000,262.620,227.490,252.220,92.000,206.380,95.510
209.420,92.220,219.570,231.950,266.720,228.550,256.560,88.820
212.450,88.920,222.370,232.890,270.810,229.610,260.890,85.650
215.490,85.620,225.170,233.830,274.910,230.680,265.230,82.470
214.170,85.830,230.050,236.060,280.330,230.870,264.450,80.640
212.850,86.040,234.930,238.290,285.740,231.060,263.670,78.800
222.230,95.880,247.510,224.900,290.460,216.610,265.170,87.590
244.540,236.730,301.200,223.570,267.460,78.270,210.800,91.430
216.050,85.350,254.240,237.410,304.570,224.960,266.380,72.890
250.150,245.520,307.870,231.340,267.850,68.480,210.130,82.660
215.190,86.270,259.860,238.400,308.660,224.210,263.980,72.080
217.120,82.250,258.040,236.850,306.440,224.070,265.530,69.470
219.060,78.240,256.200,235.290,304.220,223.920,267.080,66.860
254.380,233.740,302.010,223.770,268.620,64.260,220.990,74.230
222.180,72.700,248.190,230.800,295.450,223.020,269.440,64.930
223.370,71.180,242.010,227.860,288.890,222.270,270.250,65.590
224.550,69.650,235.820,224.920,282.330,221.530,271.060,66.260
222.650,72.590,232.380,223.630,277.670,220.700,267.940,69.650
220.750,75.520,228.930,222.350,273.000,219.870,264.820,73.040
218.850,78.460,225.490,221.060,268.340,219.040,261.710,76.430
216.950,81.390,222.040,219.780,263.680,218.210,258.590,79.820
215.050,84.320,218.600,218.500,259.020,217.380,255.470,83.210
213.150,87.260,215.150,217.210,254.350,216.550,252.350,86.600
200.890,215.660,251.180,218.000,257.110,90.340,206.820,88.000
197.790,213.890,248.230,217.460,256.710,95.610,206.270,92.040
194.700,212.120,245.280,216.920,256.300,100.880,205.720,96.080
200.410,213.370,247.560,214.950,248.990,100.230,201.840,98.650
197.950,101.220,206.130,214.610,249.850,212.980,241.670,99.590
194.070,103.790,211.840,215.860,252.130,211.010,234.360,98.940
190.180,106.370,217.550,217.110,254.420,209.030,227.040,98.290
223.270,218.350,256.700,207.060,219.730,97.640,186.300,108.940
183.480,106.400,218.000,217.180,254.520,205.940,220.000,95.150
180.660,103.850,212.730,216.010,252.340,204.810,220.270,92.660
207.460,214.830,250.150,203.690,220.540,90.170,177.850,101.310
178.330,103.780,213.220,216.200,251.420,204.560,216.530,92.140
178.810,106.240,218.970,217.570,252.690,205.430,212.530,94.100
177.700,106.710,218.500,218.410,252.290,206.110,211.490,94.400
176.600,107.170,218.040,219.260,251.880,206.790,210.440,94.700
175.490,107.640,217.570,220.110,251.470,207.470,209.400,94.990
174.390,108.100,217.100,220.960,251.070,208.150,208.350,95.290
173.280,108.570,216.640,221.800,250.660,208.820,207.300,95.590
172.180,109.030,216.170,222.650,250.250,209.510,206.260,95.880
171.070,109.500,215.710,223.500,249.850,210.180,205.210,96.180
171.960,109.960,217.230,224.350,251.420,210.870,206.150,96.480
172.840,110.430,218.750,225.200,253.000,211.550,207.090,96.780
173.720,110.900,220.270,226.050,254.580,212.230,208.030,97.080
174.600,111.370,221.790,226.900,256.160,212.920,208.970,97.380
175.480,111.840,223.310,227.750,257.740,213.600,209.910,97.680
176.360,112.310,224.830,228.600,259.320,214.280,210.850,97.980
177.240,112.770,226.350,229.460,260.890,214.960,211.790,98.280
178.130,113.240,227.870,230.310,262.470,215.650,212.730,98.580
179.010,113.710,229.380,231.160,264.050,216.330,213.680,98.880
179.890,114.180,230.900,232.010,265.630,217.010,214.620,99.180
180.770,114.650,232.430,232.860,267.210,217.700,215.550,99.480
181.650,115.110,233.950,233.710,268.790,218.380,216.490,99.780
182.530,115.580,235.460,234.560,270.370,219.060,217.430,100.080
183.410,116.050,236.980,235.410,271.950,219.740,218.380,100.390
184.300,116.520,238.500,236.260,273.520,220.430,219.320,100.680
183.980,114.590,238.820,234.710,273.900,218.710,219.060,98.580
183.660,112.660,239.140,233.160,274.280,216.990,218.800,96.490
239.460,231.620,274.660,215.270,218.540,94.390,183.340,110.720
181.720,106.390,235.070,227.430,270.410,211.910,217.060,90.860
180.090,102.050,230.670,223.240,266.160,208.540,215.580,87.340
178.470,97.710,226.270,219.060,261.910,205.170,214.100,83.820
177.880,91.960,221.960,219.250,260.270,206.270,216.180,78.980
177.290,86.210,217.650,219.430,258.630,207.380,218.260,74.150
176.700,80.460,213.340,219.620,256.990,208.480,220.350,69.320
176.110,74.710,209.030,219.800,255.350,209.590,222.430,64.490
175.520,68.960,204.720,219.990,253.710,210.690,224.510,59.650
200.410,220.180,252.060,211.790,226.590,54.820,174.940,63.210
180.560,63.020,199.150,219.390,247.940,213.480,229.350,57.110
197.880,218.600,243.810,215.160,232.120,59.400,186.190,62.840
191.440,62.330,197.190,218.020,244.360,216.470,238.610,60.780
196.500,217.430,244.920,217.780,245.100,62.170,196.680,61.820
195.810,216.850,245.470,219.090,251.590,63.550,201.930,61.310
195.120,216.260,246.030,220.400,258.080,64.940,207.170,60.800
194.430,215.680,246.580,221.720,264.570,66.320,212.420,60.280
189.440,208.420,242.730,217.600,268.560,67.580,215.270,58.400
190.890,208.260,242.360,217.790,269.610,70.740,218.140,61.210
192.340,208.100,241.990,217.980,270.660,73.900,221.010,64.020
195.450,208.510,242.920,217.070,267.950,76.890,220.480,68.330
193.580,203.550,238.640,216.040,276.550,80.420,231.490,67.930
191.710,198.580,234.370,215.010,285.160,83.950,242.500,67.520
189.830,193.620,230.090,213.990,293.770,87.480,253.510,67.110
236.000,156.000,294.000,156.000,294.000,69.000,236.000,69.000
234.940,78.800,283.270,207.990,323.130,193.620,274.800,64.420
236.290,76.860,288.010,208.630,328.180,193.630,276.460,61.870
237.650,74.930,292.760,209.270,333.220,193.650,278.120,59.310
239.010,73.000,297.510,209.900,338.270,193.670,279.770,56.760
239.750,71.930,297.680,209.130,337.990,193.250,280.070,56.060
240.500,70.870,297.850,208.350,337.720,192.830,280.370,55.350
241.250,69.810,298.020,207.570,337.440,192.410,280.670,54.650
241.990,68.750,298.180,206.790,337.160,191.990,280.970,53.940
242.740,67.680,298.350,206.020,336.890,191.570,281.270,53.230
244.090,66.900,298.980,207.450,337.630,193.270,282.730,52.710
245.440,66.120,299.610,208.890,338.370,194.960,284.200,52.190
246.790,65.340,300.240,210.320,339.110,196.660,285.660,51.670
248.130,64.550,300.860,211.760,339.860,198.360,287.130,51.160
253.470,63.740,305.480,213.170,344.580,200.030,292.580,50.610
252.800,62.930,304.090,214.570,343.310,201.700,292.030,50.060
252.140,62.120,302.700,215.980,342.040,203.370,291.480,49.510
252.800,60.220,302.640,216.300,342.100,203.950,292.260,47.870
253.470,58.330,302.590,216.620,342.160,204.540,293.040,46.240
254.140,56.430,302.530,216.950,342.220,205.120,293.830,44.610
254.810,54.530,302.480,217.270,342.280,205.710,294.610,42.970
246.520,41.060,309.530,226.040,354.300,210.870,291.290,25.890
249.510,41.030,306.440,221.550,349.710,207.930,292.770,27.410
252.490,40.990,303.350,217.050,345.110,204.990,294.260,28.930
300.260,212.560,340.520,202.050,295.740,30.440,255.480,40.950
250.840,38.590,294.820,217.930,338.960,207.210,294.980,27.870
246.210,36.230,289.380,223.300,337.390,212.370,294.220,25.300
241.580,33.870,283.940,228.670,335.820,217.530,293.460,22.730
236.950,31.510,278.500,234.040,334.250,222.690,292.700,20.160
273.060,239.410,332.680,227.850,291.940,17.590,232.320,29.150
236.400,32.990,266.790,225.830,320.100,218.340,289.710,25.500
240.490,36.840,260.520,212.260,307.510,208.830,287.480,33.410
232.690,43.470,290.740,241.600,345.200,228.160,287.140,30.020
229.950,47.130,294.860,243.000,349.690,227.580,284.780,31.710
227.220,50.800,298.970,244.400,354.180,227.000,282.420,33.400
217.490,52.560,305.330,255.600,362.700,232.340,274.860,29.300
311.690,266.800,371.230,237.680,267.310,25.200,207.770,54.310
199.768,50.434,273.161,267.274,355.232,244.571,281.839,27.726
191.766,46.548,234.632,267.748,339.234,251.452,296.368,30.252
194.167,36.002,215.921,267.115,309.166,258.164,287.412,27.051
196.569,25.456,197.211,266.483,279.098,264.877,278.456,23.851
178.500,265.850,249.030,271.590,269.500,20.650,198.970,14.910
167.698,264.764,249.692,269.202,266.136,18.986,184.141,14.548
156.896,263.678,250.354,266.814,262.771,17.322,169.313,14.186
146.093,262.591,251.016,264.426,259.407,15.659,154.484,13.824
135.291,261.505,251.678,262.038,256.042,13.995,139.656,13.462
124.489,260.419,252.340,259.650,252.678,12.331,124.827,13.100
113.687,259.333,253.002,257.262,249.313,10.667,109.998,12.738
106.334,260.468,231.901,260.781,234.916,10.532,109.349,10.219
98.982,261.603,210.800,264.301,220.518,10.397,108.700,7.699
91.629,262.738,189.699,267.820,206.121,10.262,108.051,5.180
84.276,263.873,168.597,271.340,191.724,10.127,107.403,2.660
79.063,261.149,164.226,271.141,191.714,17.851,106.552,7.859
73.850,258.425,159.854,270.942,191.705,25.575,105.702,13.058
68.637,255.702,155.482,270.743,191.696,33.298,104.852,18.257
63.425,252.978,151.110,270.544,191.687,41.022,104.001,23.456
58.212,250.255,146.738,270.345,191.677,48.746,103.151,28.655
52.999,247.531,142.366,270.147,191.668,56.469,102.301,33.853
47.786,244.807,137.994,269.948,191.659,64.193,101.451,39.052
42.573,242.084,133.622,269.749,191.649,71.916,100.600,44.251
37.360,239.360,129.250,269.550,191.640,79.640,99.750,49.450
38.444,239.427,127.665,269.235,191.396,81.872,102.176,52.064
39.528,239.494,126.079,268.919,191.153,84.104,104.602,54.678
40.612,239.560,124.494,268.604,190.909,86.335,107.028,57.292
41.696,239.627,122.908,268.288,190.665,88.567,109.454,59.906
42.780,239.694,121.323,267.973,190.422,90.799,111.880,62.520
44.900,237.690,120.773,265.587,191.213,90.960,115.341,63.064
47.019,235.687,120.222,263.201,192.005,91.122,118.802,63.607
49.139,233.683,119.672,260.815,192.797,91.283,122.263,64.151
51.258,231.679,119.122,258.429,193.588,91.444,125.724,64.694
53.377,229.675,118.572,256.043,194.380,91.605,129.186,65.238
55.497,227.671,118.022,253.656,195.172,91.766,132.647,65.781
57.616,225.668,117.472,251.270,195.963,91.928,136.108,66.325
59.736,223.664,116.921,248.884,196.755,92.089,139.569,66.868
61.855,221.660,116.371,246.498,197.547,92.250,143.030,67.412
63.974,219.656,115.821,244.112,198.338,92.411,146.492,67.955
66.094,217.653,115.271,241.726,199.130,92.573,149.953,68.499
68.213,215.649,114.721,239.340,199.922,92.734,153.414,69.042
70.332,213.645,114.171,236.954,200.713,92.895,156.875,69.586
72.452,211.641,113.620,234.568,201.505,93.056,160.336,70.129
74.571,209.638,113.070,232.182,202.297,93.218,163.798,70.673
76.691,207.634,112.520,229.796,203.088,93.379,167.259,71.217
78.810,205.630,111.970,227.410,203.880,93.540,170.720,71.760
82.606,204.634,117.880,225.687,203.271,91.940,167.997,70.887
86.401,203.639,123.790,223.964,202.663,90.340,165.274,70.014
90.197,202.643,129.700,222.241,202.054,88.740,162.551,69.141
93.993,201.647,135.610,220.519,201.446,87.140,159.829,68.269
97.789,200.651,141.520,218.796,200.837,85.540,157.106,67.396
101.584,199.656,147.430,217.073,200.229,83.940,154.383,66.523
105.380,198.660,153.340,215.350,199.620,82.340,151.660,65.650
106.780,198.522,154.206,215.360,201.401,82.489,153.975,65.651
108.180,198.384,155.071,215.370,203.182,82.638,156.290,65.652
109.580,198.246,155.937,215.380,204.962,82.786,158.604,65.652
110.980,198.108,156.802,215.390,206.743,82.935,160.919,65.653
112.380,197.970,157.668,215.400,208.524,83.084,163.234,65.654
113.780,197.832,158.534,215.410,210.305,83.233,165.549,65.655
115.180,197.694,159.399,215.420,212.086,83.382,167.864,65.656
116.580,197.556,160.265,215.430,213.866,83.530,170.178,65.656
117.980,197.418,161.130,215.440,215.647,83.679,172.493,65.657
119.380,197.280,161.996,215.450,217.428,83.828,174.808,65.658
120.780,197.142,162.862,215.460,219.209,83.977,177.123,65.659
122.180,197.004,163.727,215.470,220.990,84.126,179.438,65.660
123.580,196.866,164.593,215.480,222.770,84.274,181.752,65.660
124.980,196.728,165.458,215.490,224.551,84.423,184.067,65.661
126.380,196.590,166.324,215.500,226.332,84.572,186.382,65.662
127.780,196.452,167.190,215.510,228.113,84.721,188.697,65.663
129.180,196.314,168.055,215.520,229.894,84.870,191.012,65.664
130.580,196.176,168.921,215.530,231.674,85.018,193.326,65.664
131.980,196.038,169.786,215.540,233.455,85.167,195.641,65.665
133.380,195.900,170.652,215.550,235.236,85.316,197.956,65.666
134.780,195.762,171.518,215.560,237.017,85.465,200.271,65.667
136.180,195.624,172.383,215.570,238.798,85.614,202.586,65.668
137.580,195.486,173.249,215.580,240.578,85.762,204.900,65.668
138.980,195.348,174.114,215.590,242.359,85.911,207.215,65.669
140.380,195.210,174.990,215.600,244.140,86.060,209.540,65.670
154.572,199.434,189.549,214.533,240.723,85.158,205.739,70.060
168.763,203.659,204.118,213.465,237.307,84.256,201.947,74.450
182.955,207.883,218.686,212.398,233.890,83.354,198.156,78.840
194.365,83.230,197.146,212.108,233.255,211.330,230.474,82.452
189.775,83.953,197.768,211.005,237.535,208.327,229.542,81.275
198.389,209.903,241.815,205.324,228.611,80.097,185.185,84.676
185.950,70.400,215.400,216.800,250.140,211.610,220.690,65.210
190.010,72.180,219.790,214.310,252.680,208.710,222.900,66.580
186.630,67.520,214.840,214.620,248.160,209.070,219.950,61.970
183.250,62.870,209.900,214.940,243.650,209.430,217.000,57.360
204.950,215.250,239.130,209.790,214.050,52.750,179.870,58.210
