274.000,67.000,297.000,67.000,297.000,134.000,274.000,134.000
275.060,133.940,298.090,133.940,298.090,66.810,275.060,66.810
275.430,134.210,298.490,134.210,298.490,66.960,275.430,66.960
275.790,134.480,298.880,134.480,298.880,67.100,275.790,67.100
276.150,134.750,299.280,134.750,299.280,67.250,276.150,67.250
276.150,133.990,299.300,133.990,299.300,66.360,276.150,66.360
276.140,133.220,299.330,133.220,299.330,65.470,276.140,65.470
276.140,132.460,299.360,132.460,299.360,64.580,276.140,64.580
276.130,132.770,299.380,132.770,299.380,64.770,276.130,64.770
276.130,133.090,299.410,133.090,299.410,64.960,276.130,64.960
276.120,133.400,299.430,133.400,299.430,65.150,276.120,65.150
276.110,134.340,299.460,134.340,299.460,65.960,276.110,65.960
276.610,133.730,299.980,133.730,299.980,65.230,276.610,65.230
277.100,133.110,300.510,133.110,300.510,64.490,277.100,64.490
277.050,133.720,300.480,133.720,300.480,64.970,277.050,64.970
276.990,134.330,300.460,134.330,300.460,65.460,276.990,65.460
276.930,134.940,300.430,134.940,300.430,65.940,276.930,65.940
276.540,134.420,300.070,134.420,300.070,65.300,276.540,65.300
276.150,133.900,299.710,133.900,299.710,64.650,276.150,64.650
275.760,133.390,299.350,133.390,299.350,64.010,275.760,64.010
275.270,133.780,298.900,133.780,298.900,64.280,275.270,64.280
274.790,134.170,298.450,134.170,298.450,64.550,274.790,64.550
275.900,134.980,299.590,134.980,299.590,65.230,275.900,65.230
276.410,134.180,300.130,134.180,300.130,64.300,276.410,64.300
276.920,133.380,300.670,133.380,300.670,63.380,276.920,63.380
277.140,133.210,300.920,133.210,300.920,63.080,277.140,63.080
277.360,133.040,301.170,133.040,301.170,62.790,277.360,62.790
277.580,132.860,301.420,132.860,301.420,62.490,277.580,62.490
277.260,133.190,301.140,133.190,301.140,62.690,277.260,62.690
276.950,133.520,300.850,133.520,300.850,62.890,276.950,62.890
276.630,133.010,300.570,133.010,300.570,62.260,276.630,62.260
276.320,132.510,300.280,132.510,300.280,61.630,276.320,61.630
276.000,61.000,300.000,61.000,300.000,132.000,276.000,132.000
275.800,132.590,299.880,132.590,299.880,61.550,275.800,61.550
275.610,133.180,299.750,133.180,299.750,62.110,275.610,62.110
275.410,132.750,299.620,132.750,299.620,61.640,275.410,61.640
275.210,132.320,299.500,132.320,299.500,61.180,275.210,61.180
276.520,132.410,300.880,132.410,300.880,61.230,276.520,61.230
277.820,132.500,302.250,132.500,302.250,61.290,277.820,61.290
275.570,132.590,300.070,132.590,300.070,61.340,275.570,61.340
275.850,133.180,300.420,133.180,300.420,61.890,275.850,61.890
276.130,133.770,300.780,133.770,300.780,62.450,276.130,62.450
275.900,131.840,300.610,131.840,300.610,60.480,275.900,60.480
275.330,132.280,300.110,132.280,300.110,60.890,275.330,60.890
274.760,132.730,299.610,132.730,299.610,61.300,274.760,61.300
274.190,133.180,299.110,133.180,299.110,61.710,274.190,61.710
273.970,134.760,298.970,134.760,298.970,63.260,273.970,63.260
273.760,134.350,298.830,134.350,298.830,62.820,273.760,62.820
274.550,134.420,299.690,134.420,299.690,62.850,274.550,62.850
275.330,134.480,300.550,134.480,300.550,62.880,275.330,62.880
275.070,134.150,300.350,134.150,300.350,62.500,275.070,62.500
274.800,133.810,300.160,133.810,300.160,62.130,274.800,62.130
274.540,133.480,299.970,133.480,299.970,61.760,274.540,61.760
274.270,133.140,299.770,133.140,299.770,61.390,274.270,61.390
274.010,132.800,299.580,132.800,299.580,61.020,274.010,61.020
273.740,132.990,299.390,132.990,299.390,61.170,273.740,61.170
273.480,133.180,299.190,133.180,299.190,61.330,273.480,61.330
273.210,133.380,299.000,133.380,299.000,61.480,273.210,61.480
272.950,133.570,298.800,133.570,298.800,61.640,272.950,61.640
272.680,133.760,298.610,133.760,298.610,61.790,272.680,61.790
272.420,133.950,298.420,133.950,298.420,61.940,272.420,61.940
272.150,134.130,298.220,134.130,298.220,62.100,272.150,62.100
271.890,134.330,298.030,134.330,298.030,62.250,271.890,62.250
271.620,134.520,297.840,134.520,297.840,62.410,271.620,62.410
271.360,134.710,297.640,134.710,297.640,62.560,271.360,62.560
271.090,134.900,297.450,134.900,297.450,62.720,271.090,62.720
270.830,135.090,297.260,135.090,297.260,62.870,270.830,62.870
270.560,135.280,297.060,135.280,297.060,63.030,270.560,63.030
270.300,135.470,296.870,135.470,296.870,63.180,270.300,63.180
270.030,135.660,296.680,135.660,296.680,63.330,270.030,63.330
269.770,134.730,296.480,134.730,296.480,62.370,269.770,62.370
269.500,133.800,296.290,133.800,296.290,61.400,269.500,61.400
269.240,132.870,296.100,132.870,296.100,60.440,269.240,60.440
268.830,132.840,295.760,132.840,295.760,60.380,268.830,60.380
268.420,132.810,295.420,132.810,295.420,60.310,268.420,60.310
268.020,132.790,295.090,132.790,295.090,60.250,268.020,60.250
267.610,132.760,294.750,132.760,294.750,60.190,267.610,60.190
267.200,132.730,294.410,132.730,294.410,60.120,267.200,60.120
266.790,132.700,294.080,132.700,294.080,60.060,266.790,60.060
266.380,132.680,293.740,132.680,293.740,60.000,266.380,60.000
266.430,132.360,293.860,132.360,293.860,59.640,266.430,59.640
266.480,132.040,293.980,132.040,293.980,59.290,266.480,59.290
266.520,131.720,294.090,131.720,294.090,58.930,266.520,58.930
266.570,131.400,294.210,131.400,294.210,58.580,266.570,58.580
266.610,131.080,294.330,131.080,294.330,58.220,266.610,58.220
266.710,131.060,294.500,131.060,294.500,58.170,266.710,58.170
266.810,131.040,294.670,131.040,294.670,58.110,266.810,58.110
265.900,134.020,293.830,134.020,293.830,61.060,265.900,61.060
265.000,64.000,293.000,64.000,293.000,137.000,265.000,137.000
264.550,134.180,292.550,134.180,292.550,60.910,264.550,60.910
264.690,134.260,292.690,134.260,292.690,60.720,264.690,60.720
264.840,134.350,292.840,134.350,292.840,60.530,264.840,60.530
265.610,136.640,293.610,136.640,293.610,62.540,265.610,62.540
266.380,138.930,294.380,138.930,294.380,64.560,266.380,64.560
267.150,141.220,295.150,141.220,295.150,66.580,267.150,66.580
267.920,144.970,295.920,144.970,295.920,70.060,267.920,70.060
268.690,146.230,296.690,146.230,296.690,71.050,268.690,71.050
269.460,147.490,297.460,147.490,297.460,72.030,269.460,72.030
270.230,148.740,298.230,148.740,298.230,73.020,270.230,73.020
271.000,74.000,299.000,74.000,299.000,150.000,271.000,150.000
269.750,150.770,298.380,150.770,298.380,73.400,269.750,73.400
268.500,151.550,297.750,151.550,297.750,72.800,268.500,72.800
267.250,152.320,297.120,152.320,297.120,72.200,267.250,72.200
266.000,153.100,296.500,153.100,296.500,71.600,266.000,71.600
264.750,153.880,295.880,153.880,295.880,71.000,264.750,71.000
263.500,154.580,295.250,154.580,295.250,70.330,263.500,70.330
262.250,155.290,294.620,155.290,294.620,69.670,262.250,69.670
261.000,66.000,294.000,66.000,294.000,153.000,261.000,153.000
261.370,153.120,294.450,153.120,294.450,66.150,261.370,66.150
261.730,153.240,294.900,153.240,294.900,66.290,261.730,66.290
262.100,153.360,295.350,153.360,295.350,66.440,262.100,66.440
262.470,153.480,295.800,153.480,295.800,66.580,262.470,66.580
262.840,153.600,296.240,153.600,296.240,66.730,262.840,66.730
263.200,153.710,296.690,153.710,296.690,66.880,263.200,66.880
263.570,153.830,297.140,153.830,297.140,67.020,263.570,67.020
263.940,153.950,297.590,153.950,297.590,67.170,263.940,67.170
264.310,154.070,298.040,154.070,298.040,67.310,264.310,67.310
264.680,154.190,298.490,154.190,298.490,67.460,264.680,67.460
266.320,153.030,300.210,153.030,300.210,66.330,266.320,66.330
267.960,151.880,301.930,151.880,301.930,65.200,267.960,65.200
269.520,151.300,303.580,151.300,303.580,64.650,269.520,64.650
271.080,150.730,305.220,150.730,305.220,64.110,271.080,64.110
271.890,151.360,306.110,151.360,306.110,64.770,271.890,64.770
272.700,152.000,307.000,152.000,307.000,65.430,272.700,65.430
273.510,152.630,307.890,152.630,307.890,66.090,273.510,66.090
273.930,151.500,308.390,151.500,308.390,64.990,273.930,64.990
274.360,150.370,308.900,150.370,308.900,63.880,274.360,63.880
274.110,151.020,308.730,151.020,308.730,64.560,274.110,64.560
273.870,151.660,308.570,151.660,308.570,65.230,273.870,65.230
273.630,152.310,308.410,152.310,308.410,65.900,273.630,65.900
274.690,151.150,309.550,151.150,309.550,64.780,274.690,64.780
275.750,150.000,310.690,150.000,310.690,63.650,275.750,63.650
275.890,151.000,310.920,151.000,310.920,64.680,275.890,64.680
276.040,152.000,311.150,152.000,311.150,65.700,276.040,65.700
276.190,153.000,311.380,153.000,311.380,66.730,276.190,66.730
276.520,152.200,311.790,152.200,311.790,65.960,276.520,65.960
276.850,151.400,312.200,151.400,312.200,65.180,276.850,65.180
277.180,150.600,312.610,150.600,312.610,64.410,277.180,64.410
277.510,149.800,313.030,149.800,313.030,63.640,277.510,63.640
277.260,149.830,312.860,149.830,312.860,63.700,277.260,63.700
278.210,149.870,313.890,149.870,313.890,63.760,278.210,63.760
279.160,149.900,314.910,149.900,314.910,63.820,279.160,63.820
280.100,149.930,315.940,149.930,315.940,63.880,280.100,63.880
281.050,149.970,316.970,149.970,316.970,63.940,281.050,63.940
282.000,64.000,318.000,64.000,318.000,150.000,282.000,150.000
281.710,150.680,317.870,150.680,317.870,64.740,281.710,64.740
281.420,151.370,317.740,151.370,317.740,65.470,281.420,65.470
281.690,151.680,318.160,151.680,318.160,65.840,281.690,65.840
281.960,152.000,318.590,152.000,318.590,66.210,281.960,66.210
282.230,152.320,319.020,152.320,319.020,66.580,282.230,66.580
282.500,152.630,319.450,152.630,319.450,66.950,282.500,66.950
282.770,152.970,319.870,152.970,319.870,67.340,282.770,67.340
283.040,153.310,320.300,153.310,320.300,67.730,283.040,67.730
283.310,150.640,320.730,150.640,320.730,65.120,283.310,65.120
283.780,150.180,321.360,150.180,321.360,64.700,283.780,64.700
284.240,149.710,321.980,149.710,321.980,64.290,284.240,64.290
284.710,149.250,322.610,149.250,322.610,63.880,284.710,63.880
285.180,148.790,323.240,148.790,323.240,63.470,285.180,63.470
285.650,148.320,323.860,148.320,323.860,63.060,285.650,63.060
284.720,145.460,323.090,145.460,323.090,60.250,284.720,60.250
282.040,143.090,320.570,143.090,320.570,57.940,282.040,57.940
282.860,141.900,321.550,141.900,321.550,56.790,282.860,56.790
283.680,140.700,322.520,140.700,322.520,55.650,283.680,55.650
286.000,140.000,325.000,140.000,325.000,55.000,286.000,55.000
286.670,139.270,325.200,139.270,325.200,54.000,286.670,54.000
287.330,138.530,325.400,138.530,325.400,53.000,287.330,53.000
288.000,137.800,325.600,137.800,325.600,52.000,288.000,52.000
288.250,138.320,325.380,138.320,325.380,52.250,288.250,52.250
288.500,138.830,325.170,138.830,325.170,52.500,288.500,52.500
288.750,139.350,324.950,139.350,324.950,52.750,288.750,52.750
289.000,139.870,324.730,139.870,324.730,53.000,289.000,53.000
289.250,140.380,324.520,140.380,324.520,53.250,289.250,53.250
289.500,140.900,324.300,140.900,324.300,53.500,289.500,53.500
289.750,141.420,324.080,141.420,324.080,53.750,289.750,53.750
290.000,141.930,323.870,141.930,323.870,54.000,290.000,54.000
290.250,142.450,323.650,142.450,323.650,54.250,290.250,54.250
290.500,142.970,323.430,142.970,323.430,54.500,290.500,54.500
290.750,143.480,323.220,143.480,323.220,54.750,290.750,54.750
291.000,55.000,323.000,55.000,323.000,144.000,291.000,144.000
291.420,144.080,323.370,144.080,323.370,54.910,291.420,54.910
291.840,144.160,323.730,144.160,323.730,54.820,291.840,54.820
292.270,144.230,324.100,144.230,324.100,54.730,292.270,54.730
292.690,144.310,324.470,144.310,324.470,54.640,292.690,54.640
293.110,144.390,324.830,144.390,324.830,54.560,293.110,54.560
293.260,144.240,324.920,144.240,324.920,54.240,293.260,54.240
293.400,144.100,325.010,144.100,325.010,53.930,293.400,53.930
293.550,144.540,325.100,144.540,325.100,54.210,293.550,54.210
293.690,144.990,325.190,144.990,325.190,54.490,293.690,54.490
293.840,145.430,325.280,145.430,325.280,54.770,293.840,54.770
294.480,144.380,325.870,144.380,325.870,53.550,294.480,53.550
295.130,143.330,326.460,143.330,326.460,52.330,295.130,52.330
295.110,144.270,326.390,144.270,326.390,53.100,295.110,53.100
295.080,145.220,326.310,145.220,326.310,53.880,295.080,53.880
295.060,146.160,326.230,146.160,326.230,54.660,295.060,54.660
295.040,147.110,326.150,147.110,326.150,55.440,295.040,55.440
296.020,147.050,327.080,147.050,327.080,55.220,296.020,55.220
294.000,146.000,325.000,146.000,325.000,54.000,294.000,54.000
294.140,147.020,325.100,147.020,325.100,54.330,294.140,54.330
294.280,148.050,325.210,148.050,325.210,54.670,294.280,54.670
294.410,149.070,325.310,149.070,325.310,55.000,294.410,55.000
294.700,149.720,325.560,149.720,325.560,54.960,294.700,54.960
294.980,150.370,325.800,150.370,325.800,54.920,294.980,54.920
295.260,151.020,326.050,151.020,326.050,54.880,295.260,54.880
295.540,151.670,326.300,151.670,326.300,54.850,295.540,54.850
295.820,152.320,326.540,152.320,326.540,54.810,295.820,54.810
296.100,152.980,326.790,152.980,326.790,54.770,296.100,54.770
296.380,153.630,327.030,153.630,327.030,54.730,296.380,54.730
296.460,154.680,327.080,154.680,327.080,55.090,296.460,55.090
296.550,155.730,327.140,155.730,327.140,55.450,296.550,55.450
296.640,156.780,327.190,156.780,327.190,55.810,296.640,55.810
296.720,157.830,327.240,157.830,327.240,56.180,296.720,56.180
296.810,158.880,327.290,158.880,327.290,56.540,296.810,56.540
297.220,158.730,327.670,158.730,327.670,55.690,297.220,55.690
297.640,158.570,328.060,158.570,328.060,54.840,297.640,54.840
298.060,158.410,328.440,158.410,328.440,53.990,298.060,53.990
298.060,160.100,328.400,160.100,328.400,54.990,298.060,54.990
298.050,161.790,328.360,161.790,328.360,56.000,298.050,56.000
298.050,163.480,328.320,163.480,328.320,57.000,298.050,57.000
298.370,163.130,328.610,163.130,328.610,55.960,298.370,55.960
298.700,162.780,328.910,162.780,328.910,54.910,298.700,54.910
299.030,162.420,329.200,162.420,329.200,53.870,299.030,53.870
299.020,163.140,329.160,163.140,329.160,53.900,299.020,53.900
299.020,163.850,329.120,163.850,329.120,53.920,299.020,53.920
299.010,164.570,329.080,164.570,329.080,53.950,299.010,53.950
299.010,165.290,329.040,165.290,329.040,53.970,299.010,53.970
299.000,166.000,329.000,166.000,329.000,54.000,299.000,54.000
300.270,165.270,331.000,165.270,331.000,53.200,300.270,53.200
303.460,164.600,334.930,164.600,334.930,52.470,303.460,52.470
303.430,166.020,335.630,166.020,335.630,53.820,303.430,53.820
303.390,167.430,336.320,167.430,336.320,55.170,303.390,55.170
302.360,167.000,336.020,167.000,336.020,54.670,302.360,54.670
301.320,166.570,335.720,166.570,335.720,54.170,301.320,54.170
300.280,166.130,335.420,166.130,335.420,53.670,300.280,53.670
300.620,165.900,336.490,165.900,336.490,53.370,300.620,53.370
300.960,165.670,337.560,165.670,337.560,53.070,300.960,53.070
301.300,165.440,338.640,165.440,338.640,52.770,301.300,52.770
301.640,165.210,339.710,165.210,339.710,52.480,301.640,52.480
301.980,164.980,340.780,164.980,340.780,52.180,301.980,52.180
302.320,164.750,341.850,164.750,341.850,51.880,302.320,51.880
302.660,164.520,342.930,164.520,342.930,51.580,302.660,51.580
303.000,57.000,344.000,57.000,344.000,170.000,303.000,170.000
303.000,57.000,344.000,57.000,344.000,168.000,303.000,168.000
303.170,167.500,344.170,167.500,344.170,55.830,303.170,55.830
303.330,167.000,344.330,167.000,344.330,54.670,303.330,54.670
303.500,168.000,344.500,168.000,344.500,55.000,303.500,55.000
303.670,169.000,344.670,169.000,344.670,55.330,303.670,55.330
303.830,170.000,344.830,170.000,344.830,55.670,303.830,55.670
304.000,56.000,345.000,56.000,345.000,171.000,304.000,171.000
303.500,166.830,344.670,166.830,344.670,56.330,303.500,56.330
303.000,162.670,344.330,162.670,344.330,56.670,303.000,56.670
302.500,158.500,344.000,158.500,344.000,57.000,302.500,57.000
302.000,154.330,343.670,154.330,343.670,57.330,302.000,57.330
301.500,150.170,343.330,150.170,343.330,57.670,301.500,57.670
301.000,146.000,343.000,146.000,343.000,58.000,301.000,58.000
300.000,152.000,343.670,152.000,343.670,56.330,300.000,56.330
299.000,158.000,344.330,158.000,344.330,54.670,299.000,54.670
298.000,164.000,345.000,164.000,345.000,53.000,298.000,53.000
298.370,165.190,345.300,165.190,345.300,53.190,298.370,53.190
298.740,166.370,345.600,166.370,345.600,53.370,298.740,53.370
299.110,167.560,345.900,167.560,345.900,53.560,299.110,53.560
299.490,168.740,346.200,168.740,346.200,53.740,299.490,53.740
299.860,169.930,346.500,169.930,346.500,53.930,299.860,53.930
300.230,171.110,346.800,171.110,346.800,54.110,300.230,54.110
300.600,172.300,347.100,172.300,347.100,54.300,300.600,54.300
300.970,173.490,347.400,173.490,347.400,54.490,300.970,54.490
301.340,174.670,347.700,174.670,347.700,54.670,301.340,54.670
301.710,175.860,348.000,175.860,348.000,54.860,301.710,54.860
301.040,177.390,347.250,177.390,347.250,55.390,301.040,55.390
300.360,178.930,346.500,178.930,346.500,55.930,300.360,55.930
299.680,180.460,345.750,180.460,345.750,56.460,299.680,56.460
299.000,57.000,345.000,57.000,345.000,182.000,299.000,182.000
299.850,181.460,345.850,181.460,345.850,56.090,299.850,56.090
300.700,180.910,346.700,180.910,346.700,55.180,300.700,55.180
301.550,180.360,347.550,180.360,347.550,54.270,301.550,54.270
301.480,181.190,347.480,181.190,347.480,54.740,301.480,54.740
301.410,182.020,347.410,182.020,347.410,55.210,301.410,55.210
301.340,182.850,347.340,182.850,347.340,55.670,301.340,55.670
301.270,183.680,347.270,183.680,347.270,56.140,301.270,56.140
301.200,184.510,347.200,184.510,347.200,56.600,301.200,56.600
301.140,185.340,347.140,185.340,347.140,57.070,301.140,57.070
301.070,186.170,347.070,186.170,347.070,57.530,301.070,57.530
301.000,58.000,347.000,58.000,347.000,187.000,301.000,187.000
300.000,61.000,345.000,61.000,345.000,192.000,300.000,192.000
300.500,60.000,346.000,60.000,346.000,189.500,300.500,189.500
301.000,59.000,347.000,59.000,347.000,187.000,301.000,187.000
299.300,184.700,345.900,184.700,345.900,55.800,299.300,55.800
299.710,184.730,346.910,184.730,346.910,54.930,299.710,54.930
300.120,184.770,347.920,184.770,347.920,54.070,300.120,54.070
299.250,187.590,347.650,187.590,347.650,55.990,299.250,55.990
298.370,190.400,347.370,190.400,347.370,57.900,298.370,57.900
297.170,190.460,346.770,190.460,346.770,57.060,297.170,57.060
295.960,190.510,346.160,190.510,346.160,56.210,295.960,56.210
294.750,190.560,345.550,190.560,345.550,55.360,294.750,55.360
294.380,192.280,345.770,192.280,345.770,56.180,294.380,56.180
294.000,57.000,346.000,57.000,346.000,194.000,294.000,194.000
293.380,193.250,345.620,193.250,345.620,56.500,293.380,56.500
292.750,192.500,345.250,192.500,345.250,56.000,292.750,56.000
292.120,191.750,344.880,191.750,344.880,55.500,292.120,55.500
291.500,191.000,344.500,191.000,344.500,55.000,291.500,55.000
291.380,191.500,344.620,191.500,344.620,55.750,291.380,55.750
291.250,192.000,344.750,192.000,344.750,56.500,291.250,56.500
291.120,192.500,344.880,192.500,344.880,57.250,291.120,57.250
291.000,193.000,345.000,193.000,345.000,58.000,291.000,58.000
289.330,193.210,343.670,193.210,343.670,57.290,289.330,57.290
287.670,193.420,342.330,193.420,342.330,56.580,287.670,56.580
286.000,193.620,341.000,193.620,341.000,55.880,286.000,55.880
284.330,193.830,339.670,193.830,339.670,55.170,284.330,55.170
282.670,194.040,338.330,194.040,338.330,54.460,282.670,54.460
281.000,194.250,337.000,194.250,337.000,53.750,281.000,53.750
279.330,194.460,335.670,194.460,335.670,53.040,279.330,53.040
277.670,194.670,334.330,194.670,334.330,52.330,277.670,52.330
275.250,196.750,332.250,196.750,332.250,53.500,275.250,53.500
272.830,198.830,330.170,198.830,330.170,54.670,272.830,54.670
270.420,200.920,328.080,200.920,328.080,55.830,270.420,55.830
268.000,57.000,326.000,57.000,326.000,203.000,268.000,203.000
269.400,204.200,327.500,204.200,327.500,58.000,269.400,58.000
268.580,204.790,326.780,204.790,326.780,58.390,268.580,58.390
267.760,205.380,326.060,205.380,326.060,58.780,267.760,58.780
265.279,201.520,320.253,201.809,320.981,63.620,266.007,63.331
264.653,200.131,319.341,200.780,320.947,63.633,266.259,62.984
264.028,198.742,318.429,199.751,320.912,63.645,266.511,62.636
263.402,197.353,317.517,198.722,320.878,63.658,266.763,62.289
262.777,195.965,316.606,197.692,320.843,63.670,267.014,61.942
262.151,194.576,315.694,196.663,320.809,63.682,267.266,61.595
261.526,193.187,314.782,195.634,320.774,63.695,267.518,61.248
260.900,191.798,313.870,194.605,320.740,63.707,267.770,60.901
260.275,190.409,312.958,193.575,320.705,63.720,268.022,60.554
259.649,189.021,312.046,192.546,320.671,63.732,268.274,60.207
259.023,187.632,311.134,191.517,320.637,63.745,268.526,59.860
258.398,186.243,310.222,190.488,320.602,63.757,268.778,59.512
259.932,193.495,312.148,196.325,319.068,62.838,266.852,60.008
261.466,200.748,314.074,202.163,317.534,61.919,264.926,60.504
263.000,208.000,316.000,208.000,316.000,61.000,263.000,61.000
258.000,206.000,317.000,206.000,317.000,64.000,258.000,64.000
257.727,207.091,316.273,207.091,316.273,63.000,257.727,63.000
257.455,208.182,315.545,208.182,315.545,62.000,257.455,62.000
257.182,209.273,314.818,209.273,314.818,61.000,257.182,61.000
256.909,210.364,314.091,210.364,314.091,60.000,256.909,60.000
256.636,211.455,313.364,211.455,313.364,59.000,256.636,59.000
256.364,212.545,312.636,212.545,312.636,58.000,256.364,58.000
256.091,213.636,311.909,213.636,311.909,57.000,256.091,57.000
255.818,214.727,311.182,214.727,311.182,56.000,255.818,56.000
255.545,215.818,310.455,215.818,310.455,55.000,255.545,55.000
255.273,216.909,309.727,216.909,309.727,54.000,255.273,54.000
255.000,218.000,309.000,218.000,309.000,53.000,255.000,53.000
254.900,217.300,308.900,217.300,308.900,53.100,254.900,53.100
254.800,216.600,308.800,216.600,308.800,53.200,254.800,53.200
254.700,215.900,308.700,215.900,308.700,53.300,254.700,53.300
254.600,215.200,308.600,215.200,308.600,53.400,254.600,53.400
254.500,214.500,308.500,214.500,308.500,53.500,254.500,53.500
254.400,213.800,308.400,213.800,308.400,53.600,254.400,53.600
254.300,213.100,308.300,213.100,308.300,53.700,254.300,53.700
254.200,212.400,308.200,212.400,308.200,53.800,254.200,53.800
254.100,211.700,308.100,211.700,308.100,53.900,254.100,53.900
254.000,211.000,308.000,211.000,308.000,54.000,254.000,54.000
254.793,211.655,309.069,211.655,309.069,54.103,254.793,54.103
255.586,212.310,310.138,212.310,310.138,54.207,255.586,54.207
256.379,212.966,311.207,212.966,311.207,54.310,256.379,54.310
257.172,213.621,312.276,213.621,312.276,54.414,257.172,54.414
257.966,214.276,313.345,214.276,313.345,54.517,257.966,54.517
258.759,214.931,314.414,214.931,314.414,54.621,258.759,54.621
259.552,215.586,315.483,215.586,315.483,54.724,259.552,54.724
260.345,216.241,316.552,216.241,316.552,54.828,260.345,54.828
261.138,216.897,317.621,216.897,317.621,54.931,261.138,54.931
261.931,217.552,318.690,217.552,318.690,55.034,261.931,55.034
262.724,218.207,319.759,218.207,319.759,55.138,262.724,55.138
263.517,218.862,320.828,218.862,320.828,55.241,263.517,55.241
264.310,219.517,321.897,219.517,321.897,55.345,264.310,55.345
265.103,220.172,322.966,220.172,322.966,55.448,265.103,55.448
265.897,220.828,324.034,220.828,324.034,55.552,265.897,55.552
266.690,221.483,325.103,221.483,325.103,55.655,266.690,55.655
267.483,222.138,326.172,222.138,326.172,55.759,267.483,55.759
268.276,222.793,327.241,222.793,327.241,55.862,268.276,55.862
269.069,223.448,328.310,223.448,328.310,55.966,269.069,55.966
269.862,224.103,329.379,224.103,329.379,56.069,269.862,56.069
270.655,224.759,330.448,224.759,330.448,56.172,270.655,56.172
271.448,225.414,331.517,225.414,331.517,56.276,271.448,56.276
272.241,226.069,332.586,226.069,332.586,56.379,272.241,56.379
273.034,226.724,333.655,226.724,333.655,56.483,273.034,56.483
273.828,227.379,334.724,227.379,334.724,56.586,273.828,56.586
274.621,228.034,335.793,228.034,335.793,56.690,274.621,56.690
275.414,228.690,336.862,228.690,336.862,56.793,275.414,56.793
276.207,229.345,337.931,229.345,337.931,56.897,276.207,56.897
277.000,230.000,339.000,230.000,339.000,57.000,277.000,57.000
278.300,230.300,339.600,230.300,339.600,56.700,278.300,56.700
279.600,230.600,340.200,230.600,340.200,56.400,279.600,56.400
280.900,230.900,340.800,230.900,340.800,56.100,280.900,56.100
282.200,231.200,341.400,231.200,341.400,55.800,282.200,55.800
283.500,231.500,342.000,231.500,342.000,55.500,283.500,55.500
284.800,231.800,342.600,231.800,342.600,55.200,284.800,55.200
286.100,232.100,343.200,232.100,343.200,54.900,286.100,54.900
287.400,232.400,343.800,232.400,343.800,54.600,287.400,54.600
288.700,232.700,344.400,232.700,344.400,54.300,288.700,54.300
290.000,233.000,345.000,233.000,345.000,54.000,290.000,54.000
290.235,233.294,345.588,233.294,345.588,53.412,290.235,53.412
290.471,233.588,346.176,233.588,346.176,52.824,290.471,52.824
290.706,233.882,346.765,233.882,346.765,52.235,290.706,52.235
290.941,234.176,347.353,234.176,347.353,51.647,290.941,51.647
291.176,234.471,347.941,234.471,347.941,51.059,291.176,51.059
291.412,234.765,348.529,234.765,348.529,50.471,291.412,50.471
291.647,235.059,349.118,235.059,349.118,49.882,291.647,49.882
291.882,235.353,349.706,235.353,349.706,49.294,291.882,49.294
292.118,235.647,350.294,235.647,350.294,48.706,292.118,48.706
292.353,235.941,350.882,235.941,350.882,48.118,292.353,48.118
292.588,236.235,351.471,236.235,351.471,47.529,292.588,47.529
292.824,236.529,352.059,236.529,352.059,46.941,292.824,46.941
293.059,236.824,352.647,236.824,352.647,46.353,293.059,46.353
293.294,237.118,353.235,237.118,353.235,45.765,293.294,45.765
293.529,237.412,353.824,237.412,353.824,45.176,293.529,45.176
293.765,237.706,354.412,237.706,354.412,44.588,293.765,44.588
294.000,238.000,355.000,238.000,355.000,44.000,294.000,44.000
293.895,238.000,354.947,238.000,354.947,43.737,293.895,43.737
293.789,238.000,354.895,238.000,354.895,43.474,293.789,43.474
293.684,238.000,354.842,238.000,354.842,43.211,293.684,43.211
293.579,238.000,354.789,238.000,354.789,42.947,293.579,42.947
293.474,238.000,354.737,238.000,354.737,42.684,293.474,42.684
293.368,238.000,354.684,238.000,354.684,42.421,293.368,42.421
293.263,238.000,354.632,238.000,354.632,42.158,293.263,42.158
293.158,238.000,354.579,238.000,354.579,41.895,293.158,41.895
293.053,238.000,354.526,238.000,354.526,41.632,293.053,41.632
292.947,238.000,354.474,238.000,354.474,41.368,292.947,41.368
292.842,238.000,354.421,238.000,354.421,41.105,292.842,41.105
292.737,238.000,354.368,238.000,354.368,40.842,292.737,40.842
292.632,238.000,354.316,238.000,354.316,40.579,292.632,40.579
292.526,238.000,354.263,238.000,354.263,40.316,292.526,40.316
292.421,238.000,354.211,238.000,354.211,40.053,292.421,40.053
292.316,238.000,354.158,238.000,354.158,39.789,292.316,39.789
292.211,238.000,354.105,238.000,354.105,39.526,292.211,39.526
292.105,238.000,354.053,238.000,354.053,39.263,292.105,39.263
292.000,238.000,354.000,238.000,354.000,39.000,292.000,39.000
292.214,237.714,354.500,237.714,354.500,38.643,292.214,38.643
292.429,237.429,355.000,237.429,355.000,38.286,292.429,38.286
292.643,237.143,355.500,237.143,355.500,37.929,292.643,37.929
292.857,236.857,356.000,236.857,356.000,37.571,292.857,37.571
293.071,236.571,356.500,236.571,356.500,37.214,293.071,37.214
293.286,236.286,357.000,236.286,357.000,36.857,293.286,36.857
293.500,236.000,357.500,236.000,357.500,36.500,293.500,36.500
293.714,235.714,358.000,235.714,358.000,36.143,293.714,36.143
293.929,235.429,358.500,235.429,358.500,35.786,293.929,35.786
294.143,235.143,359.000,235.143,359.000,35.429,294.143,35.429
294.357,234.857,359.500,234.857,359.500,35.071,294.357,35.071
294.571,234.571,360.000,234.571,360.000,34.714,294.571,34.714
294.786,234.286,360.500,234.286,360.500,34.357,294.786,34.357
295.000,234.000,361.000,234.000,361.000,34.000,295.000,34.000
286.365,236.840,373.410,236.840,373.410,34.110,286.365,34.110
277.730,239.680,385.820,239.680,385.820,34.220,277.730,34.220
280.093,240.604,385.507,240.604,385.507,33.307,280.093,33.307
282.457,241.529,385.193,241.529,385.193,32.393,282.457,32.393
284.820,242.453,384.880,242.453,384.880,31.480,284.820,31.480
287.183,243.378,384.567,243.378,384.567,30.567,287.183,30.567
289.547,244.302,384.253,244.302,384.253,29.653,289.547,29.653
291.910,245.227,383.940,245.227,383.940,28.740,291.910,28.740
294.273,246.151,383.627,246.151,383.627,27.827,294.273,27.827
296.637,247.076,383.313,247.076,383.313,26.913,296.637,26.913
299.000,248.000,383.000,248.000,383.000,26.000,299.000,26.000
301.000,245.000,381.000,245.000,381.000,31.000,301.000,31.000
303.429,245.429,383.000,245.429,383.000,30.857,303.429,30.857
305.857,245.857,385.000,245.857,385.000,30.714,305.857,30.714
308.286,246.286,387.000,246.286,387.000,30.571,308.286,30.571
310.714,246.714,389.000,246.714,389.000,30.429,310.714,30.429
313.143,247.143,391.000,247.143,391.000,30.286,313.143,30.286
315.571,247.571,393.000,247.571,393.000,30.143,315.571,30.143
318.000,248.000,395.000,248.000,395.000,30.000,318.000,30.000
315.857,248.000,393.714,248.000,393.714,30.143,315.857,30.143
313.714,248.000,392.429,248.000,392.429,30.286,313.714,30.286
311.571,248.000,391.143,248.000,391.143,30.429,311.571,30.429
309.429,248.000,389.857,248.000,389.857,30.571,309.429,30.571
307.286,248.000,388.571,248.000,388.571,30.714,307.286,30.714
305.143,248.000,387.286,248.000,387.286,30.857,305.143,30.857
303.000,248.000,386.000,248.000,386.000,31.000,303.000,31.000
300.895,249.643,388.375,249.643,388.375,31.373,300.895,31.373
298.790,251.285,390.750,251.285,390.750,31.745,298.790,31.745
296.685,252.928,393.125,252.928,393.125,32.118,296.685,32.118
294.580,254.570,395.500,254.570,395.500,32.490,294.580,32.490
292.500,249.920,396.000,249.920,396.000,30.420,292.500,30.420
290.080,246.930,396.170,246.930,396.170,30.010,290.080,30.010
287.670,243.940,396.330,243.940,396.330,29.610,287.670,29.610
283.250,244.460,394.500,244.460,394.500,32.710,283.250,32.710
278.830,244.970,392.670,244.970,392.670,35.810,278.830,35.810
275.420,241.490,391.830,241.490,391.830,34.900,275.420,34.900
272.000,34.000,391.000,34.000,391.000,238.000,272.000,238.000
261.000,243.000,397.000,243.000,397.000,30.000,261.000,30.000
260.000,241.000,396.000,241.000,396.000,28.000,260.000,28.000
262.050,244.090,399.000,244.090,399.000,30.910,262.050,30.910
264.090,247.180,402.000,247.180,402.000,33.820,264.090,33.820
265.940,244.720,404.800,244.720,404.800,31.180,265.940,31.180
267.780,242.260,407.600,242.260,407.600,28.540,267.780,28.540
269.630,239.800,410.400,239.800,410.400,25.900,269.630,25.900
271.470,237.350,413.200,237.350,413.200,23.250,271.470,23.250
279.320,242.560,403.800,242.560,403.800,25.170,279.320,25.170
287.160,247.780,394.400,247.780,394.400,27.080,287.160,27.080
295.000,253.000,385.000,253.000,385.000,29.000,295.000,29.000
293.390,250.730,388.540,250.730,388.540,27.270,293.390,27.270
291.770,248.460,392.080,248.460,392.080,25.540,291.770,25.540
296.390,252.730,392.040,252.730,392.040,22.770,296.390,22.770
301.000,257.000,392.000,257.000,392.000,20.000,301.000,20.000
298.560,256.440,396.890,256.440,396.890,21.670,298.560,21.670
293.860,257.760,399.530,257.760,399.530,25.210,293.860,25.210
287.170,264.650,400.170,264.650,400.170,34.320,287.170,34.320
280.810,265.050,401.140,265.050,401.140,36.940,280.810,36.940
278.840,254.640,406.510,254.640,406.510,28.750,278.840,28.750
274.380,244.730,409.380,244.730,409.380,21.060,274.380,21.060
270.920,242.150,413.260,242.150,413.260,20.710,270.920,20.710
265.960,240.580,415.630,240.580,415.630,21.350,265.960,21.350
262.000,244.000,419.000,244.000,419.000,27.000,262.000,27.000
259.000,249.800,417.000,249.800,417.000,32.600,259.000,32.600
254.750,246.850,413.750,246.850,413.750,29.450,254.750,29.450
250.500,243.900,410.500,243.900,410.500,26.300,250.500,26.300
246.250,240.950,407.250,240.950,407.250,23.150,246.250,23.150
242.000,238.000,404.000,238.000,404.000,20.000,242.000,20.000
278.000,260.000,377.000,260.000,377.000,25.000,278.000,25.000
273.290,261.710,391.570,261.710,391.570,29.430,273.290,29.430
281.000,265.000,379.000,265.000,379.000,30.000,281.000,30.000
267.800,254.400,393.000,254.400,393.000,23.200,267.800,23.200
284.390,261.020,382.770,254.820,367.610,13.980,269.230,20.180
279.110,270.310,384.350,262.570,365.890,11.690,260.650,19.430
284.050,273.240,379.140,264.840,356.950,13.760,261.860,22.160
278.640,271.840,381.470,261.170,356.360,19.160,253.530,29.830
276.680,281.110,387.570,263.480,349.320,22.890,238.430,40.520
267.270,279.280,377.760,263.690,345.730,36.720,235.240,52.310
239.370,285.500,357.620,277.000,340.630,40.500,222.380,49.000
206.540,48.250,219.280,271.870,345.960,265.500,333.220,41.880
192.690,47.500,201.180,258.250,336.310,254.000,327.820,43.250
182.850,53.750,187.090,251.620,330.650,249.500,326.410,51.620
235.740,325.570,351.470,300.140,295.260,44.430,179.530,69.860
187.260,64.930,215.370,286.790,360.730,274.070,332.630,52.210
233.290,297.560,334.420,283.080,300.710,47.440,199.570,61.920
263.300,293.200,353.580,268.610,290.700,37.800,200.430,62.390
275.210,290.660,372.780,264.050,311.790,40.340,214.220,66.950
287.720,275.640,366.630,252.020,306.280,50.370,227.370,73.980
299.160,269.140,379.530,242.250,317.840,57.860,237.470,84.750
310.390,318.960,384.290,302.830,332.610,66.040,258.710,82.170
261.360,82.580,309.850,306.990,386.640,290.420,338.150,66.000
309.320,295.030,389.000,278.000,343.680,65.970,264.000,83.000
324.960,284.480,388.840,262.250,320.040,64.520,256.160,86.750
316.110,296.860,400.070,265.150,321.890,58.140,237.930,89.850
315.480,292.560,382.130,269.740,312.520,66.440,245.870,89.260
302.100,300.870,369.390,282.740,312.900,73.130,245.610,91.260
300.740,278.800,372.480,252.700,308.260,76.200,236.520,102.300
295.170,289.010,362.770,268.270,306.830,85.990,239.230,106.730
289.440,278.620,360.700,257.390,308.560,82.380,237.300,103.610
240.250,98.500,286.280,272.080,356.250,253.510,310.220,79.920
289.110,268.550,357.800,252.620,317.890,80.460,249.200,96.380
255.640,98.570,293.330,272.690,366.360,256.930,328.670,82.810
300.560,280.840,377.930,265.240,342.440,89.160,265.070,104.750
316.390,301.440,390.950,279.130,333.610,87.560,259.050,109.870
324.070,321.030,401.600,298.710,340.930,87.970,263.400,110.290
332.290,281.940,401.670,254.040,333.710,85.060,264.330,112.960
321.040,283.510,409.640,257.570,358.960,84.490,270.360,110.430
287.180,105.710,312.520,261.260,390.320,248.290,364.980,92.740
304.000,101.000,371.000,101.000,371.000,239.000,304.000,239.000
338.050,286.380,410.380,267.950,365.950,93.620,293.620,112.060
329.350,278.580,399.250,262.420,360.650,95.420,290.750,111.580
335.320,285.240,409.490,263.680,360.680,95.760,286.510,117.320
327.060,273.690,398.810,257.750,362.940,96.310,291.190,112.250
298.040,111.510,328.260,256.110,398.710,242.490,368.490,97.890
303.120,112.450,331.730,261.890,397.050,249.890,368.440,100.440
308.200,113.380,335.190,267.680,395.380,257.290,368.390,102.990
338.660,273.460,393.710,264.680,368.340,105.540,313.290,114.320
334.260,267.110,394.010,253.950,360.740,102.890,300.990,116.050
343.740,284.180,406.970,263.900,356.260,105.820,293.030,126.100
326.780,266.200,390.990,252.270,359.220,105.800,295.010,119.730
311.450,259.930,368.990,255.440,357.550,109.070,300.010,113.560
315.770,246.210,366.310,238.600,347.230,111.790,296.690,119.390
293.430,127.380,312.400,249.120,366.570,241.120,347.600,119.390
294.000,124.000,351.000,124.000,351.000,239.000,294.000,239.000
288.080,123.920,292.750,247.460,351.260,245.410,346.580,121.880
282.160,123.840,291.500,255.910,351.510,251.820,342.170,119.750
290.250,264.370,351.770,258.240,337.750,117.630,276.230,123.760
280.350,123.110,287.710,257.600,345.650,254.390,338.290,119.900
285.180,250.840,339.530,250.540,338.820,122.160,284.470,122.460
291.050,242.780,338.490,236.810,323.950,121.220,276.510,127.190
292.160,244.720,339.900,237.350,321.840,120.280,274.100,127.650
272.050,131.800,292.330,243.700,341.450,234.700,321.170,122.800
292.490,242.680,343.000,232.040,320.510,125.320,270.000,135.960
270.820,236.270,313.570,242.040,328.180,133.730,285.430,127.960
277.910,236.630,320.780,239.520,328.090,136.870,285.220,133.980
285.000,140.000,328.000,140.000,328.000,237.000,285.000,237.000
283.500,141.500,326.500,141.500,326.500,237.500,283.500,237.500
282.000,143.000,325.000,143.000,325.000,238.000,282.000,238.000
282.520,236.850,323.230,238.770,327.980,143.650,287.270,141.730
283.030,235.710,321.460,239.540,330.970,144.290,292.540,140.460
286.350,236.470,326.640,239.030,332.980,146.860,292.690,144.300
289.680,237.240,331.820,238.510,334.990,149.430,292.850,148.150
293.000,152.000,337.000,152.000,337.000,238.000,293.000,238.000
294.300,152.900,337.400,152.900,337.400,238.000,294.300,238.000
295.600,153.800,337.800,153.800,337.800,238.000,295.600,238.000
296.900,154.700,338.200,154.700,338.200,238.000,296.900,238.000
298.200,155.600,338.600,155.600,338.600,238.000,298.200,238.000
299.500,156.500,339.000,156.500,339.000,238.000,299.500,238.000
300.800,157.400,339.400,157.400,339.400,238.000,300.800,238.000
302.100,158.300,339.800,158.300,339.800,238.000,302.100,238.000
303.400,159.200,340.200,159.200,340.200,238.000,303.400,238.000
304.700,160.100,340.600,160.100,340.600,238.000,304.700,238.000
306.000,161.000,341.000,161.000,341.000,238.000,306.000,238.000
306.000,163.000,341.000,163.000,341.000,238.000,306.000,238.000
306.000,165.000,341.000,165.000,341.000,238.000,306.000,238.000
304.000,169.000,336.000,169.000,336.000,237.000,304.000,237.000
302.500,169.000,333.170,169.000,333.170,236.500,302.500,236.500
301.000,169.000,330.330,169.000,330.330,236.000,301.000,236.000
299.500,169.000,327.500,169.000,327.500,235.500,299.500,235.500
298.000,169.000,324.670,169.000,324.670,235.000,298.000,235.000
296.500,169.000,321.830,169.000,321.830,234.500,296.500,234.500
295.000,169.000,319.000,169.000,319.000,234.000,295.000,234.000
294.000,168.500,319.000,168.500,319.000,233.000,294.000,233.000
293.000,168.000,319.000,168.000,319.000,232.000,293.000,232.000
292.000,167.500,319.000,167.500,319.000,231.000,292.000,231.000
291.000,167.000,319.000,167.000,319.000,230.000,291.000,230.000
290.560,231.000,317.780,231.000,317.780,169.440,290.560,169.440
291.240,229.750,317.680,229.750,317.680,169.640,291.240,169.640
291.920,228.500,317.580,228.500,317.580,169.830,291.920,169.830
292.600,227.250,317.490,227.250,317.490,170.030,292.600,170.030
293.280,226.000,317.390,226.000,317.390,170.220,293.280,170.220
293.960,224.750,317.290,224.750,317.290,170.420,293.960,170.420
294.640,223.500,317.190,223.500,317.190,170.610,294.640,170.610
295.320,222.250,317.100,222.250,317.100,170.810,295.320,170.810
296.000,171.000,317.000,171.000,317.000,221.000,296.000,221.000
295.670,170.330,317.330,170.330,317.330,220.330,295.670,220.330
295.330,169.670,317.670,169.670,317.670,219.670,295.330,219.670
295.000,169.000,318.000,169.000,318.000,219.000,295.000,219.000
294.120,169.030,296.590,216.820,318.880,215.640,316.410,167.840
293.240,169.060,298.190,214.650,319.760,212.270,314.810,166.680
299.780,212.480,320.640,208.910,313.220,165.520,292.360,169.090
292.600,168.470,299.470,212.220,320.400,208.930,313.530,165.180
292.840,167.840,299.150,211.970,320.160,208.960,313.850,164.830
293.080,167.220,298.840,211.720,319.920,208.980,314.160,164.480
293.320,166.600,298.520,211.470,319.680,209.000,314.480,164.130
298.210,211.210,319.450,209.030,314.790,163.790,293.550,165.970
293.000,164.000,314.000,164.000,314.000,205.000,293.000,205.000
291.000,163.000,311.000,163.000,311.000,206.000,291.000,206.000
290.500,164.500,311.000,164.500,311.000,204.000,290.500,204.000
290.000,166.000,311.000,166.000,311.000,202.000,290.000,202.000
289.500,164.500,311.000,164.500,311.000,202.000,289.500,202.000
289.000,163.000,311.000,163.000,311.000,202.000,289.000,202.000
286.000,162.670,308.330,162.670,308.330,201.670,286.000,201.670
283.000,162.330,305.670,162.330,305.670,201.330,283.000,201.330
280.000,162.000,303.000,162.000,303.000,201.000,280.000,201.000
278.550,162.180,301.180,162.180,301.180,201.180,278.550,201.180
277.090,162.360,299.360,162.360,299.360,201.360,277.090,201.360
275.640,162.550,297.550,162.550,297.550,201.550,275.640,201.550
274.180,162.730,295.730,162.730,295.730,201.730,274.180,201.730
272.730,162.910,293.910,162.910,293.910,201.910,272.730,201.910
271.270,163.090,292.090,163.090,292.090,202.090,271.270,202.090
269.820,163.270,290.270,163.270,290.270,202.270,269.820,202.270
268.360,163.450,288.450,163.450,288.450,202.450,268.360,202.450
266.910,163.640,286.640,163.640,286.640,202.640,266.910,202.640
265.450,163.820,284.820,163.820,284.820,202.820,265.450,202.820
264.000,164.000,283.000,164.000,283.000,203.000,264.000,203.000
262.000,164.000,281.070,164.000,281.070,203.000,262.000,203.000
260.000,164.000,279.140,164.000,279.140,203.000,260.000,203.000
258.000,164.000,277.210,164.000,277.210,203.000,258.000,203.000
256.000,164.000,275.290,164.000,275.290,203.000,256.000,203.000
254.000,164.000,273.360,164.000,273.360,203.000,254.000,203.000
252.000,164.000,271.430,164.000,271.430,203.000,252.000,203.000
250.000,164.000,269.500,164.000,269.500,203.000,250.000,203.000
248.000,164.000,267.570,164.000,267.570,203.000,248.000,203.000
246.000,164.000,265.640,164.000,265.640,203.000,246.000,203.000
244.000,164.000,263.710,164.000,263.710,203.000,244.000,203.000
242.000,164.000,261.790,164.000,261.790,203.000,242.000,203.000
240.000,164.000,259.860,164.000,259.860,203.000,240.000,203.000
238.000,164.000,257.930,164.000,257.930,203.000,238.000,203.000
236.000,164.000,256.000,164.000,256.000,203.000,236.000,203.000
233.500,164.000,255.000,164.000,255.000,202.500,233.500,202.500
231.000,164.000,254.000,164.000,254.000,202.000,231.000,202.000
228.850,164.150,251.460,164.150,251.460,201.920,228.850,201.920
226.690,164.310,248.920,164.310,248.920,201.850,226.690,201.850
224.540,164.460,246.380,164.460,246.380,201.770,224.540,201.770
222.380,164.620,243.850,164.620,243.850,201.690,222.380,201.690
220.230,164.770,241.310,164.770,241.310,201.620,220.230,201.620
218.080,164.920,238.770,164.920,238.770,201.540,218.080,201.540
215.920,165.080,236.230,165.080,236.230,201.460,215.920,201.460
213.770,165.230,233.690,165.230,233.690,201.380,213.770,201.380
211.620,165.380,231.150,165.380,231.150,201.310,211.620,201.310
209.460,165.540,228.620,165.540,228.620,201.230,209.460,201.230
207.310,165.690,226.080,165.690,226.080,201.150,207.310,201.150
205.150,165.850,223.540,165.850,223.540,201.080,205.150,201.080
203.000,166.000,221.000,166.000,221.000,201.000,203.000,201.000
198.000,166.000,219.000,166.000,219.000,204.000,198.000,204.000
196.600,165.800,217.000,165.800,217.000,203.200,196.600,203.200
195.200,165.600,215.000,165.600,215.000,202.400,195.200,202.400
193.800,165.400,213.000,165.400,213.000,201.600,193.800,201.600
192.400,165.200,211.000,165.200,211.000,200.800,192.400,200.800
191.000,165.000,209.000,165.000,209.000,200.000,191.000,200.000
189.220,164.780,207.330,164.780,207.330,200.110,189.220,200.110
187.440,164.560,205.670,164.560,205.670,200.220,187.440,200.220
185.670,164.330,204.000,164.330,204.000,200.330,185.670,200.330
183.890,164.110,202.330,164.110,202.330,200.440,183.890,200.440
182.110,163.890,200.670,163.890,200.670,200.560,182.110,200.560
180.330,163.670,199.000,163.670,199.000,200.670,180.330,200.670
178.560,163.440,197.330,163.440,197.330,200.780,178.560,200.780
176.780,163.220,195.670,163.220,195.670,200.890,176.780,200.890
175.000,163.000,194.000,163.000,194.000,201.000,175.000,201.000
174.000,164.000,192.000,164.000,192.000,203.000,174.000,203.000
171.000,165.000,192.000,165.000,192.000,202.000,171.000,202.000
169.330,165.000,191.000,165.000,191.000,201.670,169.330,201.670
167.670,165.000,190.000,165.000,190.000,201.330,167.670,201.330
166.000,165.000,189.000,165.000,189.000,201.000,166.000,201.000
166.500,165.250,187.750,165.250,187.750,200.500,166.500,200.500
167.000,165.500,186.500,165.500,186.500,200.000,167.000,200.000
167.500,165.750,185.250,165.750,185.250,199.500,167.500,199.500
168.000,166.000,184.000,166.000,184.000,199.000,168.000,199.000
167.000,166.000,182.670,166.000,182.670,199.670,167.000,199.670
166.000,166.000,181.330,166.000,181.330,200.330,166.000,200.330
165.000,166.000,180.000,166.000,180.000,201.000,165.000,201.000
164.000,167.000,179.000,167.000,179.000,201.000,164.000,201.000
163.700,166.900,178.900,166.900,178.900,201.100,163.700,201.100
163.400,166.800,178.800,166.800,178.800,201.200,163.400,201.200
163.100,166.700,178.700,166.700,178.700,201.300,163.100,201.300
162.800,166.600,178.600,166.600,178.600,201.400,162.800,201.400
162.500,166.500,178.500,166.500,178.500,201.500,162.500,201.500
162.200,166.400,178.400,166.400,178.400,201.600,162.200,201.600
161.900,166.300,178.300,166.300,178.300,201.700,161.900,201.700
161.600,166.200,178.200,166.200,178.200,201.800,161.600,201.800
161.300,166.100,178.100,166.100,178.100,201.900,161.300,201.900
161.000,166.000,178.000,166.000,178.000,202.000,161.000,202.000
161.450,166.000,178.450,166.000,178.450,201.910,161.450,201.910
161.910,166.000,178.910,166.000,178.910,201.820,161.910,201.820
162.360,166.000,179.360,166.000,179.360,201.730,162.360,201.730
162.820,166.000,179.820,166.000,179.820,201.640,162.820,201.640
163.270,166.000,180.270,166.000,180.270,201.550,163.270,201.550
163.730,166.000,180.730,166.000,180.730,201.450,163.730,201.450
164.180,166.000,181.180,166.000,181.180,201.360,164.180,201.360
164.640,166.000,181.640,166.000,181.640,201.270,164.640,201.270
165.090,166.000,182.090,166.000,182.090,201.180,165.090,201.180
165.550,166.000,182.550,166.000,182.550,201.090,165.550,201.090
166.000,166.000,183.000,166.000,183.000,201.000,166.000,201.000
165.620,166.000,183.000,166.000,183.000,200.750,165.620,200.750
165.250,166.000,183.000,166.000,183.000,200.500,165.250,200.500
164.880,166.000,183.000,166.000,183.000,200.250,164.880,200.250
164.500,166.000,183.000,166.000,183.000,200.000,164.500,200.000
164.120,166.000,183.000,166.000,183.000,199.750,164.120,199.750
163.750,166.000,183.000,166.000,183.000,199.500,163.750,199.500
163.380,166.000,183.000,166.000,183.000,199.250,163.380,199.250
163.000,166.000,183.000,166.000,183.000,199.000,163.000,199.000
163.500,166.000,182.000,166.000,182.000,200.000,163.500,200.000
164.000,166.000,181.000,166.000,181.000,201.000,164.000,201.000
164.000,165.670,181.000,165.670,181.000,201.000,164.000,201.000
164.000,165.330,181.000,165.330,181.000,201.000,164.000,201.000
164.000,165.000,181.000,165.000,181.000,201.000,164.000,201.000
164.000,165.000,180.670,165.000,180.670,201.670,164.000,201.670
164.000,165.000,180.330,165.000,180.330,202.330,164.000,202.330
164.000,165.000,180.000,165.000,180.000,203.000,164.000,203.000
163.000,164.000,182.000,164.000,182.000,202.000,163.000,202.000
163.670,165.670,182.330,165.670,182.330,201.670,163.670,201.670
164.330,167.330,182.670,167.330,182.670,201.330,164.330,201.330
165.000,169.000,183.000,169.000,183.000,201.000,165.000,201.000
161.000,167.000,183.000,167.000,183.000,201.000,161.000,201.000
162.330,167.330,184.330,167.330,184.330,201.500,162.330,201.500
163.670,167.670,185.670,167.670,185.670,202.000,163.670,202.000
165.000,168.000,187.000,168.000,187.000,202.500,165.000,202.500
166.330,168.330,188.330,168.330,188.330,203.000,166.330,203.000
167.670,168.670,189.670,168.670,189.670,203.500,167.670,203.500
169.000,169.000,191.000,169.000,191.000,204.000,169.000,204.000
170.000,169.000,191.000,169.000,191.000,201.000,170.000,201.000
171.810,201.020,192.240,201.160,192.580,169.050,172.150,168.910
173.620,201.050,193.470,201.320,194.150,169.110,174.300,168.830
175.420,201.070,194.710,201.490,195.730,169.160,176.450,168.740
177.230,201.100,195.940,201.650,197.310,169.210,178.600,168.660
179.040,201.120,197.170,201.810,198.880,169.260,180.750,168.570
180.850,201.140,198.410,201.980,200.460,169.320,182.900,168.490
182.660,201.170,199.640,202.140,202.040,169.370,185.050,168.400
184.460,201.190,200.880,202.300,203.610,169.420,187.200,168.320
186.270,201.210,202.110,202.460,205.190,169.480,189.350,168.230
188.080,201.240,203.350,202.620,206.770,169.530,191.500,168.150
189.890,201.260,204.580,202.790,208.340,169.580,193.650,168.060
191.700,201.290,205.820,202.950,209.920,169.640,195.800,167.970
193.500,201.310,207.050,203.110,211.500,169.690,197.950,167.890
195.340,201.210,210.370,202.410,213.330,168.790,198.300,167.590
197.170,201.100,213.680,201.700,215.160,167.900,198.650,167.300
199.000,167.000,217.000,167.000,217.000,201.000,199.000,201.000
201.120,166.620,219.000,166.620,219.000,201.000,201.120,201.000
203.250,166.250,221.000,166.250,221.000,201.000,203.250,201.000
205.380,165.880,223.000,165.880,223.000,201.000,205.380,201.000
207.500,165.500,225.000,165.500,225.000,201.000,207.500,201.000
209.620,165.120,227.000,165.120,227.000,201.000,209.620,201.000
211.750,164.750,229.000,164.750,229.000,201.000,211.750,201.000
213.880,164.380,231.000,164.380,231.000,201.000,213.880,201.000
216.000,164.000,233.000,164.000,233.000,201.000,216.000,201.000
218.090,200.900,234.970,201.230,235.710,164.300,218.830,163.970
220.170,200.800,236.930,201.460,238.430,164.600,221.670,163.940
222.260,200.690,238.900,201.700,241.140,164.910,224.500,163.900
224.350,200.590,240.870,201.930,243.850,165.210,227.340,163.870
226.430,200.490,242.830,202.160,246.570,165.510,230.170,163.840
232.000,202.000,247.000,202.000,247.000,164.000,232.000,164.000
233.670,202.670,249.670,202.670,249.670,165.000,233.670,165.000
235.330,203.330,252.330,203.330,252.330,166.000,235.330,166.000
237.000,204.000,255.000,204.000,255.000,167.000,237.000,167.000
239.900,203.900,258.000,203.900,258.000,166.800,239.900,166.800
242.800,203.800,261.000,203.800,261.000,166.600,242.800,166.600
245.700,203.700,264.000,203.700,264.000,166.400,245.700,166.400
248.600,203.600,267.000,203.600,267.000,166.200,248.600,166.200
251.500,203.500,270.000,203.500,270.000,166.000,251.500,166.000
254.400,203.400,273.000,203.400,273.000,165.800,254.400,165.800
257.300,203.300,276.000,203.300,276.000,165.600,257.300,165.600
260.200,203.200,279.000,203.200,279.000,165.400,260.200,165.400
263.100,203.100,282.000,203.100,282.000,165.200,263.100,165.200
266.000,165.000,285.000,165.000,285.000,203.000,266.000,203.000
268.880,165.000,288.000,165.000,288.000,202.750,268.880,202.750
271.750,165.000,291.000,165.000,291.000,202.500,271.750,202.500
274.620,165.000,294.000,165.000,294.000,202.250,274.620,202.250
277.500,165.000,297.000,165.000,297.000,202.000,277.500,202.000
280.380,165.000,300.000,165.000,300.000,201.750,280.380,201.750
283.250,165.000,303.000,165.000,303.000,201.500,283.250,201.500
286.120,165.000,306.000,165.000,306.000,201.250,286.120,201.250
289.000,165.000,309.000,165.000,309.000,201.000,289.000,201.000
294.000,166.000,312.500,166.000,312.500,202.000,294.000,202.000
299.000,167.000,316.000,167.000,316.000,203.000,299.000,203.000
302.400,166.800,319.200,166.800,319.200,203.000,302.400,203.000
305.800,166.600,322.400,166.600,322.400,203.000,305.800,203.000
309.200,166.400,325.600,166.400,325.600,203.000,309.200,203.000
312.600,166.200,328.800,166.200,328.800,203.000,312.600,203.000
316.000,166.000,332.000,166.000,332.000,203.000,316.000,203.000
319.200,166.400,335.400,166.400,335.400,203.200,319.200,203.200
322.400,166.800,338.800,166.800,338.800,203.400,322.400,203.400
325.600,167.200,342.200,167.200,342.200,203.600,325.600,203.600
328.800,167.600,345.600,167.600,345.600,203.800,328.800,203.800
332.000,168.000,349.000,168.000,349.000,204.000,332.000,204.000
336.000,168.000,352.000,168.000,352.000,204.000,336.000,204.000
338.500,166.500,353.500,166.500,353.500,203.500,338.500,203.500
341.000,165.000,355.000,165.000,355.000,203.000,341.000,203.000
343.000,166.000,358.250,166.000,358.250,203.250,343.000,203.250
345.000,167.000,361.500,167.000,361.500,203.500,345.000,203.500
347.000,168.000,364.750,168.000,364.750,203.750,347.000,203.750
349.000,169.000,368.000,169.000,368.000,204.000,349.000,204.000
351.120,169.000,370.250,169.000,370.250,204.000,351.120,204.000
353.250,169.000,372.500,169.000,372.500,204.000,353.250,204.000
355.380,169.000,374.750,169.000,374.750,204.000,355.380,204.000
357.500,169.000,377.000,169.000,377.000,204.000,357.500,204.000
359.620,169.000,379.250,169.000,379.250,204.000,359.620,204.000
361.750,169.000,381.500,169.000,381.500,204.000,361.750,204.000
363.880,169.000,383.750,169.000,383.750,204.000,363.880,204.000
366.000,169.000,386.000,169.000,386.000,204.000,366.000,204.000
366.090,169.430,369.950,205.350,388.410,203.570,384.550,167.650
373.890,206.690,390.820,203.150,383.110,166.310,366.180,169.850
369.000,170.000,386.000,170.000,386.000,202.000,369.000,202.000
369.170,201.830,386.330,201.830,386.330,169.500,369.170,169.500
369.330,201.670,386.670,201.670,386.670,169.000,369.330,169.000
369.500,201.500,387.000,201.500,387.000,168.500,369.500,168.500
369.670,201.330,387.330,201.330,387.330,168.000,369.670,168.000
369.830,201.170,387.670,201.170,387.670,167.500,369.830,167.500
370.000,201.000,388.000,201.000,388.000,167.000,370.000,167.000
368.500,201.500,386.000,201.500,386.000,165.500,368.500,165.500
367.000,164.000,384.000,164.000,384.000,202.000,367.000,202.000
370.000,164.000,384.000,164.000,384.000,202.000,370.000,202.000
