333.00,40.00,373.00,40.00,373.00,80.00,333.00,80.00
334.53,31.18,370.41,31.53,370.00,74.53,334.12,74.18
337.17,22.07,368.94,23.94,366.20,70.60,334.43,68.73
341.42,12.51,374.73,19.52,363.96,70.68,330.65,63.66
341.86,11.92,373.90,16.57,366.66,66.44,334.62,61.79
350.15,10.69,383.64,20.68,369.15,69.28,335.65,59.28
349.85,16.98,389.45,23.07,381.74,73.19,342.14,67.10
360.91,25.48,394.34,36.20,380.05,80.75,346.62,70.03
359.02,34.50,396.69,40.39,389.80,84.50,352.12,78.61
369.29,41.10,401.95,50.43,389.14,95.28,356.48,85.94
365.54,49.97,404.85,52.99,401.32,98.79,362.02,95.77
376.46,54.15,409.41,62.06,397.96,109.74,365.01,101.83
361.87,62.34,400.67,63.55,399.42,103.79,360.62,102.59
366.32,52.41,401.77,56.85,395.74,105.09,360.29,100.66
353.97,50.15,393.27,53.65,389.44,96.62,350.14,93.12
343.06,41.88,383.88,43.00,382.61,89.50,341.79,88.38
344.39,28.75,380.92,38.43,368.06,86.95,331.53,77.27
326.78,26.91,366.79,25.63,368.27,71.61,328.26,72.90
332.75,21.67,365.77,27.36,358.54,69.32,325.52,63.63
317.00,23.00,359.00,23.00,359.00,58.00,317.00,58.00
320.96,21.54,359.16,23.93,356.78,62.13,318.57,59.74
317.31,16.58,357.98,16.25,358.36,62.70,317.69,63.03
326.94,17.11,364.10,23.72,355.18,73.92,318.01,67.31
336.82,21.63,368.90,35.62,347.16,85.43,315.09,71.43
325.00,30.00,368.00,30.00,368.00,76.00,325.00,76.00
351.72,24.73,382.72,46.19,349.81,93.72,318.82,72.26
346.86,25.54,385.10,42.64,362.06,94.18,323.82,77.09
347.14,22.69,386.27,37.38,367.31,87.89,328.18,73.20
335.46,22.80,383.76,21.99,384.60,71.77,336.30,72.59
348.23,16.19,388.19,23.24,379.58,72.06,339.62,65.01
355.90,14.86,392.74,23.87,380.06,75.69,343.22,66.68
364.25,17.48,401.67,27.74,387.61,79.02,350.19,68.76
349.40,50.91,394.60,23.09,416.81,59.19,371.62,87.00
387.76,36.13,425.10,47.33,409.28,100.08,371.94,88.88
413.82,52.42,439.38,73.71,401.57,119.10,376.01,97.81
396.18,76.12,433.31,80.06,428.32,127.03,391.19,123.09
394.51,97.33,434.24,96.36,435.05,129.60,395.32,130.57
414.72,100.76,426.55,112.71,404.94,134.11,393.11,122.17
399.39,109.35,437.49,110.76,436.33,142.12,398.23,140.71
416.34,100.26,440.05,122.57,409.54,154.98,385.84,132.67
391.20,118.49,437.53,110.74,443.79,148.15,397.46,155.90
388.80,113.75,438.80,114.11,438.48,158.45,388.48,158.09
386.77,113.28,439.32,108.51,443.75,157.29,391.20,162.06
378.47,92.68,432.02,92.71,431.99,147.17,378.43,147.14
399.85,64.64,433.37,93.01,395.04,138.32,361.51,109.95
378.24,42.27,417.97,60.01,392.34,117.42,352.61,99.69
359.55,21.13,398.75,33.31,378.56,98.28,339.36,86.10
336.70,13.51,379.08,16.52,374.77,77.07,332.39,74.06
320.67,8.39,363.74,13.06,356.84,76.82,313.77,72.15
315.41,5.23,357.41,19.63,336.57,80.42,294.56,66.02
301.38,12.97,347.63,19.98,339.15,75.96,292.90,68.95
302.98,18.13,349.23,24.30,342.10,77.75,295.86,71.58
299.00,26.00,348.00,26.00,348.00,79.00,299.00,79.00
305.00,27.00,354.00,27.00,354.00,84.00,305.00,84.00
303.00,28.00,355.00,28.00,355.00,81.00,303.00,81.00
316.26,18.16,362.00,33.74,341.92,92.67,296.19,77.10
304.26,15.91,353.33,18.97,349.46,81.15,300.39,78.09
298.64,11.19,350.71,12.00,349.74,74.76,297.66,73.95
293.11,10.03,345.92,10.08,345.87,70.20,293.05,70.15
293.34,6.70,344.29,10.65,339.22,76.09,288.27,72.14
293.62,8.19,341.46,9.70,339.35,76.24,291.51,74.73
299.23,7.60,347.46,8.26,346.51,77.81,298.29,77.15
307.91,4.60,359.84,4.25,360.29,71.17,308.37,71.52
323.71,-0.15,376.73,2.79,373.24,65.75,320.22,62.81
336.85,-7.11,388.07,6.10,370.43,74.47,319.22,61.26
332.18,-3.61,383.62,4.44,372.54,75.29,321.10,67.24
328.46,2.48,379.14,8.48,371.08,76.53,320.40,70.53
324.23,5.80,379.21,10.58,373.34,78.07,318.37,73.29
320.85,9.02,378.86,8.71,379.24,78.88,321.23,79.19
314.74,3.06,376.75,0.07,380.09,69.53,318.08,72.52
312.17,1.52,376.96,0.46,378.08,68.82,313.28,69.88
309.27,1.13,375.40,0.78,375.77,68.94,309.63,69.29
303.19,1.61,373.44,1.44,373.60,68.89,303.34,69.06
298.94,-0.45,365.97,1.06,364.34,73.31,297.31,71.80
278.20,-0.82,352.71,2.52,349.02,84.81,274.51,81.47
268.77,26.78,344.38,26.19,345.10,119.22,269.49,119.81
279.72,56.85,361.61,57.15,361.24,158.29,279.35,158.00
299.63,98.75,380.91,96.80,383.42,201.35,302.14,203.31
318.57,140.67,399.84,139.53,401.21,236.45,319.93,237.60
333.00,155.78,411.46,162.19,404.27,250.06,325.82,243.65
328.92,168.56,410.11,165.51,413.41,253.53,332.22,256.57
355.52,155.76,403.79,190.99,349.06,265.96,300.79,230.72
330.79,156.21,397.39,181.04,366.54,263.79,299.94,238.96
328.47,146.72,389.43,177.59,349.55,256.35,288.59,225.48
313.52,136.38,373.68,165.80,334.44,246.05,274.28,216.63
272.12,123.15,347.08,129.45,339.96,214.10,265.00,207.79
246.92,102.67,323.48,101.70,324.58,188.47,248.02,189.44
231.77,80.10,315.78,79.45,316.48,170.85,232.47,171.49
218.21,54.47,304.66,54.28,304.88,156.11,218.44,156.30
216.22,23.08,300.46,28.28,293.65,138.51,209.42,133.31
192.00,2.00,289.00,2.00,289.00,123.00,192.00,123.00
182.61,-7.43,275.39,1.74,264.03,116.84,171.24,107.67
161.93,-4.84,248.76,1.57,240.28,116.10,153.45,109.68
137.90,2.07,236.18,0.57,238.11,126.49,139.83,127.99
136.53,5.26,233.68,6.04,232.70,128.70,135.54,127.92
151.15,7.73,247.26,26.41,223.22,150.13,127.10,131.45
154.64,12.96,247.85,28.38,226.50,157.56,133.28,142.15
160.43,18.20,256.34,32.85,236.11,165.32,140.20,150.68
156.35,18.27,265.07,28.26,252.07,169.65,143.35,159.66
155.38,10.03,268.94,18.34,258.64,159.09,145.09,150.79
