65.00,65.00,135.00,65.00,135.00,335.00,65.00,335.00
67.44,64.78,137.44,64.78,137.44,335.00,67.44,335.00
69.89,64.56,139.89,64.56,139.89,335.00,69.89,335.00
72.33,64.33,142.33,64.33,142.33,335.00,72.33,335.00
74.78,64.11,144.78,64.11,144.78,335.00,74.78,335.00
77.22,63.89,147.22,63.89,147.22,335.00,77.22,335.00
79.67,63.67,149.67,63.67,149.67,335.00,79.67,335.00
82.11,63.44,152.11,63.44,152.11,335.00,82.11,335.00
84.56,63.22,154.56,63.22,154.56,335.00,84.56,335.00
87.00,63.00,157.00,63.00,157.00,335.00,87.00,335.00
89.44,62.78,159.44,62.78,159.44,335.00,89.44,335.00
91.89,62.56,161.89,62.56,161.89,335.00,91.89,335.00
94.33,62.33,164.33,62.33,164.33,335.00,94.33,335.00
96.78,62.11,166.78,62.11,166.78,335.00,96.78,335.00
99.22,61.89,169.22,61.89,169.22,335.00,99.22,335.00
101.67,61.67,171.67,61.67,171.67,335.00,101.67,335.00
104.11,61.44,174.11,61.44,174.11,335.00,104.11,335.00
106.56,61.22,176.56,61.22,176.56,335.00,106.56,335.00
109.00,61.00,179.00,61.00,179.00,335.00,109.00,335.00
111.44,61.41,181.06,61.41,181.06,334.41,111.44,334.41
113.88,61.81,183.12,61.81,183.12,333.81,113.88,333.81
116.31,62.22,185.19,62.22,185.19,333.22,116.31,333.22
118.75,62.62,187.25,62.62,187.25,332.62,118.75,332.62
121.19,63.03,189.31,63.03,189.31,332.03,121.19,332.03
123.62,63.44,191.38,63.44,191.38,331.44,123.62,331.44
126.06,63.84,193.44,63.84,193.44,330.84,126.06,330.84
128.50,64.25,195.50,64.25,195.50,330.25,128.50,330.25
130.94,64.66,197.56,64.66,197.56,329.66,130.94,329.66
133.38,65.06,199.62,65.06,199.62,329.06,133.38,329.06
135.81,65.47,201.69,65.47,201.69,328.47,135.81,328.47
138.25,65.88,203.75,65.88,203.75,327.88,138.25,327.88
140.69,66.28,205.81,66.28,205.81,327.28,140.69,327.28
143.12,66.69,207.88,66.69,207.88,326.69,143.12,326.69
145.56,67.09,209.94,67.09,209.94,326.09,145.56,326.09
148.00,67.50,212.00,67.50,212.00,325.50,148.00,325.50
150.44,67.91,214.06,67.91,214.06,324.91,150.44,324.91
152.88,68.31,216.12,68.31,216.12,324.31,152.88,324.31
155.31,68.72,218.19,68.72,218.19,323.72,155.31,323.72
157.75,69.12,220.25,69.12,220.25,323.12,157.75,323.12
160.19,69.53,222.31,69.53,222.31,322.53,160.19,322.53
162.62,69.94,224.38,69.94,224.38,321.94,162.62,321.94
165.06,70.34,226.44,70.34,226.44,321.34,165.06,321.34
167.50,70.75,228.50,70.75,228.50,320.75,167.50,320.75
169.94,71.16,230.56,71.16,230.56,320.16,169.94,320.16
172.38,71.56,232.62,71.56,232.62,319.56,172.38,319.56
174.81,71.97,234.69,71.97,234.69,318.97,174.81,318.97
177.25,72.38,236.75,72.38,236.75,318.38,177.25,318.38
179.69,72.78,238.81,72.78,238.81,317.78,179.69,317.78
182.12,73.19,240.88,73.19,240.88,317.19,182.12,317.19
184.56,73.59,242.94,73.59,242.94,316.59,184.56,316.59
187.00,74.00,245.00,74.00,245.00,316.00,187.00,316.00
189.33,74.11,247.11,74.11,247.11,315.22,189.33,315.22
191.67,74.22,249.22,74.22,249.22,314.44,191.67,314.44
194.00,74.33,251.33,74.33,251.33,313.67,194.00,313.67
196.33,74.44,253.44,74.44,253.44,312.89,196.33,312.89
198.67,74.56,255.56,74.56,255.56,312.11,198.67,312.11
201.00,74.67,257.67,74.67,257.67,311.33,201.00,311.33
203.33,74.78,259.78,74.78,259.78,310.56,203.33,310.56
205.67,74.89,261.89,74.89,261.89,309.78,205.67,309.78
208.00,75.00,264.00,75.00,264.00,309.00,208.00,309.00
208.89,75.22,264.78,75.22,264.78,308.44,208.89,308.44
209.78,75.44,265.56,75.44,265.56,307.89,209.78,307.89
210.67,75.67,266.33,75.67,266.33,307.33,210.67,307.33
211.56,75.89,267.11,75.89,267.11,306.78,211.56,306.78
212.44,76.11,267.89,76.11,267.89,306.22,212.44,306.22
213.33,76.33,268.67,76.33,268.67,305.67,213.33,305.67
214.22,76.56,269.44,76.56,269.44,305.11,214.22,305.11
215.11,76.78,270.22,76.78,270.22,304.56,215.11,304.56
216.00,77.00,271.00,77.00,271.00,304.00,216.00,304.00
217.67,79.00,272.33,79.00,272.33,305.00,217.67,305.00
219.33,81.00,273.67,81.00,273.67,306.00,219.33,306.00
221.00,83.00,275.00,83.00,275.00,307.00,221.00,307.00
224.67,81.00,278.33,81.00,278.33,304.33,224.67,304.33
228.33,79.00,281.67,79.00,281.67,301.67,228.33,301.67
232.00,77.00,285.00,77.00,285.00,299.00,232.00,299.00
233.18,77.41,286.06,77.41,286.06,298.59,233.18,298.59
234.35,77.82,287.12,77.82,287.12,298.18,234.35,298.18
235.53,78.24,288.18,78.24,288.18,297.76,235.53,297.76
236.71,78.65,289.24,78.65,289.24,297.35,236.71,297.35
237.88,79.06,290.29,79.06,290.29,296.94,237.88,296.94
239.06,79.47,291.35,79.47,291.35,296.53,239.06,296.53
240.24,79.88,292.41,79.88,292.41,296.12,240.24,296.12
241.41,80.29,293.47,80.29,293.47,295.71,241.41,295.71
242.59,80.71,294.53,80.71,294.53,295.29,242.59,295.29
243.76,81.12,295.59,81.12,295.59,294.88,243.76,294.88
244.94,81.53,296.65,81.53,296.65,294.47,244.94,294.47
246.12,81.94,297.71,81.94,297.71,294.06,246.12,294.06
247.29,82.35,298.76,82.35,298.76,293.65,247.29,293.65
248.47,82.76,299.82,82.76,299.82,293.24,248.47,293.24
249.65,83.18,300.88,83.18,300.88,292.82,249.65,292.82
250.82,83.59,301.94,83.59,301.94,292.41,250.82,292.41
252.00,84.00,303.00,84.00,303.00,292.00,252.00,292.00
253.43,84.29,304.21,84.29,304.21,291.50,253.43,291.50
254.86,84.57,305.43,84.57,305.43,291.00,254.86,291.00
256.29,84.86,306.64,84.86,306.64,290.50,256.29,290.50
257.71,85.14,307.86,85.14,307.86,290.00,257.71,290.00
259.14,85.43,309.07,85.43,309.07,289.50,259.14,289.50
260.57,85.71,310.29,85.71,310.29,289.00,260.57,289.00
262.00,86.00,311.50,86.00,311.50,288.50,262.00,288.50
263.43,86.29,312.71,86.29,312.71,288.00,263.43,288.00
264.86,86.57,313.93,86.57,313.93,287.50,264.86,287.50
266.29,86.86,315.14,86.86,315.14,287.00,266.29,287.00
267.71,87.14,316.36,87.14,316.36,286.50,267.71,286.50
269.14,87.43,317.57,87.43,317.57,286.00,269.14,286.00
270.57,87.71,318.79,87.71,318.79,285.50,270.57,285.50
272.00,88.00,320.00,88.00,320.00,285.00,272.00,285.00
272.18,88.36,320.09,88.36,320.09,284.64,272.18,284.64
272.36,88.73,320.18,88.73,320.18,284.27,272.36,284.27
272.55,89.09,320.27,89.09,320.27,283.91,272.55,283.91
272.73,89.45,320.36,89.45,320.36,283.55,272.73,283.55
272.91,89.82,320.45,89.82,320.45,283.18,272.91,283.18
273.09,90.18,320.55,90.18,320.55,282.82,273.09,282.82
273.27,90.55,320.64,90.55,320.64,282.45,273.27,282.45
273.45,90.91,320.73,90.91,320.73,282.09,273.45,282.09
273.64,91.27,320.82,91.27,320.82,281.73,273.64,281.73
273.82,91.64,320.91,91.64,320.91,281.36,273.82,281.36
274.00,92.00,321.00,92.00,321.00,281.00,274.00,281.00
274.88,91.75,321.75,91.75,321.75,280.12,274.88,280.12
275.75,91.50,322.50,91.50,322.50,279.25,275.75,279.25
276.62,91.25,323.25,91.25,323.25,278.38,276.62,278.38
277.50,91.00,324.00,91.00,324.00,277.50,277.50,277.50
278.38,90.75,324.75,90.75,324.75,276.62,278.38,276.62
279.25,90.50,325.50,90.50,325.50,275.75,279.25,275.75
280.12,90.25,326.25,90.25,326.25,274.88,280.12,274.88
281.00,90.00,327.00,90.00,327.00,274.00,281.00,274.00
281.12,89.62,327.00,89.62,327.00,273.12,281.12,273.12
281.25,89.25,327.00,89.25,327.00,272.25,281.25,272.25
281.38,88.88,327.00,88.88,327.00,271.38,281.38,271.38
281.50,88.50,327.00,88.50,327.00,270.50,281.50,270.50
281.62,88.12,327.00,88.12,327.00,269.62,281.62,269.62
281.75,87.75,327.00,87.75,327.00,268.75,281.75,268.75
281.88,87.38,327.00,87.38,327.00,267.88,281.88,267.88
282.00,87.00,327.00,87.00,327.00,267.00,282.00,267.00
282.95,87.14,327.91,87.14,327.91,266.64,282.95,266.64
283.91,87.27,328.82,87.27,328.82,266.27,283.91,266.27
284.86,87.41,329.73,87.41,329.73,265.91,284.86,265.91
285.82,87.55,330.64,87.55,330.64,265.55,285.82,265.55
286.77,87.68,331.55,87.68,331.55,265.18,286.77,265.18
287.73,87.82,332.45,87.82,332.45,264.82,287.73,264.82
288.68,87.95,333.36,87.95,333.36,264.45,288.68,264.45
289.64,88.09,334.27,88.09,334.27,264.09,289.64,264.09
290.59,88.23,335.18,88.23,335.18,263.73,290.59,263.73
291.55,88.36,336.09,88.36,336.09,263.36,291.55,263.36
292.50,88.50,337.00,88.50,337.00,263.00,292.50,263.00
293.45,88.64,337.91,88.64,337.91,262.64,293.45,262.64
294.41,88.77,338.82,88.77,338.82,262.27,294.41,262.27
295.36,88.91,339.73,88.91,339.73,261.91,295.36,261.91
296.32,89.05,340.64,89.05,340.64,261.55,296.32,261.55
297.27,89.18,341.55,89.18,341.55,261.18,297.27,261.18
298.23,89.32,342.45,89.32,342.45,260.82,298.23,260.82
299.18,89.45,343.36,89.45,343.36,260.45,299.18,260.45
300.14,89.59,344.27,89.59,344.27,260.09,300.14,260.09
301.09,89.73,345.18,89.73,345.18,259.73,301.09,259.73
302.05,89.86,346.09,89.86,346.09,259.36,302.05,259.36
303.00,90.00,347.00,90.00,347.00,259.00,303.00,259.00
303.64,90.23,347.48,90.23,347.48,258.55,303.64,258.55
304.27,90.45,347.95,90.45,347.95,258.09,304.27,258.09
304.91,90.68,348.43,90.68,348.43,257.64,304.91,257.64
305.55,90.91,348.91,90.91,348.91,257.18,305.55,257.18
306.18,91.14,349.39,91.14,349.39,256.73,306.18,256.73
306.82,91.36,349.86,91.36,349.86,256.27,306.82,256.27
307.45,91.59,350.34,91.59,350.34,255.82,307.45,255.82
308.09,91.82,350.82,91.82,350.82,255.36,308.09,255.36
308.73,92.05,351.30,92.05,351.30,254.91,308.73,254.91
309.36,92.27,351.77,92.27,351.77,254.45,309.36,254.45
310.00,92.50,352.25,92.50,352.25,254.00,310.00,254.00
310.64,92.73,352.73,92.73,352.73,253.55,310.64,253.55
311.27,92.95,353.20,92.95,353.20,253.09,311.27,253.09
311.91,93.18,353.68,93.18,353.68,252.64,311.91,252.64
312.55,93.41,354.16,93.41,354.16,252.18,312.55,252.18
313.18,93.64,354.64,93.64,354.64,251.73,313.18,251.73
313.82,93.86,355.11,93.86,355.11,251.27,313.82,251.27
314.45,94.09,355.59,94.09,355.59,250.82,314.45,250.82
315.09,94.32,356.07,94.32,356.07,250.36,315.09,250.36
315.73,94.55,356.55,94.55,356.55,249.91,315.73,249.91
316.36,94.77,357.02,94.77,357.02,249.45,316.36,249.45
317.00,95.00,357.50,95.00,357.50,249.00,317.00,249.00
317.64,95.23,357.98,95.23,357.98,248.55,317.64,248.55
318.27,95.45,358.45,95.45,358.45,248.09,318.27,248.09
318.91,95.68,358.93,95.68,358.93,247.64,318.91,247.64
319.55,95.91,359.41,95.91,359.41,247.18,319.55,247.18
320.18,96.14,359.89,96.14,359.89,246.73,320.18,246.73
320.82,96.36,360.36,96.36,360.36,246.27,320.82,246.27
321.45,96.59,360.84,96.59,360.84,245.82,321.45,245.82
322.09,96.82,361.32,96.82,361.32,245.36,322.09,245.36
322.73,97.05,361.80,97.05,361.80,244.91,322.73,244.91
323.36,97.27,362.27,97.27,362.27,244.45,323.36,244.45
324.00,97.50,362.75,97.50,362.75,244.00,324.00,244.00
324.64,97.73,363.23,97.73,363.23,243.55,324.64,243.55
325.27,97.95,363.70,97.95,363.70,243.09,325.27,243.09
325.91,98.18,364.18,98.18,364.18,242.64,325.91,242.64
326.55,98.41,364.66,98.41,364.66,242.18,326.55,242.18
327.18,98.64,365.14,98.64,365.14,241.73,327.18,241.73
327.82,98.86,365.61,98.86,365.61,241.27,327.82,241.27
328.45,99.09,366.09,99.09,366.09,240.82,328.45,240.82
329.09,99.32,366.57,99.32,366.57,240.36,329.09,240.36
329.73,99.55,367.05,99.55,367.05,239.91,329.73,239.91
330.36,99.77,367.52,99.77,367.52,239.45,330.36,239.45
331.00,100.00,368.00,100.00,368.00,239.00,331.00,239.00
331.33,100.11,368.22,100.11,368.22,238.67,331.33,238.67
331.67,100.22,368.44,100.22,368.44,238.33,331.67,238.33
332.00,100.33,368.67,100.33,368.67,238.00,332.00,238.00
332.33,100.44,368.89,100.44,368.89,237.67,332.33,237.67
332.67,100.56,369.11,100.56,369.11,237.33,332.67,237.33
333.00,100.67,369.33,100.67,369.33,237.00,333.00,237.00
333.33,100.78,369.56,100.78,369.56,236.67,333.33,236.67
333.67,100.89,369.78,100.89,369.78,236.33,333.67,236.33
334.00,101.00,370.00,101.00,370.00,236.00,334.00,236.00
334.48,101.10,370.33,101.10,370.33,235.67,334.48,235.67
334.95,101.19,370.67,101.19,370.67,235.33,334.95,235.33
335.43,101.29,371.00,101.29,371.00,235.00,335.43,235.00
335.90,101.38,371.33,101.38,371.33,234.67,335.90,234.67
336.38,101.48,371.67,101.48,371.67,234.33,336.38,234.33
336.86,101.57,372.00,101.57,372.00,234.00,336.86,234.00
337.33,101.67,372.33,101.67,372.33,233.67,337.33,233.67
337.81,101.76,372.67,101.76,372.67,233.33,337.81,233.33
338.29,101.86,373.00,101.86,373.00,233.00,338.29,233.00
338.76,101.95,373.33,101.95,373.33,232.67,338.76,232.67
339.24,102.05,373.67,102.05,373.67,232.33,339.24,232.33
339.71,102.14,374.00,102.14,374.00,232.00,339.71,232.00
340.19,102.24,374.33,102.24,374.33,231.67,340.19,231.67
340.67,102.33,374.67,102.33,374.67,231.33,340.67,231.33
341.14,102.43,375.00,102.43,375.00,231.00,341.14,231.00
341.62,102.52,375.33,102.52,375.33,230.67,341.62,230.67
342.10,102.62,375.67,102.62,375.67,230.33,342.10,230.33
342.57,102.71,376.00,102.71,376.00,230.00,342.57,230.00
343.05,102.81,376.33,102.81,376.33,229.67,343.05,229.67
343.52,102.90,376.67,102.90,376.67,229.33,343.52,229.33
344.00,103.00,377.00,103.00,377.00,229.00,344.00,229.00
344.04,103.19,376.96,103.19,376.96,228.78,344.04,228.78
344.07,103.37,376.93,103.37,376.93,228.56,344.07,228.56
344.11,103.56,376.89,103.56,376.89,228.33,344.11,228.33
344.15,103.74,376.85,103.74,376.85,228.11,344.15,228.11
344.19,103.93,376.81,103.93,376.81,227.89,344.19,227.89
344.22,104.11,376.78,104.11,376.78,227.67,344.22,227.67
344.26,104.30,376.74,104.30,376.74,227.44,344.26,227.44
344.30,104.48,376.70,104.48,376.70,227.22,344.30,227.22
344.33,104.67,376.67,104.67,376.67,227.00,344.33,227.00
344.37,104.85,376.63,104.85,376.63,226.78,344.37,226.78
344.41,105.04,376.59,105.04,376.59,226.56,344.41,226.56
344.44,105.22,376.56,105.22,376.56,226.33,344.44,226.33
344.48,105.41,376.52,105.41,376.52,226.11,344.48,226.11
344.52,105.59,376.48,105.59,376.48,225.89,344.52,225.89
344.56,105.78,376.44,105.78,376.44,225.67,344.56,225.67
344.59,105.96,376.41,105.96,376.41,225.44,344.59,225.44
344.63,106.15,376.37,106.15,376.37,225.22,344.63,225.22
344.67,106.33,376.33,106.33,376.33,225.00,344.67,225.00
344.70,106.52,376.30,106.52,376.30,224.78,344.70,224.78
344.74,106.70,376.26,106.70,376.26,224.56,344.74,224.56
344.78,106.89,376.22,106.89,376.22,224.33,344.78,224.33
344.81,107.07,376.19,107.07,376.19,224.11,344.81,224.11
344.85,107.26,376.15,107.26,376.15,223.89,344.85,223.89
344.89,107.44,376.11,107.44,376.11,223.67,344.89,223.67
344.93,107.63,376.07,107.63,376.07,223.44,344.93,223.44
344.96,107.81,376.04,107.81,376.04,223.22,344.96,223.22
345.00,108.00,376.00,108.00,376.00,223.00,345.00,223.00
345.11,108.09,376.00,108.09,376.00,222.67,345.11,222.67
345.22,108.17,376.00,108.17,376.00,222.35,345.22,222.35
345.33,108.26,376.00,108.26,376.00,222.02,345.33,222.02
345.43,108.35,376.00,108.35,376.00,221.70,345.43,221.70
345.54,108.43,376.00,108.43,376.00,221.37,345.54,221.37
345.65,108.52,376.00,108.52,376.00,221.04,345.65,221.04
345.76,108.61,376.00,108.61,376.00,220.72,345.76,220.72
345.87,108.70,376.00,108.70,376.00,220.39,345.87,220.39
345.98,108.78,376.00,108.78,376.00,220.07,345.98,220.07
346.09,108.87,376.00,108.87,376.00,219.74,346.09,219.74
346.20,108.96,376.00,108.96,376.00,219.41,346.20,219.41
346.30,109.04,376.00,109.04,376.00,219.09,346.30,219.09
346.41,109.13,376.00,109.13,376.00,218.76,346.41,218.76
346.52,109.22,376.00,109.22,376.00,218.43,346.52,218.43
346.63,109.30,376.00,109.30,376.00,218.11,346.63,218.11
346.74,109.39,376.00,109.39,376.00,217.78,346.74,217.78
346.85,109.48,376.00,109.48,376.00,217.46,346.85,217.46
346.96,109.57,376.00,109.57,376.00,217.13,346.96,217.13
347.07,109.65,376.00,109.65,376.00,216.80,347.07,216.80
347.17,109.74,376.00,109.74,376.00,216.48,347.17,216.48
347.28,109.83,376.00,109.83,376.00,216.15,347.28,216.15
347.39,109.91,376.00,109.91,376.00,215.83,347.39,215.83
347.50,110.00,376.00,110.00,376.00,215.50,347.50,215.50
347.61,110.09,376.00,110.09,376.00,215.17,347.61,215.17
347.72,110.17,376.00,110.17,376.00,214.85,347.72,214.85
347.83,110.26,376.00,110.26,376.00,214.52,347.83,214.52
347.93,110.35,376.00,110.35,376.00,214.20,347.93,214.20
348.04,110.43,376.00,110.43,376.00,213.87,348.04,213.87
348.15,110.52,376.00,110.52,376.00,213.54,348.15,213.54
348.26,110.61,376.00,110.61,376.00,213.22,348.26,213.22
348.37,110.70,376.00,110.70,376.00,212.89,348.37,212.89
348.48,110.78,376.00,110.78,376.00,212.57,348.48,212.57
348.59,110.87,376.00,110.87,376.00,212.24,348.59,212.24
348.70,110.96,376.00,110.96,376.00,211.91,348.70,211.91
348.80,111.04,376.00,111.04,376.00,211.59,348.80,211.59
348.91,111.13,376.00,111.13,376.00,211.26,348.91,211.26
349.02,111.22,376.00,111.22,376.00,210.93,349.02,210.93
349.13,111.30,376.00,111.30,376.00,210.61,349.13,210.61
349.24,111.39,376.00,111.39,376.00,210.28,349.24,210.28
349.35,111.48,376.00,111.48,376.00,209.96,349.35,209.96
349.46,111.57,376.00,111.57,376.00,209.63,349.46,209.63
349.57,111.65,376.00,111.65,376.00,209.30,349.57,209.30
349.67,111.74,376.00,111.74,376.00,208.98,349.67,208.98
349.78,111.83,376.00,111.83,376.00,208.65,349.78,208.65
349.89,111.91,376.00,111.91,376.00,208.33,349.89,208.33
350.00,112.00,376.00,112.00,376.00,208.00,350.00,208.00
350.09,112.27,376.00,112.27,376.00,207.82,350.09,207.82
350.18,112.55,376.00,112.55,376.00,207.64,350.18,207.64
350.27,112.82,376.00,112.82,376.00,207.45,350.27,207.45
350.36,113.09,376.00,113.09,376.00,207.27,350.36,207.27
350.45,113.36,376.00,113.36,376.00,207.09,350.45,207.09
350.55,113.64,376.00,113.64,376.00,206.91,350.55,206.91
350.64,113.91,376.00,113.91,376.00,206.73,350.64,206.73
350.73,114.18,376.00,114.18,376.00,206.55,350.73,206.55
350.82,114.45,376.00,114.45,376.00,206.36,350.82,206.36
350.91,114.73,376.00,114.73,376.00,206.18,350.91,206.18
351.00,115.00,376.00,115.00,376.00,206.00,351.00,206.00
350.83,115.13,375.83,115.13,375.83,205.74,350.83,205.74
350.65,115.26,375.65,115.26,375.65,205.48,350.65,205.48
350.48,115.39,375.48,115.39,375.48,205.22,350.48,205.22
350.30,115.52,375.30,115.52,375.30,204.96,350.30,204.96
350.13,115.65,375.13,115.65,375.13,204.70,350.13,204.70
349.96,115.78,374.96,115.78,374.96,204.43,349.96,204.43
349.78,115.91,374.78,115.91,374.78,204.17,349.78,204.17
349.61,116.04,374.61,116.04,374.61,203.91,349.61,203.91
349.43,116.17,374.43,116.17,374.43,203.65,349.43,203.65
349.26,116.30,374.26,116.30,374.26,203.39,349.26,203.39
349.09,116.43,374.09,116.43,374.09,203.13,349.09,203.13
348.91,116.57,373.91,116.57,373.91,202.87,348.91,202.87
348.74,116.70,373.74,116.70,373.74,202.61,348.74,202.61
348.57,116.83,373.57,116.83,373.57,202.35,348.57,202.35
348.39,116.96,373.39,116.96,373.39,202.09,348.39,202.09
348.22,117.09,373.22,117.09,373.22,201.83,348.22,201.83
348.04,117.22,373.04,117.22,373.04,201.57,348.04,201.57
347.87,117.35,372.87,117.35,372.87,201.30,347.87,201.30
347.70,117.48,372.70,117.48,372.70,201.04,347.70,201.04
347.52,117.61,372.52,117.61,372.52,200.78,347.52,200.78
347.35,117.74,372.35,117.74,372.35,200.52,347.35,200.52
347.17,117.87,372.17,117.87,372.17,200.26,347.17,200.26
347.00,118.00,372.00,118.00,372.00,200.00,347.00,200.00
347.07,118.13,372.07,118.13,372.07,199.80,347.07,199.80
347.13,118.27,372.13,118.27,372.13,199.60,347.13,199.60
347.20,118.40,372.20,118.40,372.20,199.40,347.20,199.40
347.27,118.53,372.27,118.53,372.27,199.20,347.27,199.20
347.33,118.67,372.33,118.67,372.33,199.00,347.33,199.00
347.40,118.80,372.40,118.80,372.40,198.80,347.40,198.80
347.47,118.93,372.47,118.93,372.47,198.60,347.47,198.60
347.53,119.07,372.53,119.07,372.53,198.40,347.53,198.40
347.60,119.20,372.60,119.20,372.60,198.20,347.60,198.20
347.67,119.33,372.67,119.33,372.67,198.00,347.67,198.00
347.73,119.47,372.73,119.47,372.73,197.80,347.73,197.80
347.80,119.60,372.80,119.60,372.80,197.60,347.80,197.60
347.87,119.73,372.87,119.73,372.87,197.40,347.87,197.40
347.93,119.87,372.93,119.87,372.93,197.20,347.93,197.20
348.00,120.00,373.00,120.00,373.00,197.00,348.00,197.00
