218.00,157.00,251.00,157.00,251.00,223.00,218.00,223.00
241.90,227.67,266.22,224.70,259.10,166.33,234.78,169.30
238.00,166.00,267.00,166.00,267.00,226.00,238.00,226.00
231.00,166.00,260.00,166.00,260.00,227.00,231.00,227.00
231.00,171.00,263.00,171.00,263.00,234.00,231.00,234.00
236.00,238.00,260.00,238.00,260.00,178.00,236.00,178.00
235.00,250.00,257.00,250.00,257.00,187.00,235.00,187.00
220.00,192.00,250.00,192.00,250.00,250.00,220.00,250.00
227.73,256.96,249.82,260.58,258.27,209.04,236.18,205.42
244.06,278.35,267.50,282.83,275.94,238.65,252.50,234.17
267.42,317.77,290.23,319.36,293.58,271.23,270.77,269.64
259.91,335.20,283.91,338.79,291.09,290.80,267.09,287.21
249.00,290.00,269.00,290.00,269.00,338.00,249.00,338.00
236.00,294.00,264.00,294.00,264.00,350.00,236.00,350.00
206.00,309.00,244.00,309.00,244.00,365.00,206.00,365.00
207.13,370.29,228.55,339.22,182.87,307.71,161.45,338.78
181.29,363.15,203.78,335.77,163.71,302.85,141.22,330.23
161.57,353.99,183.66,329.55,145.43,295.01,123.34,319.45
140.54,350.56,165.00,326.27,123.46,284.44,99.00,308.73
131.13,347.71,153.90,319.99,112.87,286.29,90.10,314.01
115.37,338.11,137.91,309.21,92.63,273.89,70.09,302.79
103.79,337.12,122.77,309.09,75.21,276.88,56.23,304.91
98.15,326.31,113.79,300.91,72.85,275.69,57.21,301.09
78.71,323.63,99.83,297.39,61.29,266.37,40.17,292.61
52.00,260.00,100.00,260.00,100.00,301.00,52.00,301.00
79.24,298.36,97.70,281.48,66.76,247.64,48.30,264.52
124.00,251.00,160.00,251.00,160.00,284.00,124.00,284.00
213.65,306.47,235.92,280.58,196.35,246.53,174.08,272.42
240.21,314.32,265.98,289.86,228.79,250.68,203.02,275.14
234.00,269.00,277.00,269.00,277.00,304.00,234.00,304.00
235.22,291.67,274.03,313.52,288.78,287.33,249.97,265.48
279.29,313.07,294.46,291.15,253.71,262.93,238.54,284.85
280.14,316.78,300.08,294.18,263.86,262.22,243.92,284.82
289.98,322.45,307.12,294.64,268.02,270.55,250.88,298.36
304.95,329.15,319.21,303.35,264.05,272.85,249.79,298.65
317.28,333.57,329.57,310.08,276.72,282.43,264.43,305.92
322.72,336.76,337.84,315.52,288.28,280.24,273.16,301.48
334.01,342.17,352.14,316.75,305.99,283.83,287.86,309.25
356.96,348.24,373.48,323.67,326.04,291.76,309.52,316.33
380.84,350.67,394.70,325.64,338.16,294.33,324.30,319.36
389.13,358.28,402.78,335.71,349.87,303.72,336.22,326.29
383.54,362.81,402.30,336.73,358.46,305.19,339.70,331.27
379.51,362.07,396.60,334.61,350.49,305.93,333.40,333.39
397.27,371.15,413.95,342.17,364.73,313.85,348.05,342.83
417.41,389.10,436.79,365.77,393.59,329.90,374.21,353.23
412.43,386.15,431.77,358.62,386.57,326.85,367.23,354.38
412.30,375.06,430.21,347.73,381.70,315.94,363.79,343.27
418.60,381.33,438.91,357.87,399.40,323.67,379.09,347.13
442.51,393.40,464.14,366.45,414.49,326.60,392.86,353.55
458.74,401.76,482.43,370.40,429.26,330.24,405.57,361.60
473.45,400.28,495.10,372.86,445.55,333.72,423.90,361.14
486.86,416.38,507.65,381.69,454.14,349.62,433.35,384.31
487.28,424.99,515.01,397.23,466.72,349.01,438.99,376.77
461.06,410.55,484.30,381.96,436.94,343.45,413.70,372.04
435.35,393.14,459.05,373.53,414.65,319.86,390.95,339.47
417.43,370.42,445.37,349.13,404.57,295.58,376.63,316.87
409.25,353.70,436.99,326.76,395.75,284.30,368.01,311.24
399.61,341.07,424.80,316.75,385.39,275.93,360.20,300.25
385.02,334.11,405.00,311.24,359.98,271.89,340.00,294.76
369.45,327.84,389.33,298.40,344.55,268.16,324.67,297.60
356.70,326.42,377.37,300.21,323.30,257.58,302.63,283.79
331.99,320.67,352.58,296.62,309.01,259.33,288.42,283.38
331.32,308.30,348.77,277.51,299.68,249.70,282.23,280.49
313.25,304.58,336.10,278.42,285.75,234.42,262.90,260.58
291.61,284.68,310.23,253.27,261.39,224.32,242.77,255.73
274.85,273.47,298.52,245.56,250.15,204.53,226.48,232.44
259.99,264.13,284.08,237.24,239.01,196.87,214.92,223.76
242.67,259.76,267.88,230.52,222.33,191.24,197.12,220.48
208.03,243.08,236.21,218.13,197.97,174.92,169.79,199.87
188.84,232.17,215.48,206.32,177.16,166.83,150.52,192.68
172.69,225.20,197.15,199.46,153.31,157.80,128.85,183.54
163.52,223.61,190.83,199.07,152.48,156.39,125.17,180.93
150.14,201.46,173.43,180.18,140.86,144.54,117.57,165.82
136.03,200.81,169.12,177.17,136.97,132.19,103.88,155.83
136.36,208.96,164.74,181.26,119.64,135.04,91.26,162.74
137.13,223.54,171.27,199.99,139.87,154.46,105.73,178.01
149.89,256.71,186.42,239.65,160.11,183.29,123.58,200.35
154.37,252.68,185.90,231.27,150.63,179.32,119.10,200.73
159.39,238.85,187.93,212.91,143.61,164.15,115.07,190.09
160.84,240.15,188.95,209.76,137.16,161.85,109.05,192.24
157.89,255.09,188.93,226.95,148.11,181.91,117.07,210.05
161.30,275.09,191.62,249.04,147.70,197.91,117.38,223.96
177.80,293.52,206.64,267.46,164.20,220.48,135.36,246.54
201.02,298.66,233.98,276.10,201.98,229.34,169.02,251.90
196.40,264.23,231.01,256.90,220.60,207.77,185.99,215.10
221.18,249.65,250.64,244.99,238.82,170.35,209.36,175.01
243.18,190.60,270.12,173.72,229.82,109.40,202.88,126.28
215.02,143.25,242.66,132.60,214.98,60.75,187.34,71.40
185.35,124.70,213.70,120.20,201.65,44.30,173.30,48.80
178.43,146.78,214.87,140.52,200.57,57.22,164.13,63.48
160.00,133.00,194.00,133.00,194.00,67.00,160.00,67.00
137.19,137.51,176.05,150.08,200.81,73.49,161.95,60.92
132.84,127.12,180.67,147.05,206.16,85.88,158.33,65.95
147.96,127.41,186.91,146.60,212.04,95.59,173.09,76.40
152.39,130.01,191.64,148.30,214.61,98.99,175.36,80.70
154.60,130.36,192.03,148.90,219.40,93.64,181.97,75.11
150.83,131.92,191.60,153.79,224.17,93.08,183.40,71.21
163.26,138.61,206.63,155.11,229.74,94.39,186.37,77.89
182.48,137.21,221.00,153.56,245.52,95.79,207.00,79.44
192.74,133.48,231.40,145.58,249.26,88.52,210.60,76.42
190.02,132.78,224.89,142.99,242.98,81.22,208.11,71.01
182.52,127.54,215.28,138.55,234.48,81.46,201.72,70.44
176.68,127.41,211.93,136.92,226.32,83.59,191.07,74.08
172.24,124.40,209.84,137.58,228.76,83.60,191.16,70.42
159.99,130.70,191.02,136.83,201.01,86.30,169.98,80.17
136.87,136.06,168.72,144.09,183.13,86.94,151.28,78.92
124.12,141.17,155.97,151.91,173.88,98.83,142.03,88.08
120.26,144.58,155.56,159.37,177.74,106.42,142.44,91.63
110.61,161.63,145.69,174.87,167.39,117.37,132.31,104.14
99.50,169.98,137.80,182.63,156.50,126.02,118.20,113.37
92.69,172.95,132.58,186.99,153.31,128.05,113.42,114.01
90.36,176.03,130.70,189.36,151.64,125.97,111.30,112.64
95.31,187.30,136.04,200.30,155.69,138.70,114.96,125.70
90.19,194.04,136.41,211.59,159.81,149.96,113.59,132.41
92.65,200.05,139.40,217.01,163.35,150.95,116.60,133.99
104.55,196.85,147.02,214.69,172.45,154.15,129.98,136.31
109.53,183.84,150.68,203.21,178.47,144.16,137.32,124.79
105.84,180.86,151.65,196.83,173.16,135.14,127.35,119.17
97.14,173.75,140.32,195.08,170.87,133.25,127.68,111.92
99.60,158.32,139.01,172.94,158.40,120.68,118.99,106.06
