278.67,66.95,297.06,67.97,293.31,135.51,274.92,134.48
277.91,66.76,298.26,68.27,293.56,131.73,273.21,130.22
275.78,64.89,296.03,64.75,296.52,131.48,276.27,131.63
278.74,65.99,299.66,67.20,295.96,131.53,275.04,130.32
278.74,65.99,299.66,67.20,295.96,131.53,275.04,130.32
283.19,66.18,301.16,68.59,292.06,136.37,274.09,133.95
281.11,66.97,302.86,71.12,290.82,134.25,269.06,130.10
277.11,65.49,294.80,64.92,296.90,130.75,279.22,131.31
274.08,65.94,292.50,63.62,300.96,130.60,282.54,132.92
273.07,66.50,293.61,63.22,304.43,130.99,283.89,134.27
280.32,65.99,304.24,69.83,294.00,133.61,270.09,129.77
276.50,67.63,297.82,67.44,298.44,134.85,277.12,135.05
277.63,64.73,301.01,65.45,298.94,132.77,275.55,132.05
275.78,64.47,298.87,64.32,299.32,132.01,276.22,132.16
283.48,61.79,303.61,65.26,292.32,130.77,272.19,127.30
278.72,61.51,301.00,63.15,295.64,136.34,273.35,134.71
278.17,65.89,300.90,67.84,294.97,136.95,272.23,134.99
278.38,66.35,301.99,68.94,294.46,137.62,270.84,135.03
281.80,64.20,304.32,68.06,292.81,135.36,270.29,131.51
276.07,65.70,298.05,65.64,298.22,130.26,276.24,130.32
281.28,63.44,304.88,68.53,292.11,127.73,268.51,122.65
277.13,65.26,299.31,66.61,295.29,132.52,273.12,131.17
278.12,64.83,299.57,65.88,296.27,133.59,274.82,132.54
279.62,67.53,299.01,67.30,299.83,134.65,280.44,134.89
276.56,65.12,298.86,64.77,299.96,133.91,277.65,134.26
279.12,63.11,301.20,64.38,297.44,129.57,275.35,128.29
281.68,65.44,303.38,66.42,300.21,136.55,278.50,135.57
277.33,65.12,301.10,65.96,298.79,131.34,275.02,130.50
280.30,63.21,303.46,66.06,295.37,131.95,272.21,129.10
281.04,62.38,305.66,67.66,290.80,136.96,266.19,131.68
276.57,62.21,300.12,62.32,299.80,132.67,276.25,132.56
278.09,61.31,300.36,62.61,296.45,129.74,274.17,128.44
281.12,60.22,303.66,63.37,293.77,134.10,271.23,130.95
276.29,62.95,300.53,63.31,299.47,134.44,275.22,134.08
276.93,64.28,300.29,64.50,299.65,132.05,276.28,131.83
270.45,66.15,292.59,60.90,308.30,127.18,286.16,132.43
281.11,61.55,302.20,64.55,292.52,132.55,271.43,129.55
281.53,60.81,304.94,65.06,293.58,127.63,270.17,123.38
281.52,63.13,306.33,68.81,293.34,125.51,268.53,119.83
275.56,61.41,300.08,61.48,299.89,132.62,275.36,132.55
279.59,62.72,303.34,66.61,292.09,135.30,268.34,131.41
281.35,62.06,303.93,65.91,292.02,135.99,269.43,132.15
276.90,62.88,299.28,64.06,295.67,132.67,273.29,131.50
277.07,61.91,297.35,62.18,296.40,133.08,276.12,132.81
276.56,63.53,297.49,64.01,295.88,133.33,274.96,132.85
270.35,63.87,295.88,60.02,306.37,129.59,280.84,133.44
277.68,64.58,304.23,69.05,293.69,131.60,267.14,127.13
281.16,63.25,307.90,71.23,288.73,135.48,261.99,127.50
279.62,62.68,307.88,70.95,290.04,131.88,261.78,123.60
279.47,61.66,306.66,67.73,291.56,135.28,264.37,129.20
279.45,62.52,305.01,65.78,296.29,134.11,270.73,130.85
275.10,62.92,300.41,63.33,299.27,134.16,273.96,133.75
270.54,66.26,296.26,62.40,306.73,132.21,281.01,136.06
276.27,63.98,295.78,63.68,296.84,133.58,277.32,133.87
276.99,61.78,298.87,63.79,292.57,132.62,270.69,130.61
278.16,62.39,303.47,66.43,293.83,126.82,268.51,122.78
274.58,62.45,297.46,62.81,296.36,133.72,273.48,133.36
274.76,63.04,298.27,63.89,295.74,134.27,272.22,133.42
272.26,63.90,296.58,63.36,298.17,134.95,273.85,135.49
279.81,64.96,302.39,69.58,289.22,133.97,266.63,129.35
277.75,61.93,300.83,64.85,291.67,137.37,268.58,134.46
272.11,64.40,296.30,62.83,300.82,132.42,276.63,133.99
276.77,61.47,300.79,64.73,290.76,138.73,266.74,135.47
278.00,63.92,302.44,67.46,292.29,137.63,267.85,134.10
276.52,62.98,303.03,68.06,289.71,137.59,263.20,132.51
276.21,63.73,299.35,66.41,291.97,130.26,268.83,127.58
275.57,62.82,299.13,65.57,291.13,134.26,267.57,131.51
273.77,63.16,299.70,66.48,291.25,132.41,265.33,129.08
262.68,68.59,290.25,61.84,307.43,132.06,279.87,138.81
269.74,64.16,295.83,63.92,296.47,135.92,270.39,136.15
270.21,64.13,297.41,64.45,296.53,139.60,269.33,139.28
272.62,63.15,300.54,67.41,290.89,130.69,262.97,126.43
273.50,59.95,302.65,66.25,287.00,138.65,257.84,132.34
274.30,62.31,300.57,67.31,288.18,132.50,261.91,127.51
262.42,69.96,288.28,62.43,307.34,127.89,281.48,135.42
261.20,71.02,287.99,63.66,305.66,128.06,278.87,135.41
258.18,72.81,285.17,62.26,306.91,117.90,279.92,128.45
260.62,70.40,288.39,62.52,306.87,127.65,279.10,135.53
268.29,63.45,296.71,65.43,291.69,137.78,263.27,135.81
267.00,61.90,292.38,61.11,294.66,134.58,269.28,135.37
267.58,63.03,293.93,63.85,291.77,132.70,265.42,131.87
272.38,63.04,299.49,67.68,287.88,135.42,260.77,130.77
274.61,64.05,301.47,71.85,282.53,137.03,255.67,129.22
272.51,60.96,301.52,68.76,284.50,132.03,255.49,124.22
266.17,61.70,293.34,62.02,292.49,134.49,265.32,134.17
273.85,58.85,298.08,63.73,284.30,132.17,260.07,127.29
271.67,59.77,300.12,66.55,284.21,133.38,255.76,126.60
268.55,64.05,298.30,70.30,285.40,131.64,255.65,125.38
269.21,62.73,299.18,68.97,285.91,132.70,255.94,126.46
266.81,61.37,295.30,64.78,286.82,135.68,258.34,132.27
266.84,61.57,297.13,66.76,284.94,137.87,254.65,132.68
264.07,63.00,293.29,64.61,289.38,135.65,260.16,134.04
266.18,65.17,292.24,65.53,291.26,137.10,265.20,136.74
264.45,67.57,292.46,65.46,297.82,136.79,269.82,138.89
269.46,69.15,297.88,71.16,292.78,143.39,264.35,141.38
262.78,76.06,289.98,70.42,304.53,140.48,277.32,146.13
270.29,73.54,298.51,76.24,291.75,146.94,263.53,144.24
269.11,73.18,293.94,73.09,294.20,147.43,269.36,147.51
272.63,73.72,298.87,75.71,293.14,151.02,266.90,149.03
270.42,74.32,297.31,74.38,297.15,151.96,270.26,151.91
272.47,73.08,300.38,76.55,291.07,151.39,263.16,147.92
270.68,74.77,300.56,78.50,292.29,144.74,262.40,141.00
269.43,72.98,297.14,75.32,291.04,147.58,263.33,145.24
272.27,75.19,302.41,82.92,286.68,144.23,256.55,136.50
272.32,76.46,300.84,83.54,283.29,154.28,254.77,147.20
270.96,73.68,301.44,83.26,280.40,150.19,249.92,140.61
268.26,72.70,299.30,79.71,285.82,139.47,254.77,132.46
270.83,68.99,299.89,76.97,281.34,144.51,252.28,136.53
271.17,66.02,298.52,72.82,278.30,154.20,250.95,147.40
254.68,73.71,284.83,66.11,304.36,143.64,274.21,151.23
270.53,66.42,300.18,74.64,279.69,148.51,250.04,140.28
269.67,66.25,300.15,74.60,280.41,146.66,249.93,138.31
268.72,67.21,297.81,74.76,280.27,142.37,251.17,134.82
262.75,68.36,290.90,68.23,291.28,150.34,263.12,150.47
266.82,66.87,297.13,72.97,282.13,147.54,251.82,141.45
265.34,67.01,295.17,71.00,285.85,140.72,256.02,136.74
267.61,69.17,299.17,73.61,290.29,136.62,258.74,132.18
259.57,74.01,288.11,67.74,301.44,128.45,272.90,134.72
272.63,67.15,306.15,75.56,288.53,145.77,255.01,137.35
273.92,66.49,302.12,71.15,289.43,147.90,261.23,143.24
276.47,65.14,305.65,72.01,288.98,142.80,259.80,135.93
279.75,64.34,310.14,74.07,289.22,139.39,258.83,129.67
279.48,65.90,310.77,74.89,293.04,136.61,261.75,127.63
283.71,65.64,314.38,78.64,290.26,135.54,259.58,122.54
281.56,67.15,312.82,76.01,293.35,144.72,262.09,135.87
262.24,75.84,295.72,64.19,320.29,134.76,286.81,146.42
281.43,64.93,309.90,70.19,295.64,147.45,267.17,142.19
282.07,66.29,311.35,72.78,294.09,150.62,264.81,144.12
283.54,67.10,313.18,75.69,294.45,140.32,264.81,131.73
268.91,73.54,299.50,65.81,318.21,139.84,287.62,147.57
268.82,75.00,300.75,66.98,319.14,140.18,287.21,148.21
270.18,71.59,302.00,65.32,317.41,143.61,285.59,149.87
283.70,64.66,316.07,71.97,300.36,141.53,267.99,134.22
266.75,73.19,298.97,63.87,320.77,139.16,288.56,148.49
283.74,66.56,317.58,74.42,302.34,140.05,268.49,132.19
282.47,66.07,315.76,72.20,300.95,152.56,267.67,146.42
278.19,66.26,309.59,68.47,303.74,151.59,272.34,149.38
279.45,63.79,313.14,67.82,303.41,148.99,269.73,144.95
283.40,64.77,317.63,73.14,299.86,145.87,265.63,137.50
286.37,64.72,321.82,76.25,300.62,141.45,265.16,129.91
289.24,66.11,323.45,78.77,297.33,149.41,263.12,136.76
288.32,64.46,321.52,73.27,302.18,146.18,268.98,137.38
286.43,65.35,314.88,69.33,303.27,152.34,274.82,148.36
287.46,64.56,318.34,69.63,304.95,151.24,274.07,146.17
286.89,64.16,316.85,68.25,306.53,143.68,276.57,139.58
289.72,64.60,319.74,70.52,305.57,142.37,275.55,136.45
290.70,66.55,323.49,76.30,304.07,141.64,271.28,131.89
289.32,66.91,321.48,75.04,303.02,148.11,270.86,139.99
278.18,72.02,309.86,66.15,324.47,145.01,292.79,150.88
285.83,67.66,317.15,71.67,307.14,149.82,275.83,145.81
292.43,67.48,322.77,73.64,306.67,152.97,276.32,146.81
289.30,69.32,321.79,72.08,315.15,150.34,282.66,147.58
276.86,74.25,309.31,65.73,329.39,142.18,296.94,150.71
277.24,75.33,311.24,66.75,330.39,142.59,296.40,151.18
293.49,65.53,326.04,72.09,310.12,151.11,277.57,144.55
292.73,64.48,327.73,73.25,309.35,146.59,274.36,137.83
276.17,77.13,309.91,66.07,334.09,139.85,300.35,150.90
292.70,66.11,327.02,73.56,312.29,141.34,277.98,133.88
291.85,64.39,324.38,68.70,313.82,148.37,281.29,144.05
290.84,61.98,323.79,67.71,310.43,144.56,277.47,138.82
290.67,58.91,325.27,64.98,311.03,146.11,276.42,140.03
295.76,58.30,328.21,67.46,306.62,143.97,274.17,134.81
280.33,62.96,313.69,55.07,331.46,130.18,298.10,138.07
274.30,69.03,309.42,54.73,335.87,119.72,300.75,134.01
293.79,57.77,322.89,58.38,321.23,137.42,292.14,136.81
297.20,54.79,327.83,60.45,313.16,139.89,282.52,134.23
285.76,58.04,315.15,52.51,330.32,133.09,300.93,138.62
294.55,50.82,325.59,55.88,313.23,131.68,282.19,126.61
290.86,54.24,323.25,54.13,323.55,139.57,291.15,139.68
297.70,54.37,329.89,61.84,313.83,130.97,281.64,123.49
299.61,54.60,332.17,65.44,308.86,135.51,276.29,124.67
297.57,54.91,328.63,63.12,308.53,139.20,277.46,130.99
283.61,61.01,315.44,54.56,331.62,134.31,299.79,140.77
299.92,54.84,331.82,65.35,307.78,138.29,275.88,127.78
287.06,59.54,320.48,57.66,325.28,142.89,291.85,144.78
276.71,67.81,311.78,54.91,335.63,119.76,300.57,132.66
288.88,57.42,322.95,57.33,323.19,144.20,289.12,144.29
296.50,54.97,328.38,60.83,312.65,146.34,280.77,140.48
297.38,54.04,329.62,60.85,312.56,141.57,280.32,134.76
291.93,56.24,323.04,57.16,320.42,145.63,289.31,144.71
294.92,56.14,327.19,59.85,317.78,141.73,285.51,138.02
295.88,56.91,328.90,61.41,318.58,137.12,285.57,132.62
296.11,57.75,328.79,63.18,315.02,146.07,282.33,140.63
292.84,54.77,324.15,54.66,324.49,144.45,293.17,144.57
284.19,61.52,316.49,53.68,336.16,134.67,303.87,142.52
293.85,54.39,322.41,54.69,321.46,144.53,292.90,144.23
296.64,53.75,331.18,60.54,314.00,147.89,279.46,141.10
299.28,56.49,329.95,61.65,315.89,145.26,285.21,140.10
298.94,56.77,329.10,61.03,317.43,143.49,287.28,139.23
297.74,57.26,326.79,56.11,330.28,144.51,301.23,145.65
299.59,54.87,325.24,55.03,324.68,145.28,299.03,145.12
301.26,53.91,329.92,58.15,317.70,140.57,289.05,136.32
299.14,53.78,329.48,57.71,318.98,138.83,288.64,134.91
300.51,55.70,329.08,59.02,318.54,149.68,289.97,146.36
301.24,57.31,328.91,60.57,318.46,149.26,290.79,146.00
298.16,55.22,328.32,57.71,320.82,148.50,290.66,146.01
289.04,58.06,319.68,53.69,332.66,144.52,302.02,148.90
295.76,54.17,325.02,54.01,325.51,145.82,296.25,145.98
294.49,55.99,328.09,56.07,327.88,147.76,294.29,147.69
297.29,58.02,328.22,60.78,320.34,149.20,289.40,146.44
296.62,56.63,327.00,57.52,324.23,151.81,293.84,150.92
302.15,56.34,331.33,60.61,318.13,150.75,288.95,146.48
294.48,55.87,326.36,55.80,326.56,148.98,294.67,149.05
299.32,53.79,331.52,58.02,319.32,150.86,287.12,146.63
304.10,53.69,337.01,60.33,318.14,153.84,285.23,147.20
304.32,55.27,336.22,61.85,317.33,153.44,285.43,146.86
300.31,57.35,328.94,60.53,318.37,155.79,289.73,152.61
298.26,55.54,328.94,58.21,320.19,158.80,289.51,156.13
297.71,54.03,327.79,56.29,320.66,151.34,290.58,149.08
296.38,54.90,324.31,55.06,323.76,155.18,295.83,155.03
295.57,56.24,326.13,56.18,326.33,157.67,295.77,157.73
295.10,57.80,325.28,57.93,324.88,150.69,294.69,150.56
304.46,57.54,335.34,63.27,318.26,155.30,287.38,149.57
306.41,57.17,337.00,63.95,316.64,155.72,286.06,148.93
300.85,56.12,332.10,56.91,329.60,154.99,298.35,154.19
302.41,55.13,332.44,58.63,321.37,153.42,291.34,149.91
301.17,54.59,330.60,57.79,320.45,151.27,291.02,148.08
299.35,58.20,331.42,60.44,324.28,162.59,292.20,160.34
296.54,57.66,328.86,58.25,326.94,162.78,294.63,162.19
302.41,56.83,333.94,60.31,322.59,163.34,291.06,159.86
295.99,56.26,327.47,56.47,326.83,155.64,295.35,155.43
298.47,56.41,330.12,57.49,326.69,157.90,295.04,156.82
296.47,57.71,323.99,55.72,330.86,150.75,303.33,152.74
302.87,56.10,327.72,56.04,327.96,163.38,303.11,163.43
299.16,58.10,327.16,58.13,327.07,164.55,299.07,164.52
296.54,57.92,325.70,56.87,329.53,162.87,300.36,163.92
297.18,55.53,326.88,55.41,327.29,156.23,297.60,156.35
302.08,53.55,327.98,53.66,327.51,162.82,301.61,162.71
301.16,55.57,326.89,55.50,327.22,167.20,301.49,167.28
300.58,56.45,326.95,56.28,327.71,168.65,301.33,168.83
298.97,58.19,325.94,57.79,327.56,167.18,300.58,167.58
300.29,57.08,328.32,57.26,327.61,167.06,299.58,166.88
299.15,56.73,328.79,57.01,327.83,156.25,298.19,155.96
297.44,55.52,325.67,55.26,326.67,163.16,298.44,163.42
298.03,55.66,326.08,55.68,326.01,167.83,297.95,167.81
299.40,55.90,325.93,55.80,326.36,169.46,299.82,169.56
300.01,56.53,326.31,56.50,326.43,166.07,300.13,166.10
300.98,57.30,326.67,57.18,327.12,154.51,301.44,154.63
300.67,54.73,326.41,54.82,326.06,152.27,300.32,152.17
300.01,56.17,326.27,55.94,327.04,143.30,300.78,143.53
301.63,58.08,326.04,57.53,328.52,167.14,304.11,167.69
301.19,59.11,325.64,58.76,327.23,168.20,302.78,168.55
301.03,58.15,327.17,58.19,327.01,169.75,300.88,169.72
302.43,57.48,325.92,57.19,327.25,165.92,303.75,166.21
302.49,59.00,326.19,58.73,327.37,163.16,303.68,163.43
303.98,56.46,326.56,56.14,328.15,168.07,305.57,168.39
314.60,55.93,354.87,67.71,326.88,163.37,286.61,151.59
295.16,63.82,335.42,55.06,359.55,165.94,319.29,174.70
317.71,62.42,356.96,81.45,325.43,146.48,286.18,127.45
297.67,65.77,334.64,56.70,353.51,133.60,316.54,142.67
299.72,63.78,335.28,56.07,355.07,147.42,319.51,155.13
291.26,68.65,331.41,54.52,357.83,129.57,317.67,143.70
290.88,69.94,331.85,56.05,356.98,130.16,316.02,144.05
305.63,58.91,347.44,59.91,345.44,143.75,303.62,142.75
319.89,60.56,352.92,75.82,319.05,149.17,286.03,133.91
303.56,58.55,327.22,58.93,325.73,150.37,302.08,149.98
301.63,52.82,323.91,52.41,326.05,169.15,303.78,169.56
299.13,55.20,324.59,54.99,325.54,171.50,300.08,171.71
311.58,54.44,351.05,63.86,325.15,172.32,285.68,162.90
306.22,58.72,325.85,58.91,324.78,172.29,305.14,172.10
299.99,59.07,323.48,58.58,325.78,168.29,302.29,168.78
303.34,56.58,323.82,56.25,325.79,176.89,305.31,177.22
307.49,53.45,327.74,54.03,324.67,161.81,304.43,161.23
300.60,54.30,347.10,54.30,347.10,172.30,300.60,172.30
317.15,69.11,355.46,88.98,323.37,150.86,285.06,130.99
301.92,81.44,345.14,80.40,346.54,138.60,303.31,139.64
312.81,72.98,351.34,86.00,332.53,141.64,294.00,128.62
304.29,77.72,346.20,77.91,345.93,137.45,304.03,137.27
305.46,76.53,346.08,78.61,342.42,149.80,301.81,147.71
314.30,55.96,352.41,64.89,326.33,176.10,288.23,167.17
317.71,66.09,355.70,86.24,323.26,147.40,285.27,127.25
311.63,60.18,352.84,68.98,328.75,181.76,287.54,172.95
303.80,60.14,325.65,59.54,328.65,168.39,306.80,169.00
301.55,54.27,347.55,54.27,347.55,180.36,301.55,180.36
305.17,56.62,326.63,56.22,328.43,152.71,306.96,153.11
305.23,54.40,327.30,54.79,325.67,147.24,303.60,146.85
316.85,67.45,355.60,86.60,324.51,149.52,285.76,130.37
328.17,69.05,360.55,106.39,317.12,144.06,284.74,106.73
312.40,69.73,353.32,85.97,326.22,154.28,285.29,138.04
305.51,63.71,347.65,65.63,342.95,168.72,300.82,166.80
302.13,80.95,343.56,76.90,351.12,154.35,309.69,158.40
310.81,57.90,353.44,65.03,335.26,173.66,292.63,166.52
312.68,59.89,353.24,69.47,324.98,189.18,284.42,179.60
317.13,71.07,356.10,89.64,322.22,160.74,283.25,142.18
315.96,63.40,349.51,72.99,324.01,162.20,290.46,152.61
299.30,55.80,345.90,55.80,345.90,184.70,299.30,184.70
314.04,69.78,356.43,89.76,325.71,154.91,283.32,134.92
319.81,61.79,359.14,82.50,321.30,154.37,281.97,133.67
316.29,66.29,357.22,87.05,322.14,156.21,281.21,135.45
317.91,62.97,358.43,82.92,323.08,154.71,282.56,134.76
295.03,60.49,327.23,61.04,325.44,165.20,293.25,164.65
314.05,61.63,355.92,77.88,321.09,167.58,279.23,151.33
308.39,55.89,348.32,64.07,324.26,181.55,284.32,173.37
295.26,64.27,324.33,63.79,326.34,184.38,297.26,184.86
310.19,59.47,356.68,71.25,325.53,194.25,279.03,182.48
294.66,55.17,325.14,54.90,326.26,183.21,295.77,183.48
302.20,59.45,325.00,59.13,326.64,174.36,303.83,174.69
294.46,60.11,324.96,59.38,327.92,184.40,297.43,185.12
283.04,69.24,327.05,54.19,361.49,154.92,317.48,169.97
281.58,73.02,328.83,56.74,359.30,145.13,312.05,161.41
276.03,76.98,324.05,57.21,358.66,141.31,310.64,161.08
312.46,61.36,361.42,82.92,325.37,164.79,276.41,143.23
292.24,66.16,325.93,65.02,329.46,169.49,295.78,170.63
291.17,61.28,331.75,61.82,330.20,179.85,289.61,179.31
294.74,59.51,328.88,59.67,328.31,179.11,294.17,178.94
291.31,59.45,327.47,59.02,328.76,167.00,292.59,167.43
290.40,59.55,323.14,57.41,331.44,184.45,298.70,186.59
291.07,59.73,324.01,58.11,329.70,174.28,296.76,175.89
287.73,60.12,323.14,57.71,330.76,169.68,295.35,172.09
295.61,56.17,330.42,60.58,315.66,176.98,280.85,172.56
290.60,55.14,328.68,57.06,323.00,169.90,284.92,167.98
295.70,53.05,335.61,62.66,311.31,163.61,271.40,154.00
293.04,55.36,330.00,60.88,311.50,184.72,274.55,179.20
292.80,56.77,335.48,67.14,310.47,170.12,267.78,159.75
285.02,59.53,327.01,65.45,309.02,193.23,267.03,187.32
287.08,58.54,332.99,70.33,308.61,165.24,262.70,153.45
286.04,59.36,327.08,67.00,304.43,188.72,263.38,181.08
285.74,59.10,329.25,69.34,303.33,179.46,259.81,169.21
284.52,61.34,329.97,69.44,309.70,183.16,264.25,175.06
274.56,65.74,316.02,63.29,322.35,170.40,280.89,172.85
283.70,63.39,331.93,75.53,306.96,174.78,258.72,162.64
279.60,58.80,326.15,68.41,302.14,184.71,255.58,175.10
268.20,62.97,305.54,57.51,323.69,181.53,286.35,186.99
267.21,62.36,309.03,56.59,323.28,159.85,281.46,165.62
271.91,56.42,323.53,63.20,309.38,170.90,257.76,164.12
284.95,60.24,324.08,65.87,305.24,196.65,266.12,191.01
278.75,60.46,317.48,63.10,308.29,197.85,269.56,195.21
281.16,54.43,327.42,66.76,298.54,175.18,252.27,162.85
282.95,53.51,331.66,69.39,291.82,191.61,243.11,175.73
283.09,59.11,334.32,83.76,288.77,178.42,237.54,153.77
280.99,52.64,331.97,72.12,289.01,184.54,238.03,165.05
276.34,55.03,312.76,58.09,300.30,206.72,263.88,203.67
269.12,60.09,305.43,60.25,304.73,212.12,268.43,211.95
256.42,69.25,307.76,59.68,330.15,179.76,278.81,189.33
260.69,65.03,308.67,58.56,326.12,187.95,278.14,194.42
258.87,62.20,305.94,55.79,324.63,193.04,277.55,199.45
271.37,58.43,313.24,61.15,303.52,210.69,261.65,207.97
276.91,58.87,326.39,72.71,294.42,187.03,244.94,173.19
268.87,60.70,316.90,67.69,295.50,214.86,247.48,207.88
267.61,58.49,314.32,66.03,292.65,200.27,245.93,192.73
266.48,55.87,315.05,63.62,293.22,200.30,244.65,192.54
265.60,57.13,312.43,63.77,292.89,201.63,246.06,194.99
269.96,53.99,313.49,61.44,290.76,194.21,247.23,186.76
269.18,51.37,318.45,61.80,289.39,199.01,240.12,188.57
268.43,56.12,304.01,57.37,298.43,215.90,262.85,214.65
273.43,55.33,310.28,60.27,289.42,215.80,252.58,210.85
265.17,55.97,308.47,56.33,307.27,199.52,263.97,199.15
256.14,57.37,298.62,52.21,314.62,183.94,272.15,189.10
271.68,51.01,312.49,55.39,296.60,203.31,255.79,198.93
270.64,51.94,320.00,61.87,291.83,201.85,242.48,191.92
269.24,55.89,322.19,67.59,291.90,204.68,238.95,192.98
269.55,58.70,317.88,69.21,289.65,198.90,241.33,188.38
272.48,52.37,321.98,65.92,290.35,181.42,240.85,167.86
270.54,53.03,320.54,65.87,284.97,204.35,234.98,191.51
268.11,52.75,318.06,63.30,287.32,208.85,237.37,198.30
272.42,54.38,323.28,67.82,287.21,204.35,236.34,190.91
251.57,65.06,309.74,56.36,329.68,189.66,271.51,198.36
248.49,67.71,306.30,56.11,333.23,190.40,275.42,201.99
256.19,57.84,308.18,52.06,323.56,190.30,271.57,196.09
262.02,54.15,309.45,50.71,320.63,204.84,273.20,208.28
261.29,53.43,310.19,50.01,320.69,200.54,271.79,203.96
255.91,60.08,307.64,53.67,324.26,187.86,272.53,194.27
273.12,51.00,328.00,61.97,299.39,205.11,244.52,194.14
276.45,55.57,326.08,65.67,294.97,218.66,245.33,208.57
281.17,54.76,325.37,64.33,295.50,202.31,251.30,192.74
270.20,54.37,314.08,57.73,301.97,215.98,258.08,212.62
276.25,50.75,323.44,59.11,297.52,205.26,250.34,196.89
278.94,49.49,333.87,65.63,294.03,201.19,239.11,185.05
280.31,51.96,341.37,71.41,304.55,186.97,243.49,167.52
252.93,65.75,311.85,53.19,338.23,176.96,279.31,189.52
270.60,55.14,316.20,56.64,311.39,202.85,265.80,201.35
272.20,54.67,320.35,59.01,307.10,206.00,258.95,201.66
258.06,60.08,312.39,49.32,341.07,194.22,286.75,204.98
261.51,58.74,315.54,49.30,341.40,197.42,287.37,206.85
269.33,57.50,322.41,57.43,322.60,202.89,269.52,202.96
283.64,57.00,339.82,68.84,310.09,209.91,253.90,198.06
280.62,56.65,331.98,64.53,307.16,226.41,255.81,218.54
279.06,54.15,328.52,61.45,306.80,208.47,257.33,201.16
278.76,55.98,327.91,63.05,305.51,218.71,256.36,211.64
285.82,55.14,341.23,69.40,303.39,216.45,247.98,202.19
286.29,54.22,342.49,66.76,310.67,209.36,254.47,196.82
259.49,68.81,321.32,53.50,353.88,184.93,292.05,200.25
276.84,58.51,330.13,52.73,348.39,221.08,295.09,226.86
282.66,58.75,336.45,55.25,347.96,232.16,294.18,235.66
296.15,50.94,341.77,54.92,327.53,217.89,281.92,213.91
291.97,49.52,352.77,61.78,324.22,203.37,263.42,191.11
278.85,56.12,333.54,50.12,348.64,187.64,293.95,193.65
294.76,50.18,354.32,61.94,327.19,199.34,267.64,187.58
297.80,50.98,359.63,66.41,327.07,196.86,265.25,181.44
294.84,49.69,349.06,58.24,325.49,207.61,271.27,199.05
293.98,46.71,343.36,53.21,320.66,225.56,271.29,219.05
293.17,44.49,341.02,49.02,326.74,200.01,278.90,195.48
295.20,45.10,346.21,51.58,323.72,228.60,272.71,222.12
291.73,48.00,346.92,53.12,333.56,197.12,278.37,192.00
292.44,51.28,343.53,53.13,337.53,219.63,286.44,217.79
295.46,48.26,345.85,52.44,331.61,223.78,281.22,219.59
298.93,45.84,341.63,46.12,340.44,234.11,297.73,233.84
303.22,43.34,350.27,46.50,338.38,223.68,291.33,220.52
296.06,43.13,346.79,42.91,347.52,209.96,296.79,210.18
295.32,44.42,349.98,44.81,348.82,207.39,294.16,207.00
290.26,49.33,345.43,45.23,358.14,216.36,302.96,220.46
292.64,49.53,352.94,51.72,346.29,235.04,285.99,232.85
303.35,47.04,350.89,47.55,348.92,233.25,301.38,232.75
309.08,45.28,356.07,48.73,342.69,230.95,295.70,227.50
294.95,46.17,351.57,47.27,348.47,206.65,291.85,205.55
291.69,45.22,351.87,44.98,352.52,207.54,292.34,207.78
293.30,49.46,354.29,50.57,351.39,210.70,290.41,209.60
283.17,54.86,338.50,46.68,361.35,201.31,306.02,209.48
286.04,49.95,339.01,43.94,357.83,210.05,304.86,216.05
302.26,42.43,347.66,42.75,346.36,229.18,300.95,228.86
304.31,38.34,366.98,48.70,338.66,220.13,275.99,209.78
304.35,36.42,369.36,48.56,339.65,207.60,274.64,195.45
289.02,43.53,353.52,40.84,360.21,201.14,295.70,203.83
287.81,51.53,351.29,46.48,364.29,210.05,300.81,215.09
301.02,45.74,351.30,48.68,341.14,222.12,290.85,219.18
297.92,43.61,346.45,46.32,336.02,232.94,287.49,230.22
294.41,41.88,346.13,43.77,339.01,238.61,287.29,236.72
291.09,42.67,343.21,42.64,343.32,230.00,291.20,230.03
300.84,41.14,366.02,50.34,341.14,226.67,275.95,217.47
282.22,49.53,346.85,41.82,366.28,204.69,301.65,212.40
290.12,47.56,344.01,47.57,343.99,238.62,290.09,238.62
294.79,42.57,346.91,43.44,343.82,228.59,291.70,227.72
301.09,39.31,356.57,45.42,335.28,238.81,279.80,232.70
293.59,38.09,354.92,38.76,352.78,236.09,291.44,235.43
293.92,38.34,355.30,38.53,354.67,236.95,293.29,236.76
287.17,43.24,351.15,39.20,363.01,226.91,299.04,230.96
288.04,47.86,351.66,43.95,363.39,234.97,299.77,238.88
300.19,41.01,354.92,44.63,342.41,234.27,287.68,230.66
301.31,36.43,350.50,38.99,339.98,240.98,290.79,238.42
291.97,36.99,341.66,34.88,350.29,237.85,300.59,239.96
295.77,33.91,351.61,35.06,347.50,234.72,291.65,233.56
291.05,34.60,356.10,34.65,355.93,229.38,290.88,229.32
288.96,39.09,353.67,38.30,356.07,233.74,291.36,234.54
283.83,42.75,346.78,37.00,363.16,216.29,300.22,222.04
291.00,37.81,353.42,37.34,354.92,236.08,292.50,236.55
289.44,38.11,355.65,37.83,356.51,238.85,290.30,239.13
293.38,37.20,352.89,35.69,358.06,238.48,298.55,240.00
295.07,34.22,360.51,34.44,359.89,219.61,294.45,219.39
297.53,39.93,365.16,44.79,351.36,236.75,283.73,231.89
292.87,43.65,361.11,45.30,356.41,239.60,288.17,237.95
294.04,40.63,363.62,42.77,357.55,240.02,287.98,237.88
293.54,35.00,361.50,36.59,356.76,239.82,288.79,238.23
298.53,31.73,367.68,36.82,352.93,236.85,283.79,231.75
301.40,30.92,371.48,37.51,352.47,239.62,282.40,233.03
313.43,32.12,395.73,56.01,341.13,244.14,258.83,220.25
259.94,60.76,350.07,32.64,405.87,211.54,315.74,239.65
262.05,62.60,353.44,34.33,407.19,208.11,315.80,236.38
320.08,33.50,409.79,67.83,342.05,244.87,252.34,210.54
292.52,38.06,370.83,29.34,393.44,232.20,315.12,240.93
291.61,35.58,369.42,27.07,391.93,232.99,314.12,241.49
284.88,41.06,365.69,28.55,394.74,216.19,313.93,228.70
286.61,44.12,371.63,33.03,396.28,222.11,311.26,233.20
319.71,34.55,406.63,59.68,356.16,234.23,269.24,209.10
316.20,33.96,401.54,55.81,353.10,245.00,267.77,223.15
318.54,33.22,401.47,54.81,352.72,242.06,269.79,220.47
316.21,28.06,397.31,45.59,354.83,242.23,273.73,224.71
323.61,26.89,403.95,47.82,353.35,242.00,273.01,221.06
316.81,28.36,396.10,41.33,363.14,242.96,283.84,229.99
316.18,36.12,403.28,47.85,376.90,243.81,289.80,232.08
317.34,38.25,399.30,48.45,374.96,243.88,293.01,233.67
325.42,34.84,407.47,50.44,370.41,245.38,288.36,229.79
309.99,39.44,389.10,34.24,402.61,239.45,323.51,244.65
316.97,32.18,395.38,31.28,397.77,238.50,319.36,239.40
313.52,32.31,395.00,32.77,393.81,239.66,312.33,239.19
311.25,36.61,392.91,35.14,396.57,239.19,314.91,240.65
297.27,53.35,375.67,39.24,409.91,229.54,331.50,243.65
310.72,45.68,382.41,38.69,401.97,239.38,330.28,246.37
317.67,33.66,401.03,46.51,370.87,242.14,287.51,229.29
317.36,30.53,399.35,42.16,370.91,242.70,288.93,231.08
314.49,28.54,398.56,40.12,370.61,242.95,286.53,231.37
307.56,29.79,396.16,38.81,375.44,242.44,286.84,233.43
300.03,35.12,392.78,38.92,384.51,240.46,291.77,236.65
307.34,38.01,406.99,50.82,382.06,244.60,282.41,231.78
325.64,33.20,424.81,65.97,364.43,248.62,265.27,215.84
325.02,31.62,423.74,68.63,357.03,246.53,258.31,209.52
321.70,26.91,417.89,58.66,356.28,245.32,260.09,213.57
279.05,39.17,373.33,29.34,394.62,233.52,300.34,243.35
303.30,30.54,410.94,51.98,371.51,249.97,263.86,228.53
315.88,40.25,420.76,80.54,354.80,252.27,249.91,211.98
295.09,35.61,400.22,55.56,363.99,246.45,258.86,226.50
309.82,28.90,411.21,62.15,351.06,245.57,249.67,212.31
317.50,28.03,414.19,64.22,346.55,244.95,249.86,208.77
314.57,29.07,409.93,59.87,350.29,244.49,254.93,213.69
314.04,31.09,413.60,63.49,352.86,250.14,253.30,217.74
274.62,43.69,392.03,44.28,391.04,240.05,273.63,239.45
229.71,99.00,337.40,37.92,427.49,196.76,319.81,257.84
244.78,71.89,358.29,27.24,429.68,208.73,316.16,253.38
325.68,26.20,434.63,80.32,350.37,249.94,241.42,195.82
329.56,23.21,441.41,83.33,351.05,251.47,239.19,191.35
242.09,63.82,358.53,18.99,431.52,208.56,315.08,253.40
275.13,35.65,391.75,29.64,402.58,239.58,285.96,245.60
296.67,36.31,392.94,37.09,391.29,240.37,295.03,239.59
282.42,43.40,377.32,31.91,401.98,235.68,307.08,247.17
254.34,61.38,356.91,23.82,427.55,216.66,324.98,254.23
296.93,24.03,393.67,28.16,384.59,240.46,287.85,236.32
287.68,28.01,376.37,18.07,400.77,235.91,312.08,245.84
295.50,26.02,390.78,25.67,391.58,239.51,296.31,239.87
287.74,31.13,399.14,30.45,400.42,239.14,289.02,239.83
304.91,34.31,419.09,55.98,382.24,250.17,268.06,228.50
303.74,35.36,421.77,64.90,374.52,253.66,256.50,224.12
305.67,32.59,423.70,65.23,372.08,251.88,254.05,219.23
313.08,22.68,436.27,68.36,368.00,252.50,244.81,206.82
311.52,17.77,438.55,62.52,370.47,255.75,243.44,211.00
305.98,23.54,445.39,66.37,386.03,259.57,246.62,216.74
304.85,28.06,444.21,68.19,387.20,266.17,247.84,226.03
302.81,35.70,432.73,72.10,377.94,267.67,248.02,231.28
297.00,31.25,428.33,65.69,376.20,264.46,244.86,230.01
288.51,25.86,415.12,52.04,373.70,252.35,247.09,226.17
281.34,21.75,403.98,37.73,376.64,247.59,254.00,231.61
265.73,25.46,385.53,26.55,383.59,239.70,263.79,238.62
269.25,28.77,386.50,29.27,385.59,239.65,268.33,239.15
268.49,34.02,397.16,34.06,397.10,239.03,268.42,238.99
269.32,36.75,385.77,36.19,386.74,239.06,270.29,239.62
278.59,28.91,410.23,47.77,381.21,250.25,249.58,231.39
262.16,25.04,387.27,26.57,384.65,240.04,259.54,238.50
266.82,21.41,396.02,34.60,374.37,246.61,245.17,233.42
257.56,23.12,382.46,26.95,375.87,241.68,250.98,237.85
249.28,31.27,377.02,32.42,375.14,240.29,247.40,239.14
281.06,35.51,417.64,86.59,350.25,266.78,213.67,215.69
170.73,150.40,290.52,43.94,418.32,187.73,298.53,294.19
241.39,49.84,383.13,67.48,359.49,257.41,217.75,239.77
224.27,48.82,338.11,50.62,335.10,241.37,221.25,239.57
208.14,50.17,311.35,41.20,328.63,239.99,225.42,248.96
196.82,62.72,301.53,45.04,333.90,236.77,229.19,254.45
202.07,67.56,314.50,57.00,331.58,238.76,219.15,249.33
189.34,75.87,309.95,50.38,349.79,238.88,229.18,264.37
216.55,64.39,339.30,64.21,339.55,239.03,216.80,239.21
227.61,63.15,363.04,72.39,350.98,249.21,215.54,239.96
261.38,55.73,385.80,145.41,303.99,258.90,179.57,169.22
265.36,67.16,387.24,100.89,344.35,255.84,222.47,222.11
276.65,71.89,400.00,94.49,369.21,262.57,245.86,239.97
281.21,80.07,392.36,89.28,379.15,248.67,268.00,239.46
273.59,87.19,346.18,73.13,378.41,239.56,305.82,253.62
259.69,94.05,322.28,72.33,380.43,239.85,317.84,261.57
254.92,92.94,317.66,69.94,380.04,240.00,317.30,263.01
251.13,92.83,313.71,70.71,373.54,239.94,310.95,262.06
249.91,95.73,305.43,74.45,367.13,235.43,311.62,256.71
250.15,97.37,317.45,80.71,355.87,235.94,288.56,252.60
254.21,99.13,359.67,100.57,357.76,240.43,252.30,238.99
267.44,94.85,378.71,154.61,325.25,254.15,213.98,194.39
269.01,94.96,374.06,144.74,324.28,249.79,219.23,200.01
272.35,91.14,375.50,142.88,322.78,247.99,219.63,196.25
281.37,89.65,380.76,160.56,323.22,241.21,223.83,170.31
275.11,115.33,361.09,129.79,342.17,242.31,256.19,227.85
277.90,102.72,330.11,92.18,358.98,235.09,306.76,245.64
268.03,111.58,325.56,93.76,370.02,237.23,312.49,255.06
268.11,115.44,335.63,97.17,374.18,239.65,306.66,257.92
279.10,104.55,355.51,92.52,378.71,239.87,302.30,251.90
287.79,105.78,365.93,96.88,382.20,239.70,304.06,248.61
301.93,103.96,366.17,97.63,380.18,239.82,315.93,246.15
304.30,107.96,357.51,100.61,376.59,238.78,323.38,246.13
306.90,113.78,349.28,103.71,381.24,238.22,338.86,248.29
309.88,112.07,361.63,105.33,379.13,239.62,327.38,246.36
313.08,111.68,374.69,107.99,382.58,239.61,320.96,243.30
303.33,111.48,372.19,102.66,389.77,239.91,320.91,248.73
318.29,105.47,374.46,103.28,379.66,236.97,323.49,239.16
305.09,115.96,361.44,104.78,387.38,235.54,331.03,246.72
321.98,114.59,362.05,110.45,375.31,238.97,335.24,243.10
300.90,127.49,353.16,112.18,388.21,231.79,335.95,247.11
300.59,125.11,364.19,114.21,385.64,239.33,322.04,250.23
298.12,126.03,362.92,111.92,390.72,239.54,325.93,253.66
295.81,130.98,359.41,115.14,390.28,239.10,326.69,254.94
299.76,122.74,357.74,115.12,372.63,228.37,314.66,236.00
304.54,129.22,350.68,124.98,360.79,234.91,314.66,239.15
305.31,132.74,337.84,128.83,350.76,236.16,318.24,240.08
299.80,131.59,349.74,132.72,347.33,239.96,297.39,238.84
275.38,131.85,322.23,119.01,354.93,238.27,308.08,251.11
273.52,129.00,323.40,117.54,347.58,222.76,297.70,234.22
291.42,125.30,333.77,127.81,327.02,241.70,284.67,239.19
287.44,125.88,322.95,124.51,326.49,215.83,290.97,217.21
286.94,128.37,320.91,127.04,325.28,238.63,291.31,239.96
286.79,132.60,317.45,128.61,331.35,235.37,300.68,239.36
284.96,128.91,326.83,127.86,329.60,238.94,287.73,239.98
269.92,141.94,317.01,128.60,346.91,234.13,299.82,247.47
269.58,142.21,319.20,131.10,343.09,237.88,293.47,248.98
281.87,138.12,320.79,136.92,323.87,237.02,284.95,238.22
280.11,139.00,316.37,137.06,321.54,233.38,285.28,235.32
284.70,141.32,310.69,138.65,320.78,236.70,294.79,239.37
287.15,146.27,310.01,143.94,319.57,237.51,296.71,239.85
284.26,144.24,312.66,141.51,322.01,239.05,293.61,241.77
280.00,146.96,311.24,142.88,322.30,227.45,291.06,231.53
289.17,144.22,317.98,144.63,316.67,236.44,287.86,236.04
281.78,149.01,311.12,144.35,322.57,216.49,293.24,221.15
296.38,148.80,321.04,149.30,319.28,235.61,294.62,235.11
296.63,151.61,318.27,150.18,323.89,235.24,302.26,236.67
292.94,160.31,315.71,154.47,334.92,229.38,312.16,235.22
300.74,156.58,327.54,156.15,328.83,235.32,302.03,235.76
300.59,157.08,338.29,161.54,330.76,225.21,293.06,220.75
305.30,158.81,336.81,158.72,337.03,232.41,305.53,232.51
301.62,160.47,332.50,157.52,338.75,223.04,307.87,225.99
299.59,164.39,328.16,158.85,340.58,222.94,312.00,228.47
305.10,165.23,332.15,163.42,336.79,232.74,309.75,234.55
308.28,163.25,330.11,163.30,329.96,236.89,308.13,236.85
307.00,166.69,327.83,164.54,335.20,235.82,314.37,237.98
309.47,164.01,330.95,163.98,331.04,224.07,309.56,224.10
311.35,165.39,331.33,167.16,325.27,235.52,305.29,233.75
310.13,166.99,329.62,168.03,325.85,238.47,306.36,237.42
309.25,167.82,327.22,168.68,323.82,239.75,305.85,238.89
299.61,172.15,318.30,168.90,330.11,236.81,311.42,240.06
309.51,169.62,334.30,177.64,318.66,225.95,293.87,217.93
301.68,171.26,320.59,170.26,323.97,234.30,305.07,235.30
300.02,168.68,321.89,168.56,322.25,232.92,300.38,233.04
300.73,170.58,318.86,170.41,319.41,230.45,301.29,230.62
301.63,169.97,321.77,173.50,311.30,233.22,291.17,229.69
300.18,170.73,318.79,173.32,310.67,231.69,292.06,229.10
297.79,170.30,312.24,169.88,314.01,230.28,299.56,230.71
301.99,171.08,323.03,174.31,314.18,231.80,293.14,228.56
296.59,170.93,314.67,170.79,315.11,228.26,297.04,228.40
295.72,173.24,309.50,172.07,314.08,226.13,300.30,227.30
296.60,171.54,312.64,171.92,311.35,227.27,295.31,226.90
299.83,170.89,314.63,170.78,315.03,223.82,300.22,223.93
292.99,174.22,311.42,169.13,324.71,217.26,306.28,222.35
301.59,168.86,318.21,169.65,315.78,220.57,299.16,219.78
298.30,170.39,316.09,170.46,315.90,221.38,298.11,221.31
299.53,172.49,318.18,172.63,317.84,217.45,299.20,217.31
303.62,171.89,318.02,173.76,312.17,218.79,297.76,216.92
300.91,173.28,317.82,174.49,314.62,219.26,297.71,218.05
299.80,173.35,316.89,174.61,313.85,216.12,296.75,214.86
295.81,172.81,312.03,171.65,315.18,215.86,298.97,217.02
294.18,171.34,311.10,169.03,317.24,214.06,300.32,216.37
291.05,174.40,309.83,168.82,321.52,208.16,302.73,213.74
291.60,174.10,309.30,166.74,325.53,205.75,307.82,213.12
291.38,176.02,308.26,165.78,323.73,191.28,306.86,201.52
294.34,174.25,312.04,166.16,329.05,203.38,311.35,211.47
288.14,178.55,309.17,165.04,329.21,196.22,308.19,209.74
296.70,170.31,313.01,168.35,316.78,199.68,300.46,201.65
293.46,173.60,308.82,166.46,321.67,194.12,306.31,201.26
288.06,177.32,305.60,166.04,323.08,193.23,305.54,204.51
288.86,179.51,305.62,166.93,322.89,189.95,306.12,202.52
288.12,171.49,305.04,167.31,312.76,198.55,295.83,202.73
289.03,171.08,304.12,165.59,315.74,197.55,300.65,203.04
290.64,172.30,303.30,167.84,313.38,196.40,300.72,200.86
290.90,167.58,305.04,166.57,307.35,198.90,293.21,199.91
287.12,172.47,301.24,168.94,308.59,198.35,294.47,201.88
282.00,171.71,297.04,165.51,310.77,198.86,295.73,205.05
280.84,169.98,294.98,164.29,308.01,196.68,293.87,202.37
276.25,170.29,289.66,163.54,306.19,196.38,292.78,203.14
278.60,166.80,290.00,163.00,302.70,201.10,291.30,204.90
278.39,165.98,291.06,162.18,301.87,198.24,289.21,202.04
276.09,165.75,289.47,161.10,302.35,198.14,288.97,202.79
271.51,169.07,284.83,161.86,301.98,193.52,288.66,200.74
271.83,166.82,285.42,162.82,296.20,199.47,282.61,203.47
266.83,170.43,279.49,163.67,294.99,192.74,282.33,199.49
273.06,163.73,286.28,163.22,287.75,201.15,274.53,201.66
268.10,167.36,278.35,164.74,287.23,199.42,276.98,202.05
268.94,166.53,279.58,165.14,284.26,200.97,273.61,202.36
265.05,166.24,276.27,163.90,284.07,201.36,272.85,203.70
266.67,165.05,282.83,164.45,284.22,201.92,268.06,202.52
262.32,165.59,275.03,164.06,279.60,201.97,266.89,203.50
252.32,169.88,269.26,163.72,281.93,198.57,264.99,204.73
259.40,165.47,270.39,164.34,274.17,201.28,263.18,202.40
250.00,173.37,264.15,165.17,282.52,196.91,268.37,205.10
247.68,174.21,262.30,164.90,281.49,195.05,266.86,204.36
247.03,172.64,260.02,164.52,279.97,196.48,266.98,204.59
245.32,167.55,259.84,161.61,274.96,198.56,260.43,204.50
244.42,169.47,257.56,163.39,273.46,197.78,260.32,203.85
241.10,172.30,254.49,163.78,271.25,190.11,257.86,198.64
241.07,168.63,255.85,164.28,264.38,193.30,249.60,197.65
244.00,167.00,258.00,167.00,258.00,195.00,244.00,195.00
244.34,166.75,256.92,167.41,255.40,196.42,242.82,195.76
240.33,166.66,251.73,165.99,253.63,198.23,242.23,198.90
238.13,167.19,247.49,166.60,249.36,196.15,240.00,196.74
233.02,167.09,249.38,164.11,256.06,200.81,239.69,203.78
235.58,166.83,252.74,167.18,252.05,201.02,234.89,200.67
231.58,167.95,244.71,167.76,245.18,200.37,232.05,200.55
229.53,168.35,243.50,166.95,246.82,200.22,232.86,201.61
226.18,168.20,241.15,168.23,241.08,202.38,226.11,202.35
213.92,179.57,229.11,165.90,248.70,187.67,233.51,201.34
222.32,165.49,237.32,165.62,237.01,200.24,222.02,200.11
218.43,165.75,235.42,165.21,236.56,200.55,219.56,201.10
217.46,167.23,232.62,166.47,234.27,199.34,219.10,200.09
214.35,166.95,227.55,165.16,232.30,200.21,219.09,202.00
209.66,166.42,221.81,163.27,230.62,197.25,218.47,200.40
211.66,167.49,222.90,167.93,221.69,198.90,210.44,198.46
210.00,168.00,222.00,168.00,222.00,196.00,210.00,196.00
204.54,168.35,216.94,166.37,222.26,199.64,209.86,201.62
204.03,166.51,218.97,165.55,221.07,198.16,206.14,199.12
199.94,167.29,218.99,166.61,220.12,198.42,201.08,199.10
203.60,167.62,213.59,168.79,210.28,197.14,200.29,195.97
201.11,168.27,211.05,169.00,208.80,199.56,198.86,198.82
198.40,168.57,210.20,169.08,208.99,197.18,197.19,196.67
194.08,167.65,205.55,166.11,209.71,197.04,198.24,198.58
194.09,166.24,206.32,166.55,205.45,200.86,193.22,200.55
203.22,166.58,190.28,167.34,192.06,197.77,205.00,197.01
190.86,166.30,203.44,166.70,202.44,197.76,189.86,197.36
189.34,168.70,202.29,169.65,200.00,201.00,187.05,200.05
188.47,169.47,198.60,170.15,196.62,199.71,186.48,199.03
187.76,166.02,200.33,168.92,192.57,202.52,180.01,199.62
194.56,170.34,185.10,169.73,183.32,197.25,192.78,197.86
180.00,169.00,192.00,169.00,192.00,199.00,180.00,199.00
179.00,167.00,192.00,167.00,192.00,199.00,179.00,199.00
177.96,168.09,191.02,168.51,190.05,198.43,177.00,198.01
177.62,164.20,189.25,164.29,189.00,196.44,177.36,196.35
175.31,164.28,191.37,163.48,193.19,199.89,177.13,200.69
172.08,166.29,186.61,165.05,189.46,198.44,174.93,199.68
167.19,173.26,182.16,167.56,192.95,195.88,177.98,201.58
166.50,171.70,182.03,166.58,191.99,196.76,176.45,201.89
170.24,169.61,181.16,167.68,186.68,198.84,175.76,200.78
165.52,171.03,178.52,166.15,188.79,193.51,175.79,198.40
171.59,164.58,181.45,165.07,179.90,195.90,170.05,195.40
170.73,166.25,182.60,167.18,180.05,199.85,168.18,198.93
171.35,165.45,181.18,165.55,180.83,200.13,171.01,200.03
167.17,167.01,181.04,167.00,181.07,200.00,167.20,200.01
168.00,167.00,178.00,167.00,178.00,200.00,168.00,200.00
168.00,168.00,179.00,168.00,179.00,198.00,168.00,198.00
167.49,168.59,180.57,169.78,177.73,200.98,164.66,199.79
169.39,168.40,179.47,170.69,172.39,201.88,162.31,199.59
166.80,170.46,180.06,173.15,174.15,202.28,160.89,199.59
167.63,169.62,179.89,172.01,173.84,202.94,161.58,200.55
166.72,168.12,177.87,169.57,173.89,200.18,162.74,198.73
165.91,167.88,176.44,169.29,172.45,199.19,161.92,197.79
166.45,168.24,177.83,170.38,172.26,199.95,160.88,197.81
165.38,168.23,177.96,169.95,173.70,201.23,161.11,199.52
168.48,168.66,180.45,172.20,171.75,201.55,159.79,198.01
168.13,167.09,182.63,171.67,172.34,204.26,157.84,199.69
167.09,167.37,181.00,170.39,174.25,201.45,160.34,198.42
167.93,169.88,178.61,172.41,172.17,199.58,161.49,197.05
167.07,167.16,175.30,167.42,174.26,200.26,166.03,200.00
166.58,169.70,175.45,170.15,173.97,199.24,165.10,198.79
166.13,168.46,179.65,168.47,179.61,199.34,166.09,199.33
167.56,168.00,178.64,168.91,175.84,202.73,164.77,201.81
167.46,167.29,181.78,169.24,177.45,201.02,163.13,199.06
168.09,165.95,178.44,166.32,177.17,201.32,166.82,200.95
166.76,169.69,178.94,169.48,179.48,202.36,167.31,202.56
167.34,167.43,177.58,167.66,176.81,202.31,166.56,202.08
169.02,166.92,181.31,169.33,175.28,200.00,162.99,197.59
167.67,167.01,178.70,167.75,176.51,200.30,165.48,199.56
168.35,164.78,177.78,165.35,175.59,201.92,166.16,201.35
167.02,167.01,176.90,166.97,177.05,201.93,167.17,201.97
168.02,166.82,176.46,166.98,175.81,200.80,167.36,200.63
168.28,167.38,181.49,167.88,180.15,203.68,166.93,203.18
169.20,167.25,182.60,170.57,175.26,200.12,161.87,196.80
168.42,167.24,178.21,168.23,174.78,202.21,164.99,201.22
169.85,167.40,183.35,171.18,174.45,202.97,160.95,199.19
167.73,168.69,177.64,169.32,175.46,203.40,165.55,202.77
167.99,168.34,179.64,169.97,175.08,202.58,163.44,200.95
168.24,168.17,178.85,169.35,175.15,202.81,164.54,201.64
168.59,168.83,178.63,169.84,175.59,200.04,165.55,199.03
167.17,169.18,180.53,169.21,180.45,198.59,167.09,198.55
168.09,168.66,178.30,169.96,174.70,198.40,164.49,197.10
168.08,167.19,180.80,168.37,177.95,199.10,165.22,197.91
168.99,168.38,181.03,170.55,175.14,203.28,163.10,201.12
169.80,167.49,182.87,169.58,177.59,202.54,164.53,200.44
170.43,168.44,183.05,171.18,176.34,202.03,163.72,199.29
171.79,168.52,187.48,174.79,175.21,205.48,159.52,199.21
171.71,171.02,185.34,176.86,174.90,201.24,161.26,195.40
172.02,169.69,184.50,174.13,174.15,203.17,161.67,198.73
171.18,168.55,184.49,172.25,175.42,204.89,162.11,201.20
175.73,169.04,187.82,174.58,173.30,206.26,161.21,200.72
177.50,170.94,186.91,175.77,172.86,203.12,163.45,198.29
176.98,171.52,186.42,176.26,173.09,202.79,163.65,198.05
175.20,171.72,184.54,173.72,178.59,201.54,169.25,199.54
181.88,171.53,191.29,177.18,176.65,201.59,167.24,195.94
177.28,172.56,188.05,174.70,182.90,200.58,172.13,198.44
181.89,171.08,192.85,175.47,181.30,204.28,170.34,199.89
180.68,172.75,190.99,174.23,187.53,198.24,177.22,196.76
180.80,169.75,192.01,171.46,187.65,200.01,176.44,198.29
188.26,169.67,199.69,176.53,185.03,200.95,173.60,194.08
192.50,170.50,203.00,181.00,183.50,200.50,173.00,190.00
192.51,168.63,203.19,178.43,184.18,199.17,173.49,189.37
193.61,167.95,205.80,178.40,186.74,200.64,174.55,190.19
190.77,166.37,205.07,171.57,193.80,202.56,179.50,197.36
187.74,169.46,200.91,170.57,198.41,200.07,185.24,198.96
193.41,168.67,206.70,173.36,197.04,200.72,183.75,196.03
196.67,168.80,209.14,173.94,197.71,201.70,185.24,196.57
195.56,168.39,206.35,169.63,202.69,201.33,191.91,200.09
198.50,170.50,210.42,172.88,204.46,202.69,192.54,200.31
203.20,168.40,214.90,172.30,204.70,202.90,193.00,199.00
202.37,168.93,213.19,170.19,210.15,196.33,199.33,195.07
205.13,170.43,217.16,172.45,212.76,198.62,200.73,196.59
209.01,168.77,221.05,172.86,212.85,197.02,200.81,192.93
210.56,168.40,220.82,170.54,214.56,200.55,204.30,198.41
211.18,166.31,222.60,169.33,214.85,198.69,203.43,195.68
210.91,166.78,222.07,167.79,219.40,197.38,208.23,196.37
212.42,166.89,223.90,167.89,221.31,197.65,209.83,196.65
215.66,168.42,228.99,171.40,222.77,199.21,209.44,196.23
217.53,164.98,232.01,167.26,226.95,199.31,212.47,197.02
221.85,165.23,236.78,168.78,229.59,199.01,214.65,195.45
221.81,166.97,233.94,166.92,234.07,200.07,221.93,200.12
224.16,165.99,235.02,166.00,234.98,201.01,224.13,201.00
231.55,165.33,243.39,168.56,233.84,203.59,221.99,200.36
228.69,166.14,243.10,167.11,240.64,203.37,226.23,202.39
227.15,166.38,243.56,166.49,243.35,201.27,226.93,201.17
238.22,166.19,252.40,169.78,244.16,202.28,229.98,198.68
241.52,166.92,252.82,170.60,242.40,202.62,231.10,198.95
243.59,166.60,254.46,169.63,244.76,204.39,233.89,201.36
246.02,166.28,255.72,168.84,246.80,202.68,237.09,200.12
247.96,166.78,258.49,168.99,251.52,202.16,240.99,199.95
250.93,166.85,263.97,171.74,252.38,202.64,239.34,197.75
248.72,170.04,258.93,169.16,261.67,201.03,251.47,201.91
256.40,169.10,265.92,170.09,262.77,200.44,253.24,199.45
260.08,167.14,273.83,171.18,264.29,203.61,250.54,199.57
264.23,166.45,277.39,170.56,267.76,201.36,254.61,197.25
258.50,165.21,271.96,165.94,270.28,196.83,256.83,196.10
264.86,165.93,277.95,167.22,274.93,197.73,261.84,196.43
268.26,164.84,279.30,165.36,277.75,198.23,266.71,197.71
274.57,164.80,288.36,168.62,279.39,201.01,265.60,197.19
273.63,164.95,285.20,166.40,280.75,201.97,269.18,200.52
277.67,164.50,288.61,166.39,282.21,203.43,271.28,201.54
274.70,165.20,291.44,165.70,290.34,202.96,273.60,202.46
283.81,163.29,299.19,166.50,291.26,204.55,275.89,201.35
278.14,167.66,296.54,166.04,299.43,198.86,281.03,200.48
294.00,166.75,308.74,173.80,295.67,201.10,280.93,194.04
297.86,165.59,310.91,170.25,299.60,201.93,286.55,197.27
300.48,166.51,311.12,169.94,300.05,204.24,289.42,200.81
299.43,164.41,312.03,165.74,308.10,203.06,295.50,201.74
305.04,166.26,315.55,168.89,307.44,201.34,296.94,198.71
304.27,166.17,317.12,167.11,314.77,199.18,301.91,198.23
310.55,166.21,323.73,168.54,318.00,201.00,304.82,198.67
309.01,167.65,322.11,167.67,322.09,197.08,308.98,197.07
316.13,167.43,328.38,168.45,325.56,202.30,313.31,201.28
317.68,168.45,330.69,169.22,328.68,203.51,315.66,202.74
324.89,168.32,335.04,169.67,330.45,204.13,320.30,202.77
330.03,167.47,342.62,170.86,333.22,205.75,320.63,202.36
324.52,168.06,340.85,167.96,341.02,194.55,324.69,194.66
331.34,168.30,346.30,169.66,343.80,197.16,328.84,195.80
330.79,171.90,342.87,167.63,354.21,199.75,342.12,204.02
334.04,169.28,346.50,167.50,351.56,202.92,339.10,204.70
336.01,168.11,348.74,166.70,352.48,200.28,339.74,201.70
341.26,166.72,355.15,166.84,354.84,201.54,340.96,201.42
345.57,166.00,356.25,166.02,356.20,201.10,345.51,201.09
345.58,169.24,359.51,168.63,360.94,201.61,347.01,202.22
349.48,170.18,365.38,171.70,362.77,199.04,346.87,197.52
351.45,172.11,368.30,174.16,365.30,198.74,348.46,196.68
357.27,168.52,374.36,173.86,365.49,202.22,348.41,196.88
356.70,167.64,372.82,168.14,371.96,196.18,355.83,195.68
356.47,170.12,370.98,166.89,377.94,198.24,363.44,201.46
357.41,170.17,370.64,168.13,375.58,200.29,362.36,202.33
364.85,168.46,374.20,168.38,374.45,200.05,365.09,200.12
364.25,170.10,378.42,169.18,380.24,197.31,366.07,198.23
367.24,170.67,382.54,171.35,381.38,197.57,366.08,196.89
360.16,185.41,374.00,170.10,394.68,188.80,380.84,204.11
368.15,174.13,379.26,170.91,387.47,199.17,376.36,202.40
369.91,171.44,378.31,169.68,384.63,199.95,376.23,201.70
369.51,170.80,379.39,168.96,385.10,199.70,375.21,201.54
366.66,172.71,378.13,168.00,390.01,196.91,378.53,201.63
367.36,173.38,379.11,168.04,391.85,196.07,380.10,201.41
365.96,174.06,377.80,168.14,391.21,194.94,379.37,200.86
367.52,173.72,380.54,167.86,393.19,195.97,380.17,201.82
372.83,169.46,384.51,169.23,385.14,201.66,373.47,201.88
368.98,170.41,383.41,166.56,391.71,197.68,377.27,201.53
372.60,168.98,383.71,168.59,384.84,200.52,373.73,200.92
374.13,168.90,384.57,169.07,384.03,200.84,373.60,200.66
371.65,165.41,381.69,164.97,383.31,201.31,373.27,201.76
