923.65,308.27,758.05,342.11,741.83,262.68,907.42,228.85
743.98,257.24,911.19,237.13,920.34,313.18,753.13,333.29
746.59,244.30,917.71,251.16,914.75,325.04,743.63,318.18
760.58,224.41,923.84,264.26,906.36,335.91,743.09,296.06
755.72,231.99,923.81,266.34,910.17,333.11,742.08,298.77
766.74,222.56,924.97,270.21,903.79,340.54,745.56,292.90
778.78,219.07,930.98,268.91,906.51,343.65,754.30,293.81
785.34,213.49,930.70,268.12,901.02,347.08,755.66,292.45
794.35,214.06,935.69,274.48,902.53,352.04,761.19,291.62
793.92,210.43,934.40,270.10,899.97,351.16,759.49,291.49
789.47,214.72,931.93,266.37,902.74,346.86,760.29,295.22
802.29,208.03,935.80,270.10,898.15,351.08,764.65,289.01
801.99,210.29,937.57,272.74,901.27,351.56,765.69,289.11
812.67,203.05,938.89,267.10,895.71,352.21,769.49,288.16
786.87,225.68,933.96,251.07,918.77,339.11,771.67,313.72
778.85,239.05,928.37,240.17,927.67,333.56,778.15,332.44
783.29,238.90,929.55,240.25,928.70,332.66,782.44,331.31
781.69,262.84,909.57,215.61,943.35,307.06,815.47,354.30
784.49,244.36,935.36,232.27,942.78,324.86,791.91,336.95
782.40,254.67,947.49,216.97,968.28,308.05,803.20,345.75
786.92,258.22,959.37,202.34,988.95,293.61,816.50,349.49
944.31,181.30,992.25,268.02,839.13,352.68,791.19,265.96
934.21,172.74,991.36,258.10,849.54,353.05,792.39,267.69
797.53,256.16,956.37,194.61,990.63,283.01,831.79,344.56
955.75,194.91,988.79,280.59,834.20,340.20,801.16,254.52
801.36,253.50,960.00,196.12,990.72,281.02,832.07,338.40
804.68,251.33,958.04,196.59,988.06,280.71,834.70,335.45
808.49,250.25,959.86,196.47,989.66,280.52,838.33,334.29
811.28,250.61,957.16,195.85,988.23,278.63,842.36,333.39
812.19,251.95,959.76,193.95,992.47,277.33,844.95,335.32
815.28,250.93,959.38,195.03,992.22,279.67,848.12,335.57
817.32,254.62,959.52,194.80,997.78,285.77,855.58,345.58
824.74,254.24,957.83,195.29,997.87,285.71,864.79,344.66
827.28,248.65,959.87,200.28,993.24,291.77,860.65,340.14
831.25,243.35,959.90,206.21,986.74,299.17,858.09,336.32
831.51,245.70,954.59,204.88,984.38,294.73,861.30,335.55
831.64,236.36,959.40,207.94,979.14,296.66,851.38,325.08
836.72,240.37,953.28,205.97,979.17,293.69,862.61,328.09
838.67,235.07,956.74,208.58,976.97,298.72,858.90,325.22
847.45,222.67,959.37,213.65,966.74,305.11,854.82,314.13
846.16,231.66,959.20,210.07,976.05,298.33,863.01,319.92
853.75,227.86,959.66,212.77,972.41,302.22,866.50,317.32
855.33,228.89,959.97,211.11,975.14,300.43,870.50,318.21
856.33,241.26,959.32,202.37,991.50,287.61,888.52,326.50
855.97,241.70,959.97,200.81,993.63,286.43,889.63,327.32
859.47,239.20,959.45,202.39,991.21,288.63,891.23,325.44
867.97,225.39,959.44,207.29,977.57,298.96,886.10,317.05
870.22,223.54,959.94,208.11,975.94,301.13,886.21,316.56
877.59,219.77,959.35,208.24,972.70,302.83,890.93,314.36
883.29,213.83,959.82,208.89,966.14,306.60,889.61,311.54
884.72,211.66,959.83,207.73,965.07,307.80,889.96,311.74
895.17,204.98,964.37,208.61,959.39,303.53,890.19,299.91
894.26,207.05,959.84,207.62,959.10,293.32,893.52,292.75
892.01,206.87,959.93,206.89,959.91,291.49,891.99,291.47
901.91,199.80,968.02,206.83,958.96,292.06,892.85,285.03
895.23,204.21,960.64,204.73,959.96,290.12,894.55,289.61
900.30,194.97,969.83,203.11,959.71,289.46,890.19,281.31
903.70,193.59,972.06,203.72,959.30,289.77,890.94,279.64
901.47,197.87,964.48,201.35,959.60,289.54,896.59,286.06
887.02,224.40,958.22,194.60,990.84,272.51,919.64,302.32
902.47,199.96,960.97,200.70,959.83,291.19,901.32,290.44
902.37,203.31,959.54,201.48,962.39,290.54,905.22,292.37
900.46,205.03,959.09,200.95,965.44,292.35,906.82,296.43
899.64,208.68,959.17,201.22,970.60,292.45,911.07,299.91
889.38,244.46,957.23,184.21,1012.10,246.00,944.24,306.24
900.80,208.93,959.90,202.35,970.21,295.09,911.11,301.66
889.73,247.69,951.01,190.69,1005.90,249.71,944.63,306.71
908.06,204.70,959.13,204.00,960.45,299.84,909.37,300.55
906.86,207.16,959.04,205.16,962.56,296.86,910.38,298.86
909.58,204.47,960.64,205.31,959.11,297.24,908.06,296.39
909.81,205.00,962.01,206.36,959.55,300.24,907.34,298.87
908.09,205.50,959.76,203.69,963.17,301.30,911.50,303.10
906.17,208.40,959.27,204.08,966.87,297.50,913.77,301.82
907.88,208.17,959.20,205.94,963.52,305.31,912.21,307.55
909.46,205.05,959.03,205.02,959.07,303.69,909.50,303.72
908.46,206.90,959.64,205.32,962.64,302.43,911.46,304.01
905.07,212.30,959.11,205.96,970.15,300.10,916.11,306.44
910.69,207.96,961.27,208.80,959.73,302.21,909.15,301.37
909.31,209.50,959.10,207.10,963.83,304.68,914.04,307.09
911.37,208.34,959.88,207.90,960.77,306.10,912.26,306.54
909.27,206.46,959.75,204.68,963.32,305.89,912.84,307.67
904.70,203.75,960.06,204.09,959.41,308.07,904.05,307.73
930.40,192.51,1001.29,226.67,959.14,314.22,888.23,280.05
899.15,203.07,961.22,204.39,959.10,304.56,897.02,303.24
925.34,192.37,995.86,222.12,959.39,308.67,888.85,278.92
901.72,200.74,964.75,204.35,959.05,303.95,896.02,300.34
911.13,194.29,981.19,209.84,959.26,308.60,889.20,293.05
913.54,191.96,990.35,214.34,959.72,319.48,882.91,297.10
892.82,201.21,961.28,202.63,959.11,307.26,890.65,305.83
914.71,193.85,984.09,210.65,959.60,311.77,890.22,294.97
905.72,198.41,971.60,206.66,959.19,305.71,893.31,297.45
907.44,197.04,974.59,207.53,958.82,308.52,891.66,298.03
911.31,194.26,982.23,211.17,956.98,317.04,886.07,300.13
905.42,197.52,973.42,206.70,959.52,309.66,891.51,300.47
904.09,202.89,971.62,211.40,959.15,310.46,891.62,301.95
903.28,204.06,968.95,210.09,959.91,308.39,894.24,302.35
902.92,203.34,970.01,210.31,959.80,308.63,892.71,301.66
900.06,205.59,964.80,208.84,959.91,306.18,895.18,302.93
896.89,208.86,959.46,207.90,960.97,306.99,898.40,307.94
898.34,207.24,960.20,207.94,959.07,308.15,897.22,307.45
897.85,207.30,962.38,208.97,959.92,304.42,895.39,302.75
907.98,199.30,977.19,211.14,959.87,312.35,890.66,300.51
866.76,210.43,959.50,209.49,960.55,313.22,867.81,314.16
855.89,211.80,959.95,207.23,964.44,309.47,860.38,314.04
859.09,211.04,959.40,211.16,959.28,308.21,858.97,308.08
858.33,213.45,959.89,212.89,960.49,309.08,858.88,309.64
859.66,210.20,959.46,210.42,959.24,313.02,859.44,312.80
860.08,213.03,959.86,213.22,959.68,306.68,859.90,306.49
853.38,218.26,959.44,211.07,965.58,301.63,859.51,308.81
857.26,214.55,959.16,212.52,961.03,306.19,859.13,308.22
857.65,216.35,959.65,214.68,961.18,307.50,859.17,309.17
859.95,214.21,959.86,213.92,960.12,307.14,860.21,307.42
859.29,214.30,960.26,214.71,959.88,307.63,858.91,307.22
859.53,214.65,959.22,214.37,959.47,308.20,859.79,308.48
859.48,215.66,959.14,215.16,959.61,307.54,859.95,308.04
860.23,215.35,959.06,215.38,959.03,307.75,860.20,307.72
849.47,215.17,959.94,214.96,960.11,305.71,849.64,305.92
837.63,233.80,959.17,215.28,972.23,301.01,850.69,319.53
838.07,247.53,959.63,212.41,982.98,293.22,861.42,328.34
834.88,235.39,959.61,214.54,973.76,299.22,849.03,320.07
838.19,218.97,959.27,219.31,959.04,301.07,837.95,300.73
832.61,245.63,959.50,216.98,977.20,295.25,850.29,323.90
858.67,195.02,984.16,235.24,958.87,314.15,833.38,273.94
836.49,214.07,959.07,213.98,959.12,303.15,836.55,303.23
862.78,183.76,989.41,226.65,958.52,317.92,831.88,275.03
836.22,232.84,959.30,210.90,975.50,301.82,852.43,323.75
836.86,231.63,959.52,211.86,973.04,295.69,850.37,315.46
841.04,213.77,960.20,215.05,959.25,303.26,840.09,301.99
842.28,209.15,962.77,214.24,958.99,303.56,838.51,298.46
841.87,205.64,963.17,210.04,959.78,303.42,838.48,299.02
843.36,204.68,967.95,217.68,959.13,302.17,834.54,289.17
842.96,205.34,966.70,215.04,959.86,302.30,836.12,292.60
842.46,205.36,966.99,215.50,959.93,302.16,835.40,292.02
842.93,205.21,966.26,215.42,959.12,301.60,835.80,291.39
842.86,204.27,967.13,214.56,959.91,301.75,835.64,291.47
842.19,205.42,964.59,212.78,959.31,300.56,836.91,293.20
842.11,205.04,964.68,212.60,959.01,304.43,836.45,296.87
844.09,198.42,971.60,216.81,959.56,300.30,832.05,281.92
847.36,193.10,977.06,223.00,958.93,301.65,829.24,271.75
842.34,201.90,969.31,216.37,959.94,298.60,832.97,284.13
844.31,198.35,972.02,217.33,959.72,299.29,832.10,280.31
841.24,208.40,959.04,208.40,959.04,298.44,841.24,298.44
842.57,202.67,967.43,214.63,959.44,298.10,834.57,286.14
842.17,203.72,965.70,213.29,959.20,297.26,835.66,287.69
843.61,200.87,968.69,214.95,959.29,298.39,834.22,284.30
842.95,202.52,967.40,214.19,959.57,297.73,835.12,286.06
857.16,177.74,990.10,231.59,959.80,306.40,826.85,252.56
845.20,205.27,963.82,211.55,959.37,295.61,840.75,289.33
849.43,198.84,969.85,213.92,959.27,298.42,838.86,283.35
852.86,197.60,970.69,212.71,959.68,298.54,841.85,283.43
856.60,189.44,980.17,221.14,959.07,303.61,835.46,271.91
850.81,183.69,984.06,225.32,959.44,304.12,826.19,262.49
846.49,186.16,977.95,217.03,958.75,298.81,827.28,267.93
847.88,186.04,978.82,217.46,959.57,297.66,828.64,266.24
844.44,183.10,981.11,221.91,959.38,298.62,822.67,259.81
848.64,183.21,982.22,220.13,959.22,303.50,825.61,266.58
840.35,181.14,981.92,221.49,959.05,301.71,817.49,261.36
845.44,183.24,981.71,220.70,959.31,302.18,823.04,264.72
846.72,184.12,980.89,219.16,959.13,302.48,824.96,267.44
846.29,183.34,980.30,220.40,958.33,299.83,824.32,262.77
846.23,184.91,979.89,217.38,959.35,301.83,825.71,269.36
844.54,184.18,980.22,218.19,959.67,300.20,823.98,266.19
843.86,179.90,983.33,223.86,958.77,301.78,819.30,257.82
845.25,184.44,977.47,216.03,958.08,297.19,825.86,265.61
843.90,183.85,977.60,217.07,957.88,296.43,824.18,263.21
845.16,185.18,977.87,214.19,959.82,296.77,827.11,267.76
846.73,182.72,981.78,219.27,959.63,301.11,824.58,264.55
844.76,187.02,978.09,215.40,959.85,301.06,826.53,272.68
842.49,195.23,970.46,211.56,959.59,296.76,831.62,280.43
837.44,206.44,960.90,208.82,959.18,298.41,835.72,296.03
837.63,208.97,959.90,208.50,960.27,303.53,837.99,304.00
833.62,209.81,959.49,209.95,959.38,304.03,833.51,303.90
830.15,213.70,960.16,214.80,959.45,299.19,829.43,298.08
826.01,227.39,959.66,208.39,971.71,293.23,838.07,312.22
844.25,190.26,978.50,221.14,959.37,304.32,825.12,273.44
827.03,218.07,959.51,209.83,964.96,297.43,832.48,305.67
829.82,211.42,959.62,210.92,959.95,299.09,830.15,299.59
846.81,187.07,980.87,219.74,959.71,306.57,825.65,273.91
830.17,211.01,959.39,211.00,959.40,302.55,830.17,302.56
829.63,211.23,960.58,212.07,959.98,304.13,829.03,303.29
830.38,211.13,960.01,211.65,959.64,303.14,830.01,302.61
841.76,191.90,977.22,219.46,959.37,307.22,823.91,279.66
826.34,191.75,976.08,219.94,959.81,306.05,810.12,277.86
806.00,213.00,960.00,213.00,960.00,304.00,806.00,304.00
800.96,214.43,959.43,213.94,959.71,304.12,801.24,304.62
796.68,212.21,960.28,213.99,959.29,304.46,795.70,302.68
793.08,215.43,959.36,214.92,959.64,306.07,793.36,306.58
794.84,216.32,959.64,215.94,959.86,308.14,795.06,308.52
794.54,216.80,959.76,215.85,960.29,308.18,795.07,309.13
794.06,217.15,959.05,216.94,959.16,308.45,794.17,308.65
794.21,216.77,960.64,217.99,959.96,309.43,793.54,308.21
794.43,211.66,964.30,220.32,959.73,309.96,789.86,301.29
772.46,220.09,960.34,221.14,959.85,308.40,771.98,307.35
765.45,219.20,961.34,223.29,959.56,308.78,763.67,304.69
760.05,221.05,959.59,221.38,959.44,308.12,759.91,307.79
750.92,222.12,959.42,221.96,959.48,308.60,750.99,308.76
747.11,222.15,959.43,222.15,959.43,308.00,747.11,308.00
746.61,222.44,959.02,221.79,959.28,307.93,746.87,308.57
747.31,221.07,959.60,222.06,959.20,307.45,746.91,306.46
745.55,223.88,959.77,222.54,960.31,307.69,746.09,309.04
746.75,222.01,959.77,223.22,959.29,307.49,746.27,306.27
744.00,222.00,960.00,222.00,960.00,306.00,744.00,306.00
746.35,225.71,960.03,227.25,959.46,304.90,745.79,303.35
741.95,226.15,959.91,227.26,959.51,305.49,741.55,304.38
742.24,217.65,963.47,229.36,959.18,310.35,737.95,298.64
739.27,224.58,960.59,227.77,959.43,308.29,738.11,305.10
738.22,215.23,963.88,231.58,958.09,311.46,732.43,295.11
741.13,218.87,963.89,229.98,959.85,311.09,737.09,299.98
739.49,221.09,962.54,228.33,959.90,309.76,736.85,302.53
738.26,224.31,960.81,226.79,959.92,306.99,737.36,304.51
742.56,218.08,963.06,229.95,958.69,311.10,738.19,299.23
736.49,225.47,959.57,226.22,959.30,306.33,736.22,305.57
739.21,225.87,959.48,226.80,959.16,303.44,738.89,302.51
742.57,223.04,960.53,226.31,959.32,307.50,741.35,304.23
738.63,223.99,960.02,225.33,959.54,304.64,738.16,303.30
740.92,225.71,959.98,225.66,959.99,304.99,740.94,305.03
739.43,225.65,959.27,226.12,959.10,304.22,739.26,303.75
742.09,223.08,961.87,231.61,958.72,312.76,738.94,304.23
745.31,218.85,962.96,235.47,956.94,314.34,739.29,297.72
742.79,220.90,965.09,237.41,959.34,314.88,737.04,298.37
747.80,218.72,963.52,243.48,954.83,319.16,739.11,294.40
752.61,218.27,963.55,251.73,951.95,324.85,741.02,291.39
749.15,222.40,963.70,254.58,953.13,325.09,738.57,292.91
750.57,222.25,963.76,257.41,952.35,326.61,739.16,291.46
750.80,225.77,963.74,254.32,954.40,323.91,741.47,295.36
750.95,225.79,962.88,255.30,952.72,328.26,740.79,298.75
749.01,229.78,961.58,252.02,953.74,326.93,741.17,304.69
745.56,228.20,962.65,253.57,954.07,327.02,736.97,301.64
762.16,231.81,961.72,252.35,954.16,325.83,754.60,305.29
741.06,231.35,933.43,248.55,927.04,319.99,734.67,302.78
741.12,232.71,936.97,247.51,931.81,315.80,735.96,301.01
736.81,233.02,930.90,246.79,926.05,315.19,731.96,301.42
735.74,233.27,914.72,248.67,908.98,315.33,730.01,299.93
736.15,225.27,913.80,261.34,901.12,323.79,723.47,287.71
729.75,226.15,912.27,259.31,901.47,318.76,718.95,285.61
727.76,233.51,910.00,249.24,904.99,307.36,722.75,291.63
727.15,236.69,900.68,244.09,898.14,303.76,724.60,296.36
722.40,236.83,886.83,243.57,884.43,302.08,720.00,295.33
720.72,235.10,880.49,247.70,876.17,302.42,716.40,289.82
722.71,233.75,879.74,248.79,874.66,301.92,717.63,286.88
720.13,235.27,870.49,247.74,866.19,299.65,715.83,287.19
724.11,232.18,858.97,250.39,851.58,305.16,716.72,286.95
723.89,239.15,866.31,254.25,861.18,302.66,718.76,287.55
721.50,236.02,853.98,262.12,845.20,306.70,712.71,280.59
719.47,238.10,847.65,271.87,837.02,312.21,708.84,278.44
722.75,245.22,832.36,277.00,821.99,312.76,712.38,280.98
603.69,227.99,765.54,227.99,765.54,327.26,603.69,327.26
554.85,219.24,738.77,219.24,738.77,328.88,554.85,328.88
506.00,210.50,712.00,210.50,712.00,330.50,506.00,330.50
470.21,216.99,502.23,184.67,618.64,300.01,586.62,332.33
477.92,177.53,612.26,283.57,578.50,326.33,444.17,220.29
461.79,170.54,610.47,275.07,574.88,325.69,426.20,221.16
420.39,224.76,457.57,170.37,603.43,270.10,566.24,324.48
443.51,177.58,604.00,244.39,572.95,318.97,412.46,252.16
432.28,193.87,592.06,226.89,575.12,308.83,415.34,275.80
432.81,194.21,593.45,226.73,576.77,309.10,416.14,276.58
432.99,191.35,589.34,226.14,570.65,310.16,414.30,275.38
431.34,196.04,585.49,218.86,572.56,306.23,418.40,283.41
431.39,196.94,582.25,215.59,571.28,304.36,420.41,285.72
431.36,195.23,584.89,217.30,572.35,304.53,418.83,282.47
431.53,197.32,582.93,216.40,571.92,303.81,420.52,284.74
432.49,196.75,586.44,218.57,574.09,305.68,420.14,283.85
432.29,198.06,587.46,218.94,575.87,305.07,420.70,284.19
432.42,197.40,589.87,221.10,577.00,306.59,419.56,282.89
432.37,194.79,590.11,222.66,574.89,308.77,417.16,280.91
430.68,198.15,587.03,220.29,574.81,306.63,418.45,284.49
425.54,199.45,585.13,219.38,574.29,306.21,414.70,286.29
420.42,204.11,583.25,216.27,576.80,302.55,413.98,290.39
408.95,210.78,577.37,211.09,577.22,295.14,408.79,294.83
407.74,212.13,574.18,211.24,574.64,296.76,408.20,297.66
407.44,211.60,571.38,210.42,572.00,296.69,408.06,297.87
403.05,220.68,568.46,203.79,577.14,288.82,411.73,305.70
408.13,212.47,567.95,209.62,569.47,295.35,409.66,298.19
400.78,223.46,557.44,199.19,570.44,283.13,413.78,307.40
400.78,219.34,559.40,199.60,570.19,286.29,411.57,306.03
402.74,213.86,557.61,203.43,563.41,289.60,408.54,300.03
399.01,209.50,559.35,206.20,561.13,292.75,400.79,296.04
395.86,210.60,559.75,205.30,562.54,291.54,398.65,296.84
391.64,209.01,556.23,204.60,558.53,290.41,393.94,294.82
393.67,207.90,552.23,203.02,554.92,290.53,396.37,295.41
391.21,211.15,550.22,202.26,554.93,286.60,395.92,295.48
386.27,218.34,545.67,194.66,558.00,277.70,398.61,301.37
393.81,207.89,548.47,203.55,550.89,289.80,396.24,294.15
391.61,212.34,537.26,198.37,545.46,283.89,399.81,297.85
392.95,214.24,536.33,196.62,546.86,282.32,403.48,299.93
389.84,222.23,530.36,189.35,550.39,274.94,409.86,307.81
388.42,225.88,523.80,184.88,549.80,270.73,414.42,311.73
517.24,180.70,550.98,267.60,420.28,318.35,386.54,231.45
386.55,235.86,511.20,179.38,548.87,262.51,424.21,318.98
387.32,233.23,510.06,180.39,546.64,265.37,423.90,318.20
388.44,232.55,509.06,181.88,544.77,266.88,424.16,317.56
498.41,175.89,547.12,258.34,429.56,327.80,380.85,245.35
504.27,182.30,543.46,267.39,425.56,321.69,386.37,236.59
387.66,240.21,501.05,185.65,540.76,268.18,427.37,322.74
492.06,180.12,544.21,260.29,435.29,331.14,383.14,250.98
384.01,254.95,486.27,179.45,543.21,256.57,440.94,332.07
383.15,257.30,481.30,180.68,541.12,257.31,442.97,333.93
475.37,179.95,538.81,251.67,444.17,335.39,380.73,263.68
473.12,185.11,536.62,257.51,442.91,339.72,379.40,267.32
377.78,270.46,469.67,186.85,534.77,258.40,442.89,342.01
375.63,281.04,462.90,189.17,532.11,254.92,444.84,346.79
461.67,191.19,530.52,259.23,444.10,346.69,375.25,278.65
460.33,192.37,527.72,258.45,440.94,346.97,373.54,280.89
461.69,191.26,525.94,260.39,433.78,346.06,369.52,276.92
448.18,188.80,523.04,249.67,445.62,344.89,370.76,284.02
376.93,236.14,493.36,211.86,511.66,299.59,395.23,323.88
372.58,246.91,487.03,203.78,518.74,287.94,404.29,331.07
374.67,241.83,489.99,207.43,515.90,294.28,400.59,328.69
373.02,244.89,486.83,208.72,513.84,293.72,400.04,329.89
370.75,252.09,482.83,205.45,516.85,287.20,404.77,333.83
372.15,247.56,484.17,208.83,513.28,293.06,401.27,331.78
371.29,250.01,482.64,207.24,514.58,290.38,403.23,333.15
369.97,253.72,478.18,204.16,515.44,285.50,407.23,335.07
376.04,233.02,492.28,219.89,502.16,307.30,385.92,320.44
370.91,240.37,485.82,213.20,506.00,298.57,391.10,325.74
371.09,241.17,485.71,212.95,506.57,297.68,391.95,325.90
369.33,243.00,481.65,210.59,506.06,295.14,393.73,327.55
366.76,245.41,478.46,208.44,506.25,292.40,394.54,329.37
360.62,260.48,470.07,198.54,514.66,277.34,405.21,339.28
359.29,262.93,467.77,198.30,514.24,276.30,405.76,340.93
358.72,263.05,465.97,198.45,513.40,277.18,406.14,341.79
460.67,196.90,513.76,274.49,408.49,346.53,355.39,268.95
461.07,197.05,513.79,275.30,409.64,345.46,356.93,267.21
351.34,272.95,459.67,194.53,515.29,271.36,406.95,349.78
465.44,195.65,515.21,274.97,400.08,347.21,350.31,267.89
466.02,197.17,514.17,276.15,401.39,344.93,353.23,265.95
355.85,259.80,470.62,199.25,513.26,280.07,398.49,340.62
356.93,252.70,478.21,200.97,514.02,284.93,392.74,336.65
346.30,256.32,483.83,203.07,515.94,286.02,378.42,339.27
347.88,237.43,496.19,214.68,509.57,301.89,361.25,324.64
350.56,231.99,499.44,218.16,507.60,306.08,358.73,319.90
351.36,229.27,499.65,217.36,506.78,306.05,358.48,317.96
351.46,227.29,499.43,216.06,506.31,306.69,358.34,317.92
352.15,227.39,498.60,218.88,503.78,308.11,357.33,316.62
356.26,220.15,495.67,220.82,495.22,314.51,355.81,313.85
347.48,236.84,493.10,210.65,508.76,297.74,363.14,323.93
344.68,242.73,491.14,205.36,512.97,290.90,366.50,328.27
344.45,231.49,494.29,212.66,505.44,301.40,355.60,320.23
336.48,224.54,496.35,219.79,498.97,308.18,339.10,312.93
329.07,222.05,490.99,220.92,491.59,307.61,329.67,308.74
327.20,222.88,501.97,222.59,502.11,308.89,327.34,309.17
328.40,219.22,500.25,221.38,499.12,311.06,327.27,308.90
316.05,247.34,489.68,204.16,510.84,289.24,337.21,332.41
313.65,249.28,490.27,200.39,513.74,285.16,337.12,334.05
312.72,244.95,489.95,200.85,511.11,285.88,333.88,329.98
306.64,244.34,493.84,200.53,513.73,285.50,326.53,329.32
310.91,246.63,489.35,196.93,513.03,281.95,334.59,331.65
311.40,244.31,488.36,196.92,511.34,282.76,334.39,330.15
308.84,246.84,487.22,191.45,513.77,276.93,335.39,332.33
307.60,248.76,486.25,190.00,513.99,274.33,335.34,333.09
309.61,246.29,488.31,195.60,511.74,278.19,333.03,328.87
308.06,242.35,489.89,196.52,511.02,280.38,329.20,326.20
307.45,242.50,492.19,197.33,512.47,280.28,327.73,325.45
307.10,246.58,482.27,189.54,509.17,272.18,334.01,329.21
306.27,249.36,478.86,183.80,509.86,265.39,337.27,330.96
309.40,243.59,480.58,186.06,508.46,269.01,337.28,326.54
313.30,231.09,488.14,198.31,503.99,282.82,329.14,315.60
323.42,213.48,497.03,211.74,497.95,303.96,324.35,305.70
322.26,219.68,487.62,209.02,493.17,295.26,327.81,305.91
320.85,219.06,488.18,207.86,494.03,295.18,326.70,306.39
321.78,215.07,486.38,208.43,490.06,299.46,325.45,306.10
319.38,217.65,490.34,205.15,496.88,294.64,325.92,307.13
317.91,217.38,493.49,210.12,497.28,301.78,321.70,309.03
316.91,223.82,497.70,204.83,506.84,291.84,326.05,310.82
317.91,220.73,499.99,210.00,505.17,297.98,323.10,308.71
318.62,217.03,502.73,217.27,502.61,307.84,318.50,307.61
311.87,231.79,492.59,202.34,506.50,287.72,325.79,317.17
315.05,224.55,485.68,216.60,489.69,302.64,319.06,310.59
312.25,225.43,487.47,221.22,489.54,307.52,314.33,311.73
307.59,224.73,485.87,222.66,486.88,309.77,308.61,311.85
307.63,222.92,482.98,222.31,483.29,311.72,307.95,312.33
300.01,232.10,477.30,216.92,484.59,301.98,307.29,317.16
305.58,232.25,468.19,210.50,479.08,291.93,316.47,313.68
225.57,220.07,460.99,227.54,458.44,307.95,223.02,300.47
210.89,224.75,457.28,223.47,457.67,298.57,211.28,299.85
202.52,226.12,452.29,223.97,452.95,300.27,203.17,302.42
186.02,225.65,452.17,224.33,452.54,298.79,186.38,300.10
181.03,226.66,445.67,222.04,447.01,298.61,182.36,303.23
166.37,230.17,441.67,221.15,444.12,295.79,168.82,304.81
160.93,224.62,438.31,221.97,439.06,300.31,161.67,302.96
165.95,227.14,435.51,219.96,437.62,299.24,168.06,306.42
173.58,223.24,431.97,222.10,432.33,303.74,173.94,304.88
171.36,220.98,432.20,223.03,431.55,304.91,170.72,302.86
169.24,236.39,425.84,215.29,432.21,292.82,175.61,313.92
168.83,233.38,423.59,215.21,429.23,294.33,174.48,312.50
169.29,239.13,423.87,211.11,432.15,286.31,177.57,314.33
169.00,242.51,422.80,208.57,432.89,284.05,179.09,317.99
171.07,226.18,422.66,218.49,425.19,301.10,173.60,308.79
162.19,238.70,420.47,215.34,427.36,291.47,169.07,314.84
159.95,243.11,419.32,211.09,428.62,286.45,169.25,318.46
170.36,236.67,418.01,215.59,424.64,293.47,176.99,314.55
166.19,235.28,417.89,216.55,423.69,294.53,171.99,313.26
161.90,239.24,413.28,214.80,420.93,293.56,169.56,318.00
156.36,238.23,408.60,221.15,413.98,300.65,161.74,317.72
152.86,239.50,391.00,222.28,396.74,301.68,158.60,318.90
151.40,232.05,399.86,229.86,400.53,305.73,152.07,307.92
142.18,240.57,391.86,223.00,397.12,297.82,147.44,315.39
139.68,245.76,387.00,219.39,394.92,293.66,147.59,320.03
140.45,250.35,366.50,217.02,377.93,294.52,151.87,327.85
138.88,256.88,364.10,209.54,380.07,285.50,154.85,332.85
134.86,265.99,355.36,201.09,378.31,279.07,157.82,343.98
144.60,233.41,361.48,232.24,361.95,319.47,145.07,320.64
134.02,267.58,348.20,200.38,372.03,276.32,157.85,343.53
121.08,253.96,349.97,217.74,362.75,298.52,133.87,334.75
111.21,276.77,339.92,200.05,365.29,275.68,136.58,352.40
101.46,275.45,345.86,200.09,369.14,275.58,124.74,350.94
94.57,259.18,349.87,218.91,362.07,296.22,106.77,336.50
99.26,266.83,342.92,208.59,361.33,285.63,117.67,343.87
94.31,271.62,338.80,205.15,359.85,282.58,115.36,349.05
90.78,257.10,343.33,217.85,356.06,299.77,103.50,339.01
101.68,234.78,348.21,230.83,349.57,315.68,103.04,319.64
101.22,233.22,350.90,232.02,351.32,318.54,101.63,319.75
97.77,237.49,348.08,229.71,350.76,316.00,100.45,323.78
94.36,240.15,342.94,228.73,346.86,314.13,98.29,325.55
86.03,254.75,331.76,214.18,345.80,299.23,100.07,339.81
81.35,237.06,337.55,228.57,340.54,318.70,84.34,327.20
72.98,250.76,330.24,222.34,339.62,307.35,82.37,335.77
72.06,233.47,328.17,232.21,328.59,317.66,72.48,318.92
65.07,233.74,328.09,231.77,328.73,317.34,65.72,319.31
57.18,245.09,329.47,224.05,336.01,308.73,63.73,329.78
59.42,241.76,327.09,224.10,332.87,311.65,65.20,329.31
57.05,254.69,325.13,215.57,337.55,300.66,69.47,339.78
55.77,262.02,323.30,209.64,339.79,293.85,72.26,346.23
60.13,248.13,325.75,218.55,335.05,302.09,69.43,331.67
60.27,252.85,322.07,213.89,334.47,297.21,72.68,336.17
57.20,245.74,327.37,218.78,335.51,300.37,65.34,327.34
57.62,245.10,325.63,217.74,334.11,300.79,66.10,328.15
58.29,231.17,322.16,223.81,324.60,311.22,60.73,318.59
51.24,248.89,322.05,214.55,332.33,295.66,61.53,330.00
52.08,242.24,325.39,217.76,332.62,298.41,59.30,322.88
53.24,236.04,327.06,219.64,332.11,303.99,58.29,320.39
54.48,224.93,343.91,223.21,344.45,314.33,55.02,316.04
51.92,239.35,327.47,218.39,333.71,300.39,58.16,321.34
52.93,239.52,329.80,217.59,336.29,299.58,59.42,321.51
58.40,227.78,326.10,226.32,326.57,312.60,58.87,314.06
57.38,227.38,330.39,226.29,330.73,311.70,57.72,312.80
60.23,227.12,329.23,227.99,328.95,312.93,59.95,312.06
56.51,230.18,328.50,229.46,328.72,312.30,56.73,313.03
54.83,233.70,328.61,227.61,330.43,309.21,56.64,315.30
55.59,229.92,332.49,232.49,331.73,315.23,54.82,312.65
46.72,235.35,327.47,228.51,329.43,309.31,48.69,316.15
47.71,233.42,324.68,232.33,325.00,314.64,48.03,315.73
46.82,221.01,281.65,234.81,276.67,319.53,41.84,305.74
37.61,216.83,282.04,237.55,274.83,322.64,30.40,301.92
34.26,234.18,277.11,232.30,277.75,315.69,34.90,317.57
30.92,232.31,279.77,234.50,279.02,318.98,30.18,316.79
38.30,235.26,272.26,234.83,272.41,318.37,38.45,318.80
38.16,221.29,270.87,240.07,263.95,325.89,31.24,307.11
36.72,227.32,267.66,239.34,263.29,323.51,32.34,311.49
39.67,242.52,264.40,230.54,269.02,317.15,44.28,329.13
42.37,236.24,265.60,236.37,265.55,321.07,42.33,320.94
49.46,237.10,265.87,235.16,266.64,320.99,50.23,322.93
61.28,236.65,264.91,235.16,265.54,321.71,61.92,323.20
61.80,242.39,273.55,229.36,278.85,315.49,67.10,328.52
65.09,250.53,262.20,221.22,274.89,306.55,77.79,335.87
65.55,252.04,260.20,219.26,274.60,304.76,79.94,337.54
66.84,251.51,257.89,217.96,273.04,304.26,81.99,337.81
65.56,254.22,262.23,216.21,278.76,301.72,82.09,339.73
68.49,253.89,257.91,216.24,274.87,301.59,85.45,339.24
74.62,249.91,244.41,221.93,258.60,308.06,88.81,336.04
78.31,247.84,247.21,222.91,259.95,309.25,91.05,334.18
77.91,248.27,240.51,223.96,253.36,309.92,90.76,334.23
76.58,250.36,236.24,222.49,251.19,308.14,91.53,336.01
68.43,255.57,234.45,219.92,252.82,305.51,86.81,341.15
68.37,254.21,235.04,222.16,251.58,308.15,84.90,340.20
65.89,252.11,235.88,223.91,250.25,310.59,80.27,338.78
66.15,250.96,236.85,224.10,250.58,311.39,79.88,338.25
65.36,252.20,235.03,224.51,249.07,310.51,79.40,338.20
62.53,251.97,236.36,223.59,250.52,310.38,76.70,338.75
63.81,251.14,232.71,223.10,247.14,310.05,78.25,338.09
63.48,250.04,230.82,223.98,244.37,310.94,77.02,337.00
62.41,251.92,230.23,222.08,245.57,308.31,77.74,338.16
65.87,245.76,230.69,227.22,240.59,315.25,75.77,333.79
43.54,254.26,227.17,224.20,241.07,309.12,57.44,339.18
19.51,249.57,226.73,228.18,235.54,313.47,28.32,334.87
17.85,244.41,228.18,230.83,233.73,316.72,23.40,330.30
18.86,236.25,232.15,235.34,232.53,322.55,19.23,323.46
16.50,237.66,232.82,232.20,235.00,318.73,18.68,324.19
16.68,237.84,232.47,232.31,234.68,318.73,18.89,324.26
15.32,241.96,229.49,226.85,235.49,311.90,21.32,327.01
11.86,246.31,229.12,224.02,237.76,308.20,20.49,330.49
15.63,242.57,228.92,226.44,235.25,310.12,21.96,326.25
15.93,247.22,224.87,221.63,235.02,304.47,26.08,330.05
14.02,256.69,220.99,212.58,238.43,294.40,31.46,338.52
10.31,244.37,223.56,220.74,232.86,304.61,19.61,328.24
13.86,245.77,221.13,218.84,232.09,303.18,24.82,330.12
14.10,238.91,220.63,224.40,226.54,308.60,20.02,323.11
18.22,241.47,218.85,222.08,227.02,306.70,26.40,326.09
10.61,241.36,217.82,222.41,225.60,307.46,18.39,326.41
15.42,228.17,216.50,230.51,215.48,318.31,14.40,315.97
12.29,221.18,227.01,234.53,221.64,320.95,6.91,307.60
13.52,216.30,228.65,237.47,219.90,326.42,4.77,305.25
15.35,216.02,223.70,238.62,214.14,326.84,5.78,304.24
13.70,214.21,220.08,239.17,209.40,327.51,3.02,302.56
12.57,214.59,219.26,239.73,208.57,327.64,1.88,302.50
15.86,215.16,218.15,240.55,207.20,327.82,4.90,302.43
10.21,214.09,217.77,240.25,206.53,329.44,-1.02,303.29
13.85,211.98,216.41,240.97,203.59,330.54,1.03,301.55
9.92,211.50,219.43,241.38,206.69,330.66,-2.82,300.78
12.82,213.43,221.03,239.07,209.92,329.31,1.71,303.67
13.43,213.80,220.90,241.56,209.10,329.80,1.62,302.04
13.62,213.91,219.44,242.15,207.44,329.64,1.62,301.40
11.73,209.96,220.24,244.42,205.84,331.55,-2.67,297.09
5.26,203.36,220.76,247.04,203.09,334.21,-12.41,290.53
1.76,199.56,222.08,250.84,202.33,335.69,-18.00,284.41
3.66,202.25,225.44,249.12,207.40,334.47,-14.38,287.60
1.23,205.59,226.47,248.10,210.57,332.31,-14.66,289.80
1.26,209.04,228.43,246.97,214.39,331.10,-12.78,293.17
2.15,211.15,224.73,245.58,211.74,329.57,-10.83,295.15
1.51,212.25,226.62,245.56,214.34,328.54,-10.76,295.23
1.63,211.66,227.20,244.84,215.03,327.60,-10.55,294.42
1.90,212.06,225.00,243.55,213.25,326.77,-9.85,295.29
2.10,212.34,227.45,243.23,216.07,326.25,-9.28,295.36
1.43,211.83,230.79,243.95,218.98,328.30,-10.39,296.19
1.84,208.59,222.23,243.89,208.85,327.44,-11.54,292.14
3.69,203.97,226.36,246.73,210.00,331.91,-12.67,289.15
3.20,196.08,222.40,249.82,201.50,335.08,-17.70,281.34
5.11,189.64,221.83,251.68,197.17,337.82,-19.55,275.78
4.15,185.47,216.51,251.34,189.53,338.32,-22.83,272.45
3.08,184.56,223.77,254.70,196.31,341.11,-24.38,270.98
1.43,184.72,227.21,253.68,200.71,340.43,-25.07,271.47
2.09,183.54,222.97,254.97,195.19,340.88,-25.69,269.44
3.84,184.64,222.19,253.54,194.94,339.91,-23.41,271.01
1.69,182.76,222.20,253.72,194.27,340.51,-26.24,269.56
5.10,184.30,221.41,253.04,193.84,339.79,-22.47,271.05
2.37,183.82,225.90,253.74,198.28,342.05,-25.25,272.13
1.98,182.96,226.91,254.20,199.14,341.89,-25.79,270.64
1.52,182.81,225.58,254.02,197.98,340.87,-26.08,269.66
1.51,182.76,227.07,253.69,199.49,341.40,-26.07,270.47
2.08,184.15,223.29,253.07,196.13,340.22,-25.07,271.30
6.29,185.00,224.35,253.57,196.62,341.75,-21.44,273.18
6.07,184.95,223.51,253.07,196.38,339.68,-21.06,271.56
1.96,183.26,220.53,252.65,192.88,339.73,-25.69,270.35
1.89,183.06,225.26,254.10,197.68,340.85,-25.70,269.82
1.03,183.97,219.17,251.60,191.83,339.76,-26.30,272.13
2.21,184.09,218.57,251.91,191.33,338.78,-25.02,270.96
4.93,184.42,218.18,251.73,190.21,340.35,-23.04,273.04
2.91,183.55,222.75,254.06,194.87,340.99,-24.97,270.48
1.44,182.13,223.21,255.50,194.47,342.35,-27.29,268.97
21.20,181.22,219.81,256.68,186.55,344.23,-12.06,268.78
19.97,181.34,220.11,256.39,186.94,344.84,-13.20,269.80
21.99,181.18,219.82,256.64,186.17,344.85,-11.66,269.38
17.60,180.66,217.04,255.36,184.29,342.82,-15.15,268.12
22.58,180.70,221.06,258.42,186.95,345.52,-11.53,267.81
20.00,181.05,212.89,253.63,180.13,340.68,-12.75,268.10
21.74,179.60,216.71,256.31,182.54,343.16,-12.43,266.45
22.19,179.37,214.22,255.09,180.13,341.54,-11.90,265.82
21.88,179.87,218.52,256.61,184.79,343.03,-11.85,266.29
20.69,177.66,216.62,256.78,181.70,343.26,-14.23,264.14
21.58,178.37,217.91,257.42,183.55,342.74,-12.78,263.69
23.57,176.70,215.25,256.64,179.15,343.20,-12.53,263.26
22.34,176.58,215.39,257.14,179.37,343.46,-13.68,262.90
24.78,179.66,220.60,258.79,186.00,344.40,-9.82,265.27
23.84,177.42,215.87,257.34,179.52,344.68,-12.51,264.76
25.37,176.29,217.00,258.77,180.36,343.89,-11.27,261.41
22.42,177.58,215.63,256.54,180.25,343.13,-12.97,264.17
25.25,177.98,214.45,256.63,178.38,343.42,-10.83,264.77
25.27,178.59,211.58,256.08,175.52,342.77,-10.78,265.28
29.23,182.81,211.18,254.33,176.71,342.03,-5.24,270.50
44.69,198.72,213.09,249.08,186.31,338.63,17.91,288.27
51.17,213.27,211.00,239.32,195.91,331.88,36.08,305.83
56.08,222.52,203.93,230.30,199.02,323.68,51.17,315.91
66.50,215.37,208.91,241.57,192.28,331.91,49.87,305.71
76.92,211.53,206.83,244.35,184.12,334.28,54.20,301.46
75.56,216.90,202.92,238.67,187.25,330.35,59.89,308.59
76.44,215.64,203.40,241.09,185.05,332.62,58.08,307.17
73.04,217.84,204.52,238.71,190.03,329.99,58.55,309.12
74.77,216.83,203.95,240.17,187.57,330.82,58.39,307.48
80.79,216.47,205.00,241.63,186.67,332.13,62.45,306.96
131.96,195.52,209.08,268.85,129.83,352.19,52.72,278.87
76.53,215.45,199.80,241.13,180.85,332.09,57.58,306.41
82.25,212.51,195.65,244.35,170.38,334.33,56.99,302.49
81.01,216.33,191.80,241.45,171.43,331.26,60.65,306.14
109.53,202.32,199.34,260.29,144.12,345.85,54.31,287.88
88.98,213.94,191.26,245.88,163.87,333.58,61.59,301.63
86.39,216.44,189.58,242.03,167.67,330.40,64.48,304.82
86.41,217.62,188.63,241.35,168.38,328.57,66.16,304.84
88.45,216.53,189.32,241.58,167.63,328.96,66.75,303.91
87.05,213.60,191.47,244.09,166.41,329.90,62.00,299.41
61.86,275.65,126.55,205.98,201.11,275.19,136.41,344.87
62.34,276.11,128.00,207.28,201.00,276.92,135.34,345.75
61.99,274.64,127.95,205.21,202.51,276.04,136.55,345.47
123.24,203.56,202.38,272.22,140.61,343.43,61.46,274.77
102.39,206.48,201.83,256.56,161.52,336.60,62.08,286.51
90.01,209.44,209.28,247.89,181.57,333.86,62.30,295.42
83.93,212.15,216.22,244.75,194.33,333.55,62.05,300.95
82.81,214.49,216.95,240.47,199.47,330.69,65.34,304.70
85.25,212.49,217.50,243.92,196.65,331.65,64.40,300.22
82.35,210.37,209.70,242.25,185.80,337.72,58.45,305.85
77.50,217.74,211.21,232.26,200.84,327.77,67.13,313.25
70.95,224.67,209.45,222.80,210.69,315.15,72.19,317.01
67.57,223.61,206.79,225.49,205.55,316.84,66.34,314.95
67.93,225.70,210.46,223.70,211.80,318.70,69.27,320.70
54.03,260.76,162.52,188.59,219.28,273.91,110.79,346.08
54.48,261.81,163.19,189.74,219.01,273.93,110.30,346.01
54.26,267.55,154.61,187.78,218.73,268.46,118.38,348.23
57.26,265.24,167.26,192.71,221.15,274.44,111.14,346.97
69.35,223.72,208.95,233.23,202.90,322.06,63.30,312.55
57.14,265.28,160.70,192.68,219.10,275.98,115.54,348.59
58.04,267.91,157.67,189.38,221.86,270.81,122.23,349.35
64.69,255.70,195.95,195.02,236.77,283.32,105.51,344.00
79.37,219.16,237.38,250.53,220.22,336.99,62.20,305.62
73.38,229.86,240.27,238.01,236.06,324.06,69.18,315.91
76.83,224.55,238.37,244.46,227.74,330.70,66.20,310.80
76.18,222.28,238.65,247.35,225.38,333.37,62.91,308.30
74.43,224.24,244.34,245.28,233.55,332.45,63.63,311.40
72.28,233.18,243.32,234.53,242.63,321.90,71.59,320.55
70.96,242.62,234.61,220.13,246.76,308.51,83.11,331.01
74.63,231.05,248.03,238.53,244.33,324.21,70.93,316.73
76.20,234.12,244.45,233.60,244.71,320.79,76.47,321.31
82.28,226.57,245.35,243.65,236.35,329.64,73.28,312.56
83.38,224.73,246.85,245.71,235.96,330.59,72.48,309.62
80.91,228.44,241.01,238.63,235.44,326.08,75.35,315.89
79.89,234.00,238.51,235.23,237.84,321.82,79.22,320.59
82.54,234.46,235.80,232.72,236.79,320.09,83.53,321.82
79.21,234.18,236.31,235.43,235.62,321.93,78.53,320.68
79.08,234.30,238.67,232.88,239.46,321.22,79.86,322.64
87.05,218.89,238.83,248.70,221.86,335.11,70.08,305.30
84.22,224.69,241.80,243.34,231.51,330.30,73.93,311.66
83.48,224.54,239.14,244.27,228.09,331.38,72.43,311.64
75.53,230.79,243.52,236.60,240.44,325.64,72.45,319.84
85.15,220.21,245.35,246.54,230.79,335.15,70.59,308.82
88.05,215.37,249.96,254.97,229.17,339.94,67.27,300.35
80.55,225.48,244.92,242.97,235.62,330.37,71.25,312.87
83.48,233.53,238.37,231.29,239.67,321.67,84.79,323.91
76.02,232.18,242.87,233.28,242.27,323.53,75.42,322.42
82.86,223.69,249.41,244.52,238.40,332.56,71.85,311.73
85.15,222.26,249.41,246.04,236.71,333.77,72.45,309.99
82.29,223.70,248.34,242.91,237.90,333.11,71.85,313.90
85.06,222.73,249.47,245.36,237.16,334.80,72.75,312.18
84.20,221.77,249.96,247.70,236.17,335.81,70.41,309.88
85.47,218.27,253.74,252.08,235.99,340.48,67.71,306.68
81.67,224.87,257.98,244.82,247.74,335.26,71.44,315.31
85.81,224.78,266.82,247.23,255.74,336.55,74.74,314.11
80.61,218.90,274.50,250.30,259.85,340.80,65.95,309.40
83.58,225.36,271.66,247.94,261.00,336.73,72.92,314.15
79.48,223.89,272.63,248.75,261.18,337.75,68.02,312.89
78.30,224.62,272.31,246.30,262.28,336.01,68.28,314.33
78.44,222.19,270.34,247.46,258.69,335.93,66.79,310.66
78.87,223.34,270.17,244.91,260.02,334.87,68.73,313.30
78.19,222.81,270.50,244.58,260.37,334.09,68.05,312.32
74.14,217.14,273.07,249.96,258.58,337.77,59.65,304.95
68.62,215.29,273.38,250.86,258.18,338.32,53.43,302.75
69.59,213.39,273.65,253.04,256.83,339.63,52.77,299.98
69.53,211.60,275.41,255.85,256.98,341.63,51.10,297.38
71.64,209.42,274.44,260.18,253.18,345.08,50.39,294.32
70.42,210.31,278.18,261.28,257.04,347.46,49.27,296.48
64.19,218.41,276.14,252.24,262.16,339.81,50.22,305.99
59.60,223.19,273.05,247.78,262.89,335.98,49.44,311.39
58.14,222.67,273.55,255.55,260.84,338.79,45.43,305.90
55.12,230.07,269.84,250.30,261.83,335.29,47.12,315.06
53.16,240.49,264.25,239.38,264.71,326.54,53.62,327.65
52.56,246.67,263.27,237.81,266.82,322.01,56.10,330.88
48.34,251.57,264.45,234.61,270.92,317.05,54.82,334.01
47.06,258.36,260.33,229.52,271.45,311.78,58.18,340.62
42.36,269.92,256.96,223.90,274.40,305.19,59.79,351.21
41.22,271.17,255.49,225.93,272.40,306.05,58.13,351.28
45.94,271.02,256.42,224.70,274.35,306.21,63.87,352.52
50.43,269.53,256.80,226.41,273.88,308.14,67.51,351.26
44.62,271.02,253.95,225.95,271.89,309.27,62.56,354.35
47.27,265.43,255.45,231.05,269.36,315.27,61.19,349.65
46.01,263.47,257.98,231.81,270.67,316.76,58.69,348.42
46.60,263.10,257.83,232.43,270.24,317.91,59.01,348.57
48.12,259.73,259.40,234.69,269.20,317.37,57.92,342.40
50.90,262.60,254.32,228.38,269.09,316.17,65.67,350.40
63.73,245.93,264.31,239.68,266.91,322.84,66.32,329.09
60.48,247.23,264.69,240.04,267.60,322.57,63.39,329.76
62.70,242.18,266.62,241.51,266.89,323.81,62.97,324.48
58.03,241.49,266.54,238.89,267.58,322.21,59.07,324.81
60.72,239.50,267.92,239.09,268.08,322.96,60.88,323.37
67.30,239.24,269.44,235.53,271.02,321.33,68.88,325.04
60.11,236.03,287.02,237.71,286.40,321.96,59.49,320.28
65.86,236.74,316.13,236.03,316.37,319.68,66.09,320.39
70.02,235.44,317.13,236.53,316.77,318.96,69.66,317.87
66.97,238.20,321.23,230.62,323.71,313.85,69.44,321.43
68.84,234.20,325.04,234.52,324.94,315.23,68.74,314.91
69.45,233.80,319.75,231.74,320.43,314.88,70.14,316.94
69.33,231.58,322.64,230.28,323.07,314.38,69.76,315.68
71.49,225.45,303.10,234.64,299.75,318.92,68.14,309.73
69.97,230.26,316.24,229.19,316.60,312.53,70.33,313.60
71.25,225.23,318.05,231.06,316.08,314.75,69.28,308.92
70.16,227.31,319.07,226.34,319.39,310.65,70.49,311.63
63.12,232.06,325.02,219.31,329.23,305.76,67.33,318.51
76.80,211.37,318.84,241.10,308.75,323.27,66.70,293.54
78.77,212.18,315.89,238.07,306.22,326.62,69.11,300.73
75.28,226.39,336.92,225.31,337.29,312.43,75.64,313.51
73.36,232.15,344.25,213.11,350.46,301.48,79.57,320.52
74.38,226.12,355.88,224.79,356.29,311.36,74.79,312.70
77.93,228.26,357.42,222.41,359.30,312.14,79.81,317.99
75.05,232.07,353.66,215.25,359.20,307.08,80.59,323.90
87.58,234.47,353.28,219.36,358.38,309.10,92.69,324.21
94.46,233.74,354.75,220.18,359.46,310.69,99.18,324.26
108.38,228.50,365.99,229.48,365.65,317.67,108.04,316.68
118.60,224.60,373.33,233.13,370.42,319.95,115.69,311.41
124.97,224.58,381.68,235.05,378.08,323.20,121.37,312.72
130.55,216.56,402.58,247.61,392.80,333.30,120.77,302.25
134.74,214.60,407.25,250.44,396.07,335.50,123.56,299.66
143.47,214.80,408.91,251.59,397.21,336.03,131.76,299.23
144.86,215.29,406.80,248.97,395.90,333.76,133.96,300.08
145.27,213.42,407.87,252.09,395.53,335.85,132.93,297.18
152.73,212.70,408.02,252.02,395.28,334.76,139.98,295.44
151.60,213.08,408.75,249.25,397.17,331.60,140.01,295.44
156.33,212.28,408.99,247.35,397.62,329.29,144.95,294.22
154.00,212.30,416.61,247.66,405.71,328.59,143.11,293.24
155.93,218.41,420.38,238.46,414.35,317.95,149.90,297.89
153.64,224.37,424.37,223.27,424.70,304.37,153.97,305.47
157.63,224.35,427.00,225.60,426.65,303.03,157.27,301.79
157.90,221.87,428.67,229.47,426.51,306.35,155.74,298.74
157.71,220.74,433.15,228.31,431.04,305.29,155.59,297.72
157.64,225.58,426.52,223.28,427.20,302.70,158.32,305.00
162.92,221.22,425.45,222.23,425.14,302.92,162.61,301.91
162.93,218.68,428.74,221.10,427.98,303.75,162.18,301.33
164.23,217.79,427.82,220.19,427.07,301.74,163.48,299.34
168.54,216.06,428.42,225.13,425.60,305.82,165.72,296.75
169.89,213.49,430.06,227.11,425.80,308.42,165.63,294.80
171.29,214.64,428.41,225.38,424.94,308.32,167.83,297.59
174.09,215.13,427.89,223.52,425.16,306.20,171.36,297.80
173.93,217.92,425.74,220.20,424.98,303.63,173.18,301.35
176.60,217.77,426.96,220.26,426.13,303.83,175.77,301.34
183.38,218.14,430.66,223.14,429.01,304.70,181.74,299.71
192.87,214.18,430.96,224.94,427.22,307.66,189.13,296.89
199.64,211.29,434.57,226.83,429.14,309.00,194.20,293.46
202.42,216.08,434.65,219.58,433.41,301.95,201.18,298.46
204.05,216.43,438.00,219.06,437.08,301.02,203.13,298.40
205.14,219.29,441.75,214.08,443.56,296.30,206.95,301.50
210.55,217.73,440.38,215.98,441.02,299.61,211.18,301.36
209.58,219.38,444.23,213.05,446.48,296.70,211.83,303.02
210.54,222.52,440.52,212.31,444.26,296.51,214.28,306.73
211.22,219.12,440.80,214.66,442.39,296.64,212.81,301.10
213.40,217.90,438.47,215.67,439.30,299.42,214.23,301.65
212.65,221.59,441.34,212.44,444.71,296.65,216.02,305.80
216.64,216.41,438.02,216.13,438.12,299.95,216.75,300.23
217.67,219.81,440.60,213.14,443.13,297.98,220.21,304.65
216.59,217.74,441.18,215.81,441.89,298.59,217.30,300.52
219.18,219.20,442.95,214.20,444.87,300.16,221.10,305.15
219.68,222.74,453.94,210.18,458.59,296.85,224.32,309.41
223.70,222.34,455.24,210.40,459.58,294.54,228.04,306.48
220.93,222.54,456.26,209.44,461.08,296.07,225.75,309.16
222.61,218.96,457.71,212.23,460.08,295.03,224.98,301.77
221.04,220.57,458.42,210.91,461.88,295.78,224.49,305.44
223.57,222.16,457.27,210.38,461.58,295.85,227.88,307.63
224.62,219.43,456.04,211.41,459.04,298.03,227.62,306.04
224.16,219.95,457.51,210.43,461.00,295.95,227.65,305.48
228.04,217.10,459.70,212.37,461.45,297.87,229.79,302.60
225.80,219.30,458.88,210.43,462.15,296.53,229.08,305.40
226.15,219.08,455.78,210.59,459.01,297.89,229.38,306.39
226.86,217.71,457.82,211.75,460.07,299.03,229.12,305.00
227.44,219.63,460.29,210.02,463.90,297.50,231.06,307.12
227.53,219.14,456.57,210.53,459.84,297.34,230.79,305.95
229.92,218.98,456.37,209.90,459.90,297.86,233.44,306.94
229.71,214.61,453.55,212.77,454.26,299.57,230.42,301.41
226.80,222.78,459.62,207.57,465.42,296.38,232.60,311.58
229.43,220.22,456.94,207.91,461.77,297.29,234.27,309.61
225.85,216.76,464.55,211.20,466.58,298.68,227.89,304.24
227.92,219.13,464.44,208.65,468.38,297.64,231.86,308.12
231.34,221.96,460.33,208.18,465.64,296.49,236.66,310.27
231.05,222.38,460.46,207.32,466.35,297.06,236.94,312.12
227.44,221.36,456.14,208.05,461.32,296.99,232.62,310.30
226.03,222.71,462.04,204.76,468.94,295.57,232.94,313.53
226.45,224.83,458.61,203.60,466.90,294.25,234.74,315.48
227.23,225.17,462.11,201.96,471.22,294.12,236.34,317.33
228.94,226.21,465.85,200.85,475.52,291.13,238.60,316.50
226.18,223.93,463.95,201.77,472.40,292.50,234.63,314.66
226.59,223.28,462.78,201.84,471.05,292.92,234.85,314.36
226.84,224.50,463.87,201.45,472.79,293.17,235.76,316.22
227.37,220.62,463.10,201.78,470.42,293.44,234.70,312.28
228.21,224.32,462.51,202.09,471.04,291.98,236.74,314.21
228.00,227.12,463.35,200.94,473.36,290.88,238.00,317.06
229.33,223.82,463.46,201.65,472.14,293.38,238.02,315.55
228.50,221.66,462.15,201.93,470.02,295.12,236.37,314.85
229.68,220.32,463.23,201.41,470.81,295.07,237.27,313.99
228.27,222.40,464.21,201.47,472.41,293.88,236.47,314.81
229.54,220.45,463.53,201.12,471.24,294.41,237.25,313.74
230.52,218.51,463.97,201.45,470.94,296.72,237.49,313.79
230.55,216.51,463.61,201.70,469.89,300.48,236.83,315.28
230.19,219.01,462.45,201.96,469.51,298.16,237.26,315.22
229.14,222.91,460.86,200.04,470.38,296.38,238.65,319.25
228.78,225.23,462.88,198.21,474.08,295.26,239.99,322.28
228.43,225.77,463.35,196.70,475.46,294.58,240.54,323.65
228.11,223.23,463.69,196.95,474.88,297.23,239.30,323.51
228.45,224.38,464.26,196.15,476.03,294.41,240.21,322.63
228.32,218.80,464.17,197.56,473.33,299.25,237.48,320.49
226.17,222.72,464.27,196.90,474.77,293.69,236.67,319.51
227.38,216.93,462.21,197.85,470.55,300.47,235.72,319.55
228.30,223.34,463.76,196.88,474.75,294.68,239.29,321.14
227.18,223.68,464.32,197.29,475.32,296.10,238.17,322.49
225.88,229.49,458.80,196.09,473.21,296.54,240.29,329.95
226.79,225.55,464.04,195.97,476.40,295.12,239.15,324.70
231.90,223.00,459.85,197.44,471.37,300.20,243.42,325.76
226.48,228.50,463.58,194.29,478.08,294.83,240.98,329.04
228.76,225.36,463.87,195.75,476.33,294.67,241.22,324.28
228.31,225.57,462.18,195.76,475.28,298.54,241.41,328.35
227.43,224.01,467.52,194.96,479.92,297.43,239.84,326.49
230.49,218.86,467.06,196.07,477.00,299.31,240.44,322.10
233.14,218.32,466.21,196.35,476.27,303.04,243.19,325.01
230.37,212.94,468.67,197.24,475.74,304.52,237.44,320.22
225.39,216.48,467.83,198.10,475.66,301.32,233.21,319.70
227.64,200.07,469.36,200.12,469.33,307.03,227.62,306.98
235.45,202.26,468.90,200.71,469.62,309.45,236.17,311.00
231.69,193.53,471.74,199.83,468.94,306.43,228.89,300.13
231.45,197.89,477.04,198.61,476.72,307.39,231.13,306.67
244.63,194.27,467.69,201.29,464.24,310.85,241.18,303.82
230.54,206.47,478.65,197.25,482.60,303.58,234.49,312.80
232.01,208.09,471.76,196.15,477.02,301.77,237.27,313.71
231.06,212.25,478.59,195.80,485.55,300.60,238.02,317.05
232.14,199.40,477.03,200.35,476.61,308.56,231.72,307.60
244.14,175.23,465.66,216.07,445.72,324.22,224.20,283.39
250.50,176.60,494.26,216.47,476.38,325.77,232.63,285.90
235.49,184.75,500.11,207.32,491.16,312.22,226.54,289.65
234.78,179.00,500.32,210.29,487.54,318.76,222.00,287.46
232.82,192.14,488.89,199.06,486.08,302.98,230.01,296.06
223.60,229.96,469.09,170.22,494.73,275.58,249.24,335.32
225.13,234.63,462.73,165.41,493.98,272.68,256.38,341.90
223.70,233.32,459.53,165.67,490.62,274.02,254.78,341.68
223.05,230.64,461.67,165.55,491.55,275.12,252.93,340.21
225.60,232.30,461.79,164.90,492.91,273.93,256.72,341.33
228.77,230.99,461.73,165.45,492.78,275.79,259.82,341.33
230.08,230.63,462.60,165.93,493.20,275.88,260.68,340.59
228.21,233.98,461.89,165.77,493.43,273.82,259.75,342.03
231.20,226.83,463.71,166.03,492.46,276.00,259.96,336.79
232.01,230.98,462.60,164.44,494.18,273.85,263.58,340.40
234.63,229.82,455.61,166.83,487.19,277.60,266.20,340.59
233.88,233.28,450.64,166.53,484.03,274.98,267.28,341.73
232.00,238.45,451.22,164.99,486.33,269.77,267.12,343.23
232.47,238.68,451.14,164.56,486.80,269.77,268.13,343.88
232.76,237.45,452.48,164.53,487.59,270.34,267.88,343.26
235.29,238.99,448.81,165.42,484.86,270.06,271.35,343.63
235.21,240.04,451.31,162.22,489.00,266.90,272.90,344.71
234.97,239.89,451.28,163.86,487.59,267.16,271.28,343.19
233.00,241.57,450.59,162.33,488.27,265.79,270.68,345.04
233.05,242.00,450.12,162.50,487.83,265.44,270.76,344.94
232.82,242.08,451.63,162.88,488.47,264.64,269.65,343.84
233.12,241.93,452.83,162.35,489.70,264.17,270.00,343.75
234.00,241.53,452.54,161.98,489.79,264.32,271.25,343.87
232.93,242.22,453.50,162.99,489.79,264.01,269.21,343.24
232.78,242.30,453.04,162.64,489.79,264.26,269.53,343.92
232.53,242.15,455.52,162.39,491.79,263.82,268.80,343.57
230.97,243.61,454.71,163.70,490.57,264.10,266.83,344.01
232.45,244.25,453.77,162.40,490.69,262.25,269.37,344.09
232.36,243.18,455.08,163.15,491.13,263.47,268.41,343.51
233.79,243.46,454.14,163.26,490.50,263.15,270.15,343.35
234.47,243.51,453.91,164.03,489.87,263.29,270.42,342.77
235.55,243.55,453.21,163.26,490.18,263.46,272.52,343.76
234.49,244.55,453.19,163.90,489.19,261.53,270.50,342.18
226.76,247.68,457.52,162.04,494.31,261.19,263.56,346.83
233.81,245.10,454.11,162.87,491.19,262.21,270.89,344.44
234.09,245.25,454.76,163.26,491.47,262.04,270.79,344.04
234.50,245.37,452.86,163.39,490.01,262.35,271.65,344.33
233.52,246.15,448.14,164.70,485.68,263.63,271.07,345.07
232.68,246.51,451.94,163.35,489.57,262.57,270.31,345.73
234.05,245.94,448.38,164.79,485.88,263.85,271.55,345.00
234.91,246.98,452.78,161.74,491.33,260.27,273.46,345.51
235.04,247.53,453.36,160.92,492.23,258.88,273.91,345.49
233.26,247.96,454.53,161.55,492.68,259.24,271.41,345.66
233.90,247.63,453.43,162.13,491.58,260.10,272.05,345.60
234.57,247.08,452.54,163.20,490.41,261.59,272.44,345.47
235.17,247.54,453.14,162.53,491.20,260.12,273.24,345.13
234.01,247.86,452.84,162.16,491.51,260.90,272.68,346.60
235.85,247.84,453.38,162.92,491.22,259.85,273.69,344.77
235.57,247.51,453.63,162.66,491.73,260.59,273.68,345.44
234.16,248.37,453.68,162.66,492.08,261.00,272.56,346.71
236.36,247.08,454.09,163.51,491.56,261.13,273.82,344.69
235.66,249.12,452.61,161.27,492.00,258.53,275.05,346.38
234.81,249.46,452.17,162.86,490.82,259.86,273.46,346.47
236.30,248.74,453.43,162.16,492.03,258.95,274.90,345.53
236.17,249.40,453.82,160.08,493.91,257.75,276.25,347.08
235.81,249.06,456.13,161.31,494.91,258.68,274.59,346.43
237.92,247.98,452.96,162.58,491.68,260.07,276.64,345.47
233.54,249.21,455.18,161.17,494.27,259.57,272.62,347.61
235.36,248.76,453.84,162.08,492.33,259.08,273.84,345.76
237.06,248.55,452.56,161.93,491.79,259.55,276.29,346.16
236.78,248.26,453.35,162.53,491.81,259.70,275.25,345.43
237.44,248.67,453.43,162.21,492.14,258.93,276.16,345.38
233.63,249.16,453.83,162.70,492.24,260.55,272.04,347.00
237.06,248.93,454.55,162.57,492.82,258.97,275.34,345.32
237.33,248.19,450.36,163.24,489.55,261.54,276.52,346.48
237.38,248.54,454.06,162.43,492.64,259.51,275.96,345.62
237.59,248.83,452.51,161.78,492.33,260.10,277.41,347.15
237.34,248.66,453.15,162.76,491.75,259.73,275.94,345.63
236.52,249.25,453.40,161.98,492.84,259.99,275.96,347.26
237.08,248.87,453.28,162.03,493.12,261.21,276.93,348.05
236.87,249.57,453.30,161.79,492.98,259.61,276.54,347.39
239.07,249.45,452.45,161.30,493.02,259.50,279.64,347.65
237.40,249.19,452.97,162.88,492.21,260.88,276.63,347.20
238.39,249.32,453.81,162.30,493.18,259.76,277.76,346.78
238.10,249.36,454.00,161.64,494.22,260.62,278.32,348.35
242.38,248.30,454.30,161.70,494.88,261.02,282.96,347.62
238.49,249.51,454.16,162.16,493.98,260.47,278.30,347.82
238.47,248.59,454.29,163.33,492.75,260.69,276.94,345.95
237.88,250.56,455.54,160.46,496.07,258.38,278.41,348.47
238.01,249.29,456.57,162.54,495.01,259.37,276.45,346.12
236.85,241.70,459.19,174.68,488.44,271.74,266.11,338.76
236.43,236.16,467.22,180.62,490.83,278.74,260.04,334.27
235.09,234.42,471.25,182.30,492.77,279.79,256.60,331.91
239.85,231.07,472.37,185.18,491.58,282.48,259.06,328.38
238.37,231.78,473.35,184.98,492.82,282.75,257.85,329.55
241.16,230.14,472.80,186.12,491.52,284.66,259.88,328.68
242.33,231.18,472.78,184.83,492.57,283.20,262.12,329.55
243.25,230.43,472.75,186.02,491.87,284.84,262.36,329.24
244.35,230.47,474.01,185.52,493.24,283.78,263.59,328.74
243.28,230.30,474.62,186.46,493.17,284.32,261.82,328.16
249.48,230.49,473.34,185.96,492.84,283.97,268.98,328.50
251.40,230.08,475.28,187.09,494.06,284.91,270.18,327.89
252.08,229.65,476.15,188.13,494.11,285.05,270.03,326.57
257.19,225.73,478.20,190.66,493.62,287.80,272.60,322.87
257.24,221.02,484.36,197.39,494.18,291.84,267.07,315.46
260.07,210.34,495.54,207.04,496.86,300.89,261.39,304.19
260.63,207.86,506.24,209.21,505.72,302.22,260.12,300.87
270.08,208.06,508.68,207.89,508.75,299.93,270.15,300.10
270.02,196.36,512.12,220.43,503.02,311.98,260.92,287.91
270.90,193.80,524.27,223.22,513.75,313.87,260.38,284.45
271.22,191.69,522.02,224.26,510.15,315.65,259.35,283.07
268.14,209.12,515.99,208.72,516.13,297.87,268.28,298.26
282.08,190.03,521.46,226.32,507.73,316.86,268.36,280.57
279.72,193.71,519.63,221.95,508.82,313.75,268.92,285.51
281.65,193.14,514.55,222.34,502.92,315.12,270.02,285.92
306.26,185.50,518.91,229.67,498.90,326.06,286.24,281.90
307.61,193.11,517.39,224.46,503.09,320.14,293.31,288.79
299.77,209.16,519.61,210.53,519.05,301.88,299.21,300.52
299.06,223.00,509.51,193.07,522.70,285.84,312.26,315.77
302.37,223.58,509.20,194.14,522.34,286.45,315.51,315.89
302.21,224.65,509.39,194.09,523.00,286.37,315.82,316.94
312.34,215.27,518.10,209.17,520.84,301.72,315.08,307.81
316.63,214.27,522.98,213.21,523.45,303.58,317.10,304.64
318.57,212.32,536.69,215.37,535.43,305.97,317.30,302.92
320.58,214.76,555.78,212.59,556.62,303.83,321.42,306.00
320.18,221.64,548.04,193.54,559.43,285.87,331.57,313.97
327.89,216.88,550.86,196.69,559.10,287.68,336.13,307.87
334.19,207.00,554.18,207.39,554.02,299.23,334.02,298.84
338.98,205.71,555.15,211.02,552.94,301.30,336.76,295.99
343.31,207.50,557.05,207.71,556.96,298.67,343.22,298.46
347.28,212.68,554.74,202.90,559.03,293.94,351.57,303.73
349.42,207.01,554.61,204.48,555.73,295.35,350.54,297.87
355.04,208.48,556.04,203.48,558.30,294.44,357.30,299.43
358.56,205.55,557.17,206.04,556.95,296.30,358.34,295.82
360.04,207.66,556.20,202.87,558.44,294.53,362.28,299.33
361.47,209.00,556.21,202.37,559.31,293.56,364.57,300.18
363.21,212.25,557.70,197.86,564.50,289.74,370.01,304.13
365.28,215.10,554.46,193.87,564.93,287.13,375.75,308.36
364.33,216.63,555.95,193.54,567.17,286.62,375.55,309.71
367.64,219.05,553.42,194.65,565.37,285.63,379.59,310.04
371.23,223.56,551.88,195.13,566.15,285.77,385.50,314.20
379.73,217.16,561.95,216.46,562.28,303.98,380.07,304.67
387.51,217.97,563.86,216.97,564.36,306.76,388.02,307.76
392.60,231.04,558.60,209.85,570.33,301.70,404.33,322.89
400.05,220.16,568.09,219.18,568.66,316.47,400.62,317.45
416.71,222.16,570.49,221.72,570.77,320.12,416.98,320.56
432.21,233.20,579.44,231.44,580.59,327.23,433.35,328.99
444.56,226.91,595.33,244.77,584.60,335.33,433.83,317.47
458.31,230.27,606.22,254.78,592.39,338.22,444.48,313.71
468.97,234.55,609.89,253.52,599.18,333.05,458.27,314.08
469.24,267.38,529.18,215.68,614.95,315.12,555.01,366.82
483.19,269.31,528.00,222.17,614.28,304.19,569.47,351.32
481.99,271.24,518.62,223.48,618.90,300.39,582.27,348.15
490.62,268.52,529.16,225.94,615.91,304.44,577.37,347.02
496.49,261.33,540.95,225.10,614.26,315.09,569.80,351.31
505.06,271.11,543.78,235.40,617.23,315.04,578.51,350.75
538.20,246.90,732.20,246.90,732.20,331.20,538.20,331.20
550.00,248.50,746.50,248.50,746.50,330.50,550.00,330.50
520.83,288.54,779.89,227.19,788.19,262.26,529.14,323.61
785.62,223.34,796.42,261.09,535.51,335.74,524.71,298.00
788.06,225.39,798.07,259.71,534.71,336.55,524.70,302.23
555.08,264.57,796.42,229.59,802.81,273.70,561.47,308.68
721.25,247.46,807.62,223.12,822.63,276.39,736.25,300.72
718.96,242.07,833.18,227.24,840.64,284.73,726.43,299.56
716.76,239.01,854.43,233.10,856.86,289.55,719.18,295.46
716.99,235.19,863.37,236.02,863.03,295.45,716.65,294.62
720.21,229.74,867.90,237.98,864.45,299.76,716.77,291.53
716.60,227.79,868.85,236.98,865.03,300.29,712.77,291.10
718.01,227.03,876.38,239.03,871.64,301.60,713.27,289.60
715.27,225.90,870.57,236.33,866.19,301.44,710.90,291.01
714.57,225.16,872.29,237.34,867.33,301.54,709.61,289.36
716.08,218.03,885.04,244.65,874.81,309.63,705.85,283.01
718.73,214.96,892.14,251.78,878.46,316.20,705.05,279.38
719.74,214.95,892.51,249.88,878.98,316.81,706.21,281.88
716.72,214.01,892.50,251.61,878.47,317.21,702.69,279.62
716.97,214.73,898.95,252.62,885.03,319.49,703.05,281.60
724.23,208.57,912.90,270.92,891.51,335.65,702.84,273.30
723.93,212.12,911.84,263.19,893.88,329.29,705.97,278.23
721.94,207.70,916.04,268.06,895.76,333.26,701.66,272.90
726.68,212.15,920.98,257.63,904.64,327.45,710.34,281.96
729.07,215.21,921.33,251.35,908.01,322.23,715.74,286.09
729.76,210.24,921.56,249.12,906.64,322.72,714.85,283.84
731.19,209.58,923.08,248.72,907.51,325.08,715.61,285.93
734.39,208.63,922.65,248.51,906.30,325.66,718.05,285.78
729.82,204.77,922.67,248.31,905.30,325.24,712.45,281.70
732.24,205.26,926.04,248.43,908.62,326.64,714.82,283.47
732.90,207.64,929.47,244.40,914.40,324.99,717.83,288.23
734.71,206.36,935.13,246.25,919.25,326.00,718.84,286.11
731.54,205.75,948.39,249.29,932.85,326.70,716.00,283.16
734.36,208.77,952.78,240.21,940.48,325.66,722.06,294.23
734.33,210.21,953.45,239.07,942.18,324.60,723.07,295.73
739.70,210.34,952.49,237.14,941.57,323.83,728.79,297.03
739.66,210.77,954.13,235.77,943.99,322.71,729.53,297.71
739.26,210.24,953.83,232.35,944.57,322.20,730.00,300.10
740.57,210.13,968.36,233.60,959.19,322.65,731.40,299.19
746.50,208.52,969.68,235.32,958.93,324.81,735.75,298.00
769.72,188.88,981.36,261.16,951.51,348.56,739.87,276.28
762.51,190.94,986.68,254.79,958.86,352.45,734.69,288.61
