628.00,372.00,781.00,372.00,781.00,277.00,628.00,277.00
630.56,372.89,783.00,372.89,783.00,277.44,630.56,277.44
633.11,373.78,785.00,373.78,785.00,277.89,633.11,277.89
635.67,374.67,787.00,374.67,787.00,278.33,635.67,278.33
638.22,375.56,789.00,375.56,789.00,278.78,638.22,278.78
640.78,376.44,791.00,376.44,791.00,279.22,640.78,279.22
643.33,377.33,793.00,377.33,793.00,279.67,643.33,279.67
645.89,378.22,795.00,378.22,795.00,280.11,645.89,280.11
648.44,379.11,797.00,379.11,797.00,280.56,648.44,280.56
651.00,380.00,799.00,380.00,799.00,281.00,651.00,281.00
651.43,380.43,800.86,380.43,800.86,281.86,651.43,281.86
651.86,380.86,802.71,380.86,802.71,282.71,651.86,282.71
652.29,381.29,804.57,381.29,804.57,283.57,652.29,283.57
652.71,381.71,806.43,381.71,806.43,284.43,652.71,284.43
653.14,382.14,808.29,382.14,808.29,285.29,653.14,285.29
653.57,382.57,810.14,382.57,810.14,286.14,653.57,286.14
654.00,383.00,812.00,383.00,812.00,287.00,654.00,287.00
653.43,384.86,814.57,384.86,814.57,286.71,653.43,286.71
652.86,386.71,817.14,386.71,817.14,286.43,652.86,286.43
652.29,388.57,819.71,388.57,819.71,286.14,652.29,286.14
651.71,390.43,822.29,390.43,822.29,285.86,651.71,285.86
651.14,392.29,824.86,392.29,824.86,285.57,651.14,285.57
650.57,394.14,827.43,394.14,827.43,285.29,650.57,285.29
650.00,396.00,830.00,396.00,830.00,285.00,650.00,285.00
651.50,396.83,829.83,396.83,829.83,287.50,651.50,287.50
653.00,397.67,829.67,397.67,829.67,290.00,653.00,290.00
654.50,398.50,829.50,398.50,829.50,292.50,654.50,292.50
656.00,399.33,829.33,399.33,829.33,295.00,656.00,295.00
657.50,400.17,829.17,400.17,829.17,297.50,657.50,297.50
659.00,401.00,829.00,401.00,829.00,300.00,659.00,300.00
659.00,402.17,829.67,402.17,829.67,301.00,659.00,301.00
659.00,403.33,830.33,403.33,830.33,302.00,659.00,302.00
659.00,404.50,831.00,404.50,831.00,303.00,659.00,303.00
659.00,405.67,831.67,405.67,831.67,304.00,659.00,304.00
659.00,406.83,832.33,406.83,832.33,305.00,659.00,305.00
659.00,408.00,833.00,408.00,833.00,306.00,659.00,306.00
656.12,409.38,831.12,409.38,831.12,305.75,656.12,305.75
653.25,410.75,829.25,410.75,829.25,305.50,653.25,305.50
650.38,412.12,827.38,412.12,827.38,305.25,650.38,305.25
647.50,413.50,825.50,413.50,825.50,305.00,647.50,305.00
644.62,414.88,823.62,414.88,823.62,304.75,644.62,304.75
641.75,416.25,821.75,416.25,821.75,304.50,641.75,304.50
638.88,417.62,819.88,417.62,819.88,304.25,638.88,304.25
636.00,419.00,818.00,419.00,818.00,304.00,636.00,304.00
631.53,416.46,818.30,421.65,821.07,307.73,634.29,302.55
627.07,413.93,818.61,424.30,824.13,311.47,632.59,301.10
622.60,411.40,818.91,426.95,827.20,315.20,630.89,299.65
618.14,408.86,819.22,429.60,830.26,318.94,629.18,298.20
613.67,406.33,819.52,432.26,833.33,322.67,627.48,296.74
612.84,406.80,819.37,432.56,833.21,321.39,626.68,295.62
612.00,407.27,819.21,432.87,833.09,320.10,625.88,294.49
611.16,407.74,819.05,433.18,832.97,318.81,625.08,293.36
610.33,408.21,818.90,433.49,832.85,317.52,624.29,292.24
609.49,408.68,818.74,433.80,832.74,316.23,623.49,291.11
608.65,409.15,818.58,434.11,832.62,314.95,622.69,289.98
606.98,409.62,817.59,434.41,831.67,313.66,621.06,288.86
605.31,410.09,816.60,434.72,830.72,312.37,619.43,287.73
603.64,410.56,815.61,435.03,829.77,311.08,617.80,286.61
601.97,411.02,814.62,435.34,828.82,309.79,616.17,285.48
600.30,411.49,813.63,435.65,827.86,308.51,614.54,284.35
598.63,411.96,812.64,435.96,826.91,307.22,612.91,283.23
598.29,412.43,812.98,436.26,827.30,305.93,612.61,282.10
597.96,412.90,813.33,436.57,827.68,304.64,612.31,280.97
597.62,413.38,813.67,436.88,828.06,303.35,612.01,279.85
597.28,413.85,814.01,437.19,828.44,302.06,611.71,278.72
596.95,414.32,814.36,437.50,828.83,300.78,611.42,277.59
596.61,414.78,814.70,437.81,829.21,299.49,611.12,276.47
596.27,415.25,815.04,438.11,829.59,298.20,610.82,275.34
595.94,415.72,815.39,438.42,829.97,296.91,610.52,274.21
595.60,416.19,815.73,438.73,830.35,295.62,610.23,273.09
595.26,416.66,816.07,439.04,830.74,294.34,609.93,271.96
594.33,415.34,816.38,439.71,832.32,294.30,610.27,269.93
593.39,414.01,816.69,440.39,833.91,294.27,610.61,267.90
592.46,412.69,817.00,441.06,835.50,294.24,610.96,265.87
591.52,411.36,817.31,441.73,837.09,294.21,611.30,263.84
590.58,410.04,817.62,442.41,838.68,294.18,611.64,261.81
589.90,409.74,818.18,444.11,840.52,295.18,612.24,260.81
589.21,409.45,818.73,445.82,842.35,296.19,612.83,259.82
588.53,409.16,819.29,447.53,844.19,297.19,613.42,258.82
587.84,408.86,819.85,449.23,846.03,298.19,614.02,257.82
586.58,408.97,819.84,451.33,847.30,299.59,614.04,257.22
585.32,409.07,819.83,453.43,848.57,300.98,614.06,256.62
584.07,409.17,819.82,455.53,849.83,302.38,614.08,256.01
582.81,409.27,819.80,457.63,851.10,303.77,614.10,255.41
581.90,409.52,820.14,459.88,852.72,305.32,614.48,254.96
580.99,409.77,820.48,462.13,854.33,306.86,614.85,254.50
580.09,410.02,820.82,464.38,855.95,308.41,615.22,254.05
579.18,410.27,821.15,466.63,857.57,309.96,615.59,253.60
578.27,410.52,821.49,468.88,859.18,311.50,615.96,253.14
577.36,411.17,821.83,471.53,860.80,313.45,616.34,253.09
576.46,411.82,822.16,474.18,862.42,315.39,616.71,253.03
575.55,412.47,822.50,476.83,864.03,317.34,617.08,252.98
574.64,413.12,822.84,479.48,865.65,319.28,617.45,252.93
573.73,413.77,823.18,482.13,867.27,321.23,617.82,252.87
574.73,413.12,822.84,481.27,867.01,320.54,618.90,252.39
575.73,412.47,822.51,480.42,866.76,319.85,619.98,251.90
576.73,411.82,822.18,479.57,866.51,319.16,621.06,251.41
577.73,411.17,821.85,478.72,866.25,318.48,622.14,250.93
578.73,410.52,821.52,477.87,866.00,317.79,623.21,250.44
577.08,410.64,821.43,478.75,866.62,316.92,622.28,248.81
575.43,410.76,821.34,479.63,867.25,316.05,621.34,247.18
573.78,410.88,821.25,480.51,867.88,315.19,620.40,245.56
572.12,410.99,821.16,481.39,868.51,314.32,619.46,243.93
570.47,411.11,821.08,482.27,869.13,313.45,618.53,242.30
568.63,411.49,820.80,483.41,869.57,312.85,617.40,240.93
566.79,411.87,820.53,484.55,870.01,312.25,616.28,239.57
564.95,412.26,820.25,485.70,870.45,311.64,615.15,238.20
563.11,412.64,819.97,486.84,870.89,311.04,614.03,236.84
561.27,413.02,819.70,487.98,871.33,310.44,612.90,235.47
558.56,413.40,818.55,489.12,870.90,309.83,610.91,234.11
555.85,413.78,817.40,490.27,870.47,309.23,608.91,232.74
553.13,414.16,816.26,491.41,870.03,308.63,606.91,231.37
550.42,414.54,815.11,492.55,869.60,308.02,604.91,230.01
547.71,414.92,813.96,493.70,869.17,307.42,602.91,228.64
545.00,415.30,812.81,494.84,868.73,306.82,600.92,227.28
542.28,415.68,811.66,495.98,868.30,306.21,598.92,225.91
539.57,416.06,810.52,497.12,867.87,305.61,596.92,224.54
536.86,416.44,809.37,498.27,867.43,305.00,594.92,223.18
534.15,416.82,808.22,499.41,867.00,304.40,592.93,221.81
531.43,417.20,807.07,500.55,866.57,303.80,590.93,220.45
529.63,418.23,807.11,503.03,867.90,304.24,590.41,219.44
527.83,419.26,807.16,505.51,869.23,304.68,589.90,218.43
526.02,420.29,807.20,507.99,870.57,305.12,589.39,217.42
524.22,421.32,807.25,510.47,871.90,305.56,588.87,216.41
522.41,422.35,807.29,512.95,873.23,306.00,588.36,215.40
521.28,423.38,808.00,515.43,875.23,306.44,588.51,214.39
520.14,424.41,808.71,517.91,877.23,306.88,588.66,213.38
519.00,425.44,809.42,520.40,879.23,307.32,588.81,212.37
517.87,426.47,810.13,522.88,881.23,307.76,588.96,211.36
516.86,427.00,810.97,524.86,883.35,307.70,589.24,209.85
515.84,427.53,811.80,526.84,885.48,307.64,589.52,208.34
514.83,428.06,812.64,528.82,887.60,307.58,589.80,206.83
513.82,428.59,813.48,530.80,889.73,307.52,590.07,205.32
514.81,430.12,816.31,533.78,893.85,308.47,592.35,204.81
515.80,431.65,819.15,536.76,897.98,309.41,594.63,204.30
516.78,433.18,821.98,539.74,902.10,310.35,596.90,203.79
517.77,434.71,824.82,542.72,906.23,311.29,599.18,203.28
517.60,434.11,828.41,543.90,910.53,311.49,599.72,201.69
517.42,433.50,832.01,545.08,914.84,311.68,600.26,200.10
517.25,432.89,835.60,546.26,919.15,311.88,600.80,198.51
517.08,432.28,839.20,547.44,923.46,312.08,601.33,196.93
516.90,431.68,842.79,548.62,927.76,312.28,601.87,195.34
515.00,432.17,844.55,550.77,930.13,313.47,600.58,194.88
513.09,432.67,846.30,552.91,932.49,314.66,599.28,194.42
511.19,433.17,848.06,555.06,934.85,315.85,597.98,193.96
509.28,433.67,849.82,557.21,937.22,317.05,596.68,193.50
507.13,434.56,852.65,557.95,939.43,315.85,593.91,192.45
504.98,435.44,855.48,558.70,941.64,314.65,591.13,191.40
502.83,436.33,858.32,559.44,943.84,313.45,588.36,190.35
500.68,437.22,861.15,560.18,946.05,312.26,585.58,189.29
498.53,438.11,863.99,560.92,948.26,311.06,582.80,188.24
493.94,440.75,868.21,565.96,953.59,311.54,579.33,186.33
489.36,443.38,872.42,570.99,958.92,312.02,575.86,184.42
484.77,446.02,876.64,576.02,964.25,312.50,572.38,182.51
480.19,448.66,880.86,581.05,969.58,312.98,568.91,180.60
475.60,451.30,885.08,586.08,974.91,313.46,565.44,178.68
471.01,453.93,889.29,591.11,980.24,313.95,561.96,176.77
466.43,456.57,893.51,596.14,985.57,314.43,558.49,174.86
468.81,460.06,894.51,600.85,988.39,317.08,562.70,176.29
471.20,463.55,895.50,605.57,991.20,319.73,566.90,177.71
473.58,467.04,896.49,610.28,994.02,322.38,571.10,179.13
475.97,470.52,897.49,614.99,996.83,325.03,575.31,180.56
478.35,474.01,898.48,619.71,999.65,327.68,579.52,181.99
476.51,479.61,900.45,624.82,1002.24,327.12,578.30,181.91
474.67,485.21,902.41,629.93,1004.83,326.56,577.09,181.84
472.83,490.80,904.37,635.04,1007.42,326.01,575.88,181.76
470.99,496.40,906.33,640.16,1010.01,325.45,574.67,181.69
471.65,500.50,910.79,643.77,1015.10,323.39,575.96,180.12
472.31,504.59,915.25,647.38,1020.19,321.33,577.25,178.54
472.97,508.69,919.71,650.99,1025.28,319.27,578.54,176.97
473.63,512.79,924.17,654.60,1030.37,317.21,579.83,175.40
478.24,520.29,928.42,655.73,1029.77,311.36,579.58,175.92
482.85,527.80,932.68,656.87,1029.17,305.50,579.34,176.44
487.45,535.31,936.94,658.00,1028.57,299.64,579.09,176.96
492.06,542.82,941.19,659.13,1027.97,293.79,578.84,177.48
496.67,550.33,945.45,660.26,1027.38,287.93,578.59,178.00
511.39,578.86,935.79,658.27,988.65,263.15,564.24,183.74
536.51,213.58,939.52,213.58,939.52,632.17,536.51,632.17
535.53,195.21,540.83,635.91,916.48,654.29,911.18,213.59
521.18,200.95,555.55,664.44,906.83,652.30,872.45,188.81
570.28,692.97,897.17,650.32,833.72,164.03,506.83,206.68
523.80,218.69,599.18,693.19,927.20,640.81,851.82,166.31
628.09,693.41,957.22,631.31,869.91,168.59,540.78,230.69
540.08,219.64,628.74,694.32,931.25,637.69,842.60,163.02
539.38,208.60,629.39,695.22,905.29,644.07,815.28,157.45
630.03,696.13,879.32,650.45,787.97,151.87,538.68,197.55
530.37,198.08,653.35,703.70,907.13,641.92,784.15,136.30
676.66,711.27,934.93,633.39,780.34,120.73,522.07,198.62
687.66,673.85,870.83,651.54,806.34,122.15,623.17,144.46
687.99,689.60,883.54,666.49,821.01,137.40,625.46,160.51
669.35,668.28,888.59,657.95,863.65,128.72,644.41,139.05
654.63,148.31,676.01,666.59,877.87,658.19,856.49,139.91
682.66,664.91,867.15,658.43,849.34,151.09,664.85,157.57
678.19,662.83,893.17,655.14,874.81,142.17,659.83,149.87
718.28,685.02,895.99,660.99,824.72,133.98,647.01,158.01
711.84,672.73,903.89,656.85,863.16,164.27,671.11,180.15
666.15,178.81,712.08,699.63,920.85,681.19,874.92,160.37
712.33,726.53,937.82,705.53,886.67,156.47,661.18,177.47
668.23,189.72,723.62,722.24,925.77,701.61,870.38,169.09
675.28,201.97,734.91,717.96,913.72,697.70,854.09,181.71
746.21,713.66,901.68,693.78,837.79,194.34,682.32,214.22
680.23,223.07,744.98,720.67,901.77,700.26,837.02,202.66
678.14,231.93,743.74,727.67,901.86,706.74,836.26,210.99
742.51,734.68,901.96,713.22,835.49,219.32,676.04,240.78
688.70,242.52,733.01,727.45,902.64,713.15,858.33,228.21
701.35,244.26,723.50,720.23,903.32,713.07,881.16,237.11
714.00,713.00,904.00,713.00,904.00,246.00,714.00,246.00
724.00,715.00,899.00,715.00,899.00,254.00,724.00,254.00
719.72,716.75,879.25,719.55,889.28,258.58,729.75,255.79
715.44,718.50,859.51,724.09,879.56,263.17,735.49,257.57
711.16,720.25,839.76,728.64,869.84,267.75,741.24,259.36
715.33,717.48,857.11,723.78,880.02,271.78,738.24,265.48
719.50,714.71,874.47,718.92,890.21,275.82,735.24,271.61
715.48,710.69,866.44,715.74,885.34,276.21,734.37,271.17
711.46,706.66,858.42,712.55,880.46,276.61,733.50,270.72
707.44,702.64,850.39,709.37,875.59,277.01,732.64,270.28
703.43,698.62,842.37,706.19,870.71,277.40,731.77,269.83
699.41,694.59,834.35,703.01,865.84,277.80,730.90,269.39
695.39,690.57,826.32,699.82,860.96,278.20,730.03,268.94
691.37,686.55,818.30,696.64,856.09,278.59,729.16,268.50
687.36,682.52,810.28,693.46,851.21,278.99,728.29,268.05
683.34,678.50,802.25,690.27,846.34,279.38,727.42,267.61
679.32,674.47,794.23,687.09,841.46,279.78,726.55,267.16
675.30,670.45,786.21,683.91,836.59,280.18,725.69,266.72
671.29,666.43,778.18,680.73,831.71,280.57,724.82,266.27
662.27,675.34,774.65,689.98,829.07,272.67,716.68,258.02
653.25,684.24,771.12,699.24,826.42,264.76,708.54,249.76
644.23,693.15,767.59,708.50,823.77,256.85,700.41,241.50
643.27,687.11,765.24,701.06,816.31,253.74,694.34,239.79
642.31,681.06,762.88,693.62,808.84,250.63,688.27,238.08
641.35,675.02,760.52,686.18,801.38,247.52,682.20,236.37
644.30,665.02,762.08,674.78,797.83,240.46,680.05,230.70
647.26,655.02,763.64,663.39,794.28,233.39,677.90,225.02
650.22,645.01,765.20,651.99,790.74,226.33,675.75,219.35
653.17,635.01,766.76,640.59,787.19,219.26,673.60,213.68
655.63,626.51,767.82,630.69,783.14,213.70,670.95,209.51
658.09,618.01,768.88,620.79,779.09,208.13,668.30,205.34
660.54,609.50,769.94,610.90,775.05,202.57,665.65,201.17
663.00,601.00,771.00,601.00,771.00,197.00,663.00,197.00
660.32,596.07,772.46,596.07,772.46,198.36,660.32,198.36
657.64,591.14,773.93,591.14,773.93,199.71,657.64,199.71
654.97,586.22,775.39,586.22,775.39,201.07,654.97,201.07
652.29,581.29,776.86,581.29,776.86,202.43,652.29,202.43
650.66,575.91,779.37,575.91,779.37,203.34,650.66,203.34
649.03,570.53,781.89,570.53,781.89,204.24,649.03,204.24
647.40,565.15,784.40,565.15,784.40,205.15,647.40,205.15
645.77,559.77,786.91,559.77,786.91,206.06,645.77,206.06
644.14,559.81,789.43,559.81,789.43,212.38,644.14,212.38
642.51,559.85,791.94,559.85,791.94,218.71,642.51,218.71
640.89,559.89,794.46,559.89,794.46,225.03,640.89,225.03
639.26,559.92,796.97,559.92,796.97,231.35,639.26,231.35
637.63,559.96,799.49,559.96,799.49,237.68,637.63,237.68
636.00,560.00,802.00,560.00,802.00,244.00,636.00,244.00
635.82,256.09,645.59,570.38,811.85,564.91,802.08,250.62
635.63,268.17,655.17,580.77,821.70,569.83,802.16,257.23
635.45,280.26,664.76,591.15,831.55,574.74,802.24,263.85
635.27,292.35,674.35,601.53,841.40,579.65,802.32,270.46
635.08,304.44,683.93,611.92,851.25,584.56,802.40,277.08
634.90,316.53,693.52,622.30,861.10,589.47,802.48,283.70
631.22,326.11,699.61,630.19,867.45,591.89,799.06,287.81
627.53,335.70,705.69,638.07,873.80,594.30,795.64,291.93
711.78,645.95,880.15,596.71,792.22,296.05,623.85,345.29
719.90,681.39,898.33,617.13,790.10,316.61,611.67,380.87
616.39,379.16,703.79,688.91,900.94,635.17,813.54,325.42
621.11,377.46,687.70,696.43,903.55,653.21,836.97,334.23
671.60,703.96,906.17,671.25,860.40,343.05,625.83,375.75
709.44,726.46,916.18,669.14,827.56,349.54,620.82,406.86
623.64,407.97,714.66,727.46,928.36,666.53,837.34,347.04
719.89,728.46,940.53,663.92,847.11,344.54,626.47,409.08
725.86,714.52,944.09,666.80,875.14,351.48,656.91,399.20
659.93,399.16,715.09,711.02,945.87,672.84,890.71,360.98
662.95,399.12,704.32,707.51,947.65,678.88,906.28,370.49
665.97,399.08,693.54,704.01,949.43,684.92,921.86,379.99
668.98,399.04,682.77,700.50,951.22,690.96,937.43,389.50
672.00,697.00,953.00,697.00,953.00,399.00,672.00,399.00
669.63,404.03,953.70,404.03,953.70,688.30,669.63,688.30
656.26,429.89,679.75,699.94,965.40,658.78,941.92,388.72
648.40,445.33,683.62,701.42,971.60,639.67,936.38,383.58
640.53,460.77,687.49,702.89,977.81,620.56,930.84,378.45
632.66,476.21,691.37,704.36,984.01,601.45,925.30,373.31
624.79,491.66,695.24,705.83,990.21,582.34,919.76,368.17
616.92,507.10,699.11,707.30,996.41,563.23,914.22,363.03
609.05,522.54,702.98,708.78,1002.61,544.12,908.68,357.89
601.18,537.98,706.86,710.25,1008.82,525.02,903.14,352.75
613.79,500.99,684.24,692.83,1015.88,569.34,945.43,377.50
626.40,463.99,661.62,675.42,1022.94,613.67,987.71,402.25
639.00,658.00,1030.00,658.00,1030.00,427.00,639.00,427.00
628.88,447.20,663.39,665.37,1046.62,603.30,1012.11,385.13
615.38,442.86,648.34,663.32,1050.62,602.47,1017.66,382.01
601.88,438.53,633.28,661.28,1054.62,601.64,1023.22,378.89
618.23,659.23,1058.62,600.81,1028.77,375.77,588.38,434.19
